NO_OF_FRAMES	638
NO_OF_CAMERAS	16
NO_OF_MARKERS	71
FREQUENCY	400
NO_OF_ANALOG	0
ANALOG_FREQUENCY	0
DESCRIPTION	--
TIME_STAMP	2020-08-07, 12:52:50.014	3307.37193418
DATA_INCLUDED	3D
MARKER_NAMES	R_illiac	R_troch	R_asis	L_illiac	L_troch	L_asis	R_PSIS	Sacrum	L_PSIS	R_thigh1	R_thigh2	R_thigh3	R_thigh4	RL_knee	RM_Knee	R_shank1	R_shank2	R_shank3	R_shank4	R_heel	RL_ankle	RM_ankle	R_Metatarsal5	R_Metatarsal1	L_thigh1	L_thigh2	L_thigh3	L_thigh4	LL_knee	LM_Knee	L_shank1	L_shank2	L_shank3	L_shank4	L_heel	LL_ankle	LM_Ankle	L_Metatarsal5	L_Metatarsal1	Back_down	Neck	Back_right	Back_left	Head_up	Head_front	Head_left	Head_right	R_shoulder	R_humerus1	R_humerus2	R_humerus3	Rl_elbow	RM_elbow	R_radius1	R_radius2	R_radius3	RL_wrist	Rm_wrist	R_hand	L_shoulder	L_humerus1	L_humerus2	L_humerus3	LL_elbow	LM_elbow	L_radius1	L_radius2	L_radius3	LL_wrist	Lm_wrist	L_hand
R_illiac X	R_illiac Y	R_illiac Z	R_troch X	R_troch Y	R_troch Z	R_asis X	R_asis Y	R_asis Z	L_illiac X	L_illiac Y	L_illiac Z	L_troch X	L_troch Y	L_troch Z	L_asis X	L_asis Y	L_asis Z	R_PSIS X	R_PSIS Y	R_PSIS Z	Sacrum X	Sacrum Y	Sacrum Z	L_PSIS X	L_PSIS Y	L_PSIS Z	R_thigh1 X	R_thigh1 Y	R_thigh1 Z	R_thigh2 X	R_thigh2 Y	R_thigh2 Z	R_thigh3 X	R_thigh3 Y	R_thigh3 Z	R_thigh4 X	R_thigh4 Y	R_thigh4 Z	RL_knee X	RL_knee Y	RL_knee Z	RM_Knee X	RM_Knee Y	RM_Knee Z	R_shank1 X	R_shank1 Y	R_shank1 Z	R_shank2 X	R_shank2 Y	R_shank2 Z	R_shank3 X	R_shank3 Y	R_shank3 Z	R_shank4 X	R_shank4 Y	R_shank4 Z	R_heel X	R_heel Y	R_heel Z	RL_ankle X	RL_ankle Y	RL_ankle Z	RM_ankle X	RM_ankle Y	RM_ankle Z	R_Metatarsal5 X	R_Metatarsal5 Y	R_Metatarsal5 Z	R_Metatarsal1 X	R_Metatarsal1 Y	R_Metatarsal1 Z	L_thigh1 X	L_thigh1 Y	L_thigh1 Z	L_thigh2 X	L_thigh2 Y	L_thigh2 Z	L_thigh3 X	L_thigh3 Y	L_thigh3 Z	L_thigh4 X	L_thigh4 Y	L_thigh4 Z	LL_knee X	LL_knee Y	LL_knee Z	LM_Knee X	LM_Knee Y	LM_Knee Z	L_shank1 X	L_shank1 Y	L_shank1 Z	L_shank2 X	L_shank2 Y	L_shank2 Z	L_shank3 X	L_shank3 Y	L_shank3 Z	L_shank4 X	L_shank4 Y	L_shank4 Z	L_heel X	L_heel Y	L_heel Z	LL_ankle X	LL_ankle Y	LL_ankle Z	LM_Ankle X	LM_Ankle Y	LM_Ankle Z	L_Metatarsal5 X	L_Metatarsal5 Y	L_Metatarsal5 Z	L_Metatarsal1 X	L_Metatarsal1 Y	L_Metatarsal1 Z	Back_down X	Back_down Y	Back_down Z	Neck X	Neck Y	Neck Z	Back_right X	Back_right Y	Back_right Z	Back_left X	Back_left Y	Back_left Z	Head_up X	Head_up Y	Head_up Z	Head_front X	Head_front Y	Head_front Z	Head_left X	Head_left Y	Head_left Z	Head_right X	Head_right Y	Head_right Z	R_shoulder X	R_shoulder Y	R_shoulder Z	R_humerus1 X	R_humerus1 Y	R_humerus1 Z	R_humerus2 X	R_humerus2 Y	R_humerus2 Z	R_humerus3 X	R_humerus3 Y	R_humerus3 Z	Rl_elbow X	Rl_elbow Y	Rl_elbow Z	RM_elbow X	RM_elbow Y	RM_elbow Z	R_radius1 X	R_radius1 Y	R_radius1 Z	R_radius2 X	R_radius2 Y	R_radius2 Z	R_radius3 X	R_radius3 Y	R_radius3 Z	RL_wrist X	RL_wrist Y	RL_wrist Z	Rm_wrist X	Rm_wrist Y	Rm_wrist Z	R_hand X	R_hand Y	R_hand Z	L_shoulder X	L_shoulder Y	L_shoulder Z	L_humerus1 X	L_humerus1 Y	L_humerus1 Z	L_humerus2 X	L_humerus2 Y	L_humerus2 Z	L_humerus3 X	L_humerus3 Y	L_humerus3 Z	LL_elbow X	LL_elbow Y	LL_elbow Z	LM_elbow X	LM_elbow Y	LM_elbow Z	L_radius1 X	L_radius1 Y	L_radius1 Z	L_radius2 X	L_radius2 Y	L_radius2 Z	L_radius3 X	L_radius3 Y	L_radius3 Z	LL_wrist X	LL_wrist Y	LL_wrist Z	Lm_wrist X	Lm_wrist Y	Lm_wrist Z	L_hand X	L_hand Y	L_hand Z	
268.810	556.887	1105.054	291.820	572.732	926.462	183.006	519.429	1055.126	266.935	218.283	1096.294	269.067	202.685	950.877	187.134	254.030	1047.165	377.415	443.731	1073.097	383.498	385.114	1093.457	381.295	331.875	1070.751	315.670	574.971	809.807	239.797	589.295	813.523	242.689	589.322	689.037	309.916	576.273	685.477	264.581	567.350	516.558	274.059	435.269	494.344	354.938	581.315	399.242	283.106	579.805	390.481	305.639	583.617	282.430	364.878	583.890	293.561	429.477	532.783	78.178	382.735	569.194	104.461	354.452	482.573	102.763	212.630	597.552	34.121	205.464	503.126	38.921	300.268	195.421	792.516	224.236	200.312	791.952	229.451	199.539	668.892	289.994	194.905	665.804	289.282	202.916	519.617	286.882	325.239	475.039	355.575	182.142	374.387	281.646	210.648	370.928	297.191	208.359	264.337	356.098	189.553	265.904	428.120	240.165	68.270	372.186	205.497	100.790	344.211	299.304	106.791	209.251	188.168	36.106	196.025	266.812	41.648	381.639	387.483	1221.367	372.603	388.087	1553.122	416.890	471.869	1391.952	412.109	309.505	1378.488	264.201	388.473	1825.190	130.331	361.009	1752.287	245.271	285.956	1720.062	212.951	479.713	1735.557	284.246	572.084	1548.632	264.403	668.612	1372.099	367.117	705.094	1446.826	343.229	735.317	1348.735	353.290	770.780	1292.321	427.675	692.430	1264.995	286.767	668.527	1227.350	329.913	781.811	1176.458	286.973	699.472	1131.175	311.861	600.688	1087.754	252.975	669.500	1060.976	231.358	609.635	1063.810	289.913	213.588	1558.437	250.955	126.804	1373.883	342.305	55.390	1435.489	313.035	52.587	1337.163	335.669	0.841	1266.838	414.723	76.491	1254.582	339.012	129.680	1226.686	277.304	25.984	1205.497	289.389	103.977	1139.944	291.453	173.190	1070.882	259.677	101.388	1022.161	230.259	156.860	1037.041
268.805	556.917	1105.097	291.939	572.727	926.478	183.066	519.329	1055.069	267.057	218.238	1096.371	270.163	202.308	952.086	187.261	254.016	1047.202	378.317	444.117	1073.866	383.979	385.127	1093.670	381.435	331.885	1070.859	315.791	574.926	809.741	239.935	589.259	813.481	242.716	589.299	689.015	309.934	576.229	685.391	264.383	567.354	516.516	273.701	435.259	494.317	354.773	581.261	399.246	282.905	579.784	390.468	305.495	583.584	282.390	364.727	583.848	293.555	429.454	532.777	78.181	382.707	569.173	104.493	354.443	482.553	102.781	212.610	597.558	34.125	205.456	503.129	38.938	300.410	195.430	792.474	224.397	200.298	791.949	229.550	199.498	668.870	290.084	194.870	665.776	289.329	202.901	519.598	286.843	325.244	475.017	355.564	182.156	374.367	281.596	210.644	370.877	297.166	208.371	264.310	356.090	189.572	265.863	428.125	240.177	68.287	372.193	205.491	100.790	344.162	299.297	106.718	209.247	188.170	36.129	196.027	266.814	41.724	381.618	387.530	1221.464	372.379	388.093	1553.189	416.707	471.858	1392.010	411.899	309.486	1378.561	263.898	388.467	1825.178	130.110	361.035	1752.333	244.962	285.972	1720.058	212.633	479.732	1735.598	283.998	572.117	1548.688	264.202	668.332	1371.833	366.824	705.108	1446.651	343.029	735.057	1348.461	353.163	770.435	1291.987	427.510	692.027	1264.873	286.613	668.189	1226.956	330.001	781.389	1176.028	286.994	699.087	1130.733	311.817	600.281	1087.425	253.013	669.112	1060.546	231.338	609.352	1063.560	289.613	213.571	1558.459	250.778	127.059	1373.571	341.997	55.406	1435.160	312.772	52.870	1336.820	335.424	1.176	1266.400	414.466	76.913	1254.183	338.836	130.001	1226.168	277.138	26.341	1205.096	289.249	104.268	1139.440	291.483	173.495	1070.381	259.569	101.692	1021.747	230.440	157.169	1036.559
268.782	556.941	1105.150	292.036	572.735	926.482	183.142	519.260	1055.014	267.158	218.245	1096.436	270.233	202.307	952.067	187.429	254.055	1047.190	377.637	443.714	1073.390	383.717	385.181	1093.758	381.592	331.867	1070.959	315.911	574.861	809.637	240.076	589.238	813.488	242.767	589.305	689.014	309.965	576.176	685.318	264.200	567.353	516.478	273.308	435.244	494.266	354.575	581.226	399.248	282.701	579.759	390.446	305.323	583.541	282.394	364.576	583.801	293.597	429.420	532.748	78.257	382.661	569.130	104.502	354.397	482.522	102.790	212.604	597.548	34.095	205.411	503.120	38.885	300.615	195.458	792.445	224.603	200.316	791.936	229.656	199.443	668.874	290.206	194.858	665.737	289.295	202.880	519.560	286.744	325.213	475.007	355.520	182.143	374.344	281.567	210.632	370.850	297.130	208.360	264.311	356.089	189.566	265.847	428.120	240.162	68.281	372.203	205.499	100.790	344.134	299.293	106.693	209.239	188.173	36.107	196.037	266.815	41.697	381.575	387.570	1221.563	372.138	388.089	1553.280	416.587	471.850	1392.136	411.726	309.451	1378.657	263.599	388.456	1825.184	129.778	361.030	1752.346	244.649	285.974	1720.028	212.312	479.724	1735.628	283.751	572.155	1548.759	264.097	668.048	1371.573	366.524	705.117	1446.477	342.342	734.818	1348.076	353.016	770.068	1291.618	427.372	691.544	1264.732	286.434	667.880	1226.567	330.108	781.031	1175.725	286.985	698.724	1130.246	311.682	599.966	1086.928	253.085	668.786	1060.170	231.284	609.122	1063.230	289.326	213.556	1558.506	250.575	127.284	1373.346	341.726	55.427	1434.799	312.527	53.151	1336.448	335.174	1.506	1266.010	414.238	77.323	1253.873	338.639	130.364	1225.669	276.963	26.704	1204.653	289.107	104.526	1138.943	291.417	173.730	1069.847	259.498	101.962	1021.271	230.388	157.367	1036.322
268.773	556.982	1105.191	292.180	572.773	926.529	183.264	519.218	1054.862	267.302	218.247	1096.516	272.263	202.593	954.619	187.649	254.131	1047.154	377.741	443.692	1073.527	383.819	385.197	1093.949	381.763	331.872	1071.134	315.994	574.798	809.592	240.218	589.228	813.507	242.803	589.313	689.005	309.997	576.142	685.243	263.983	567.357	516.475	272.910	435.251	494.243	354.359	581.181	399.266	282.477	579.701	390.406	305.207	583.503	282.382	364.434	583.762	293.562	429.373	532.717	78.262	382.611	569.104	104.537	354.366	482.511	102.775	212.591	597.544	34.125	205.396	503.121	38.865	300.794	195.466	792.392	224.801	200.318	791.911	229.785	199.390	668.871	290.320	194.825	665.712	289.286	202.865	519.571	286.684	325.223	475.006	355.486	182.153	374.308	281.547	210.640	370.840	297.106	208.356	264.242	356.044	189.565	265.857	428.108	240.167	68.276	372.203	205.492	100.769	344.133	299.302	106.697	209.244	188.172	36.119	196.022	266.795	41.693	381.572	387.635	1221.676	371.875	388.082	1553.318	416.326	471.798	1392.207	411.534	309.436	1378.830	263.244	388.441	1825.235	128.892	360.740	1752.751	244.314	285.979	1720.056	211.958	479.717	1735.668	283.486	572.190	1548.827	263.949	667.778	1371.309	366.268	705.128	1446.312	342.186	734.556	1347.775	352.893	769.710	1291.279	427.254	691.083	1264.596	286.280	667.600	1226.202	330.170	780.661	1175.396	287.017	698.455	1129.849	311.623	599.628	1086.576	253.146	668.492	1059.795	231.245	608.928	1062.917	289.010	213.545	1558.469	250.366	127.514	1373.149	341.441	55.473	1434.473	312.361	53.354	1335.995	334.960	1.833	1265.605	414.010	77.744	1253.613	338.348	130.679	1225.162	276.731	27.021	1204.203	288.901	104.740	1138.454	291.437	173.958	1069.280	259.408	102.177	1020.730	230.354	157.510	1036.105
268.769	556.993	1105.189	292.415	572.785	926.449	183.395	519.179	1054.771	267.405	218.243	1096.542	269.644	202.548	950.953	187.823	254.150	1047.145	378.666	444.085	1074.246	384.329	385.196	1094.173	381.941	331.882	1071.275	316.152	574.698	809.446	240.388	589.225	813.517	242.819	589.290	688.961	310.038	576.062	685.145	263.782	567.352	516.452	272.508	435.235	494.242	354.133	581.114	399.254	282.242	579.656	390.356	305.035	583.478	282.346	364.241	583.681	293.520	429.340	532.679	78.310	382.564	569.073	104.545	354.305	482.481	102.776	212.603	597.561	34.081	205.361	503.127	38.856	300.956	195.449	792.376	224.998	200.310	791.903	229.918	199.343	668.857	290.438	194.802	665.704	289.313	202.860	519.542	286.663	325.216	475.000	355.476	182.152	374.296	281.516	210.623	370.817	297.094	208.355	264.208	356.029	189.558	265.840	428.124	240.156	68.261	372.208	205.485	100.779	344.113	299.286	106.688	209.253	188.154	36.132	196.035	266.818	41.700	381.557	387.682	1221.769	371.632	388.089	1553.397	416.212	471.769	1392.344	411.351	309.400	1378.885	262.908	388.450	1825.267	129.088	361.018	1752.425	243.949	285.991	1720.045	211.620	479.716	1735.676	283.236	572.244	1548.871	263.725	667.541	1371.032	366.005	705.091	1446.099	342.526	734.250	1347.515	352.797	769.382	1290.967	427.123	690.603	1264.440	286.104	667.337	1225.838	330.264	780.390	1175.089	287.024	698.193	1129.404	311.556	599.326	1086.114	253.193	668.290	1059.392	231.183	608.763	1062.594	288.716	213.521	1558.471	250.203	127.741	1372.962	341.195	55.513	1434.163	312.120	53.621	1335.658	334.723	2.116	1265.211	413.657	78.115	1253.301	338.141	131.017	1224.643	276.517	27.318	1203.761	288.670	104.936	1137.869	291.453	174.119	1068.742	259.231	102.373	1020.254	230.308	157.625	1035.908
268.763	557.000	1105.196	292.714	572.785	926.323	183.544	519.199	1054.672	267.505	218.259	1096.564	269.546	202.535	950.739	187.986	254.204	1047.094	378.014	443.645	1073.813	384.050	385.227	1094.225	382.089	331.843	1071.402	316.276	574.653	809.420	240.557	589.223	813.533	242.871	589.305	688.942	310.083	576.002	685.036	263.581	567.356	516.446	272.098	435.242	494.237	353.897	581.046	399.294	282.004	579.645	390.341	304.883	583.439	282.358	364.075	583.650	293.563	429.296	532.660	78.342	382.540	569.034	104.580	354.284	482.462	102.779	212.583	597.535	34.076	205.356	503.133	38.860	301.238	195.481	792.287	225.215	200.297	791.919	230.043	199.310	668.872	290.595	194.782	665.637	289.325	202.840	519.543	286.648	325.203	474.947	355.445	182.138	374.276	281.500	210.635	370.818	297.093	208.357	264.165	356.031	189.568	265.810	428.136	240.165	68.269	372.212	205.492	100.777	344.086	299.283	106.680	209.258	188.170	36.121	196.049	266.794	41.682	381.525	387.736	1221.899	371.369	388.111	1553.459	416.005	471.720	1392.407	411.207	309.384	1378.908	262.544	388.434	1825.282	128.737	361.017	1752.439	243.598	285.984	1720.035	211.269	479.721	1735.704	282.983	572.283	1548.908	263.561	667.303	1370.841	365.746	705.085	1445.918	342.322	733.971	1347.216	352.757	769.036	1290.650	426.910	690.186	1263.908	285.943	667.099	1225.474	330.317	780.028	1174.624	286.985	697.985	1129.078	311.484	599.059	1085.672	253.234	668.123	1058.974	231.103	608.628	1062.304	288.398	213.480	1558.473	249.998	127.955	1372.717	340.915	55.555	1433.838	311.812	53.943	1335.443	334.478	2.383	1264.883	413.361	78.460	1253.037	337.856	131.319	1224.124	276.291	27.582	1203.324	288.506	105.124	1137.330	291.443	174.270	1068.165	259.050	102.510	1019.842	230.279	157.728	1035.714
268.824	556.998	1105.139	292.914	572.819	926.271	183.725	519.215	1054.567	267.617	218.272	1096.580	271.315	203.019	953.419	188.165	254.252	1047.068	378.156	443.623	1073.973	384.204	385.244	1094.368	382.265	331.824	1071.525	316.436	574.520	809.258	240.705	589.186	813.481	242.918	589.319	688.928	310.115	575.941	684.966	263.374	567.366	516.416	271.710	435.245	494.213	353.635	581.024	399.344	281.777	579.622	390.308	304.737	583.404	282.341	363.919	583.593	293.557	429.263	532.638	78.384	382.501	569.016	104.618	354.249	482.442	102.791	212.597	597.542	34.051	205.311	503.142	38.841	301.376	195.459	792.315	225.459	200.299	791.898	230.191	199.259	668.860	290.737	194.756	665.627	289.324	202.817	519.530	286.578	325.193	474.973	355.423	182.141	374.273	281.470	210.623	370.777	297.070	208.347	264.160	356.029	189.584	265.797	428.150	240.156	68.259	372.205	205.491	100.755	344.080	299.287	106.670	209.254	188.161	36.136	196.063	266.814	41.730	381.534	387.763	1222.047	371.088	388.117	1553.547	415.804	471.732	1392.458	411.018	309.389	1379.085	262.207	388.425	1825.282	128.389	360.994	1752.470	243.210	286.001	1720.054	210.901	479.713	1735.700	282.699	572.319	1548.983	263.447	667.076	1370.658	365.491	705.058	1445.732	342.159	733.701	1346.931	352.672	768.709	1290.336	426.742	689.712	1263.676	285.737	666.906	1225.007	330.449	779.667	1174.220	286.969	697.789	1128.697	311.391	598.839	1085.311	253.262	667.982	1058.548	231.039	608.543	1061.996	288.133	213.429	1558.490	249.741	128.144	1372.526	340.623	55.596	1433.457	311.546	54.196	1335.087	334.282	2.651	1264.522	413.077	78.820	1252.796	337.626	131.563	1223.630	276.084	27.829	1202.925	288.324	105.278	1136.818	291.451	174.379	1067.613	258.861	102.598	1019.357	230.238	157.795	1035.516
268.894	556.978	1105.099	293.140	572.827	926.119	183.868	519.234	1054.484	267.706	218.288	1096.593	271.184	202.889	952.923	188.338	254.326	1047.002	379.055	443.991	1074.691	384.683	385.241	1094.551	382.421	331.757	1071.653	316.582	574.453	809.206	240.884	589.161	813.481	242.955	589.287	688.916	310.136	575.858	684.873	263.166	567.358	516.395	271.328	435.233	494.205	353.436	580.940	399.289	281.555	579.580	390.215	304.579	583.366	282.342	363.751	583.517	293.607	429.230	532.612	78.425	382.453	568.968	104.632	354.206	482.412	102.796	212.573	597.525	34.036	205.303	503.129	38.838	301.628	195.479	792.220	225.674	200.285	791.905	230.347	199.214	668.846	290.852	194.744	665.583	289.359	202.803	519.518	286.549	325.188	474.926	355.412	182.144	374.242	281.472	210.596	370.748	297.062	208.364	264.146	355.998	189.559	265.783	428.151	240.155	68.256	372.207	205.478	100.751	344.066	299.281	106.688	209.256	188.177	36.126	196.042	266.793	41.749	381.506	387.847	1222.188	370.778	388.137	1553.620	415.677	471.698	1392.566	410.838	309.358	1379.103	261.856	388.424	1825.331	127.640	360.758	1752.846	242.838	286.005	1719.997	210.533	479.699	1735.736	282.460	572.373	1549.043	263.294	666.873	1370.483	365.245	705.019	1445.532	342.065	733.445	1346.648	352.632	768.369	1290.070	426.545	689.383	1263.440	285.558	666.696	1224.575	330.288	779.149	1173.444	286.926	697.618	1128.310	311.245	598.634	1084.967	253.251	667.888	1058.091	230.957	608.449	1061.700	287.821	213.398	1558.490	249.543	128.365	1372.320	340.328	55.663	1433.117	311.275	54.414	1334.780	334.093	2.906	1264.161	412.809	79.149	1252.508	337.418	131.815	1223.152	275.874	28.019	1202.587	288.142	105.376	1136.327	291.500	174.445	1067.037	258.677	102.708	1018.935	230.197	157.853	1035.259
268.966	556.972	1105.025	293.314	572.864	926.068	184.024	519.268	1054.376	267.809	218.295	1096.621	272.835	202.496	954.159	188.574	254.451	1046.907	379.247	443.993	1074.891	384.813	385.260	1094.641	382.563	331.718	1071.814	316.733	574.348	809.130	241.078	589.089	813.425	243.018	589.312	688.875	310.186	575.798	684.792	262.944	567.362	516.378	270.922	435.220	494.135	353.228	580.907	399.281	281.336	579.572	390.187	304.443	583.358	282.332	363.584	583.510	293.618	429.197	532.583	78.460	382.431	568.963	104.707	354.175	482.406	102.793	212.553	597.520	34.053	205.274	503.147	38.839	301.838	195.485	792.193	225.914	200.259	791.897	230.519	199.197	668.834	291.037	194.723	665.548	289.386	202.783	519.511	286.517	325.171	474.922	355.413	182.141	374.219	281.445	210.590	370.724	297.061	208.348	264.118	355.988	189.564	265.783	428.150	240.159	68.240	372.214	205.473	100.744	344.032	299.273	106.647	209.260	188.157	36.141	196.063	266.800	41.741	381.506	387.900	1222.346	370.498	388.159	1553.709	415.479	471.645	1392.691	410.674	309.358	1379.175	261.493	388.410	1825.354	127.630	360.937	1752.513	242.479	285.993	1720.015	210.170	479.694	1735.737	282.187	572.411	1549.057	263.157	666.673	1370.319	365.054	704.980	1445.298	341.802	733.120	1346.308	352.585	768.032	1289.724	426.402	688.874	1263.455	285.361	666.536	1224.166	330.377	778.929	1173.209	286.919	697.455	1127.926	311.126	598.472	1084.614	253.245	667.800	1057.733	230.887	608.382	1061.380	287.498	213.365	1558.456	249.292	128.547	1372.049	340.058	55.718	1432.810	311.654	54.707	1334.313	333.863	3.125	1263.827	412.516	79.453	1252.205	337.191	132.027	1222.600	275.663	28.182	1202.187	287.969	105.443	1135.925	291.522	174.482	1066.510	258.494	102.786	1018.519	230.150	157.887	1035.044
269.066	556.923	1104.966	293.558	572.886	925.947	184.223	519.293	1054.239	267.901	218.290	1096.658	273.044	202.429	954.161	188.717	254.486	1046.877	379.426	443.962	1074.987	384.982	385.236	1094.768	382.734	331.647	1071.912	316.885	574.242	809.053	241.272	589.111	813.496	243.092	589.321	688.877	310.203	575.730	684.695	262.703	567.403	516.321	270.543	435.244	494.143	352.988	580.856	399.301	281.108	579.556	390.121	304.322	583.352	282.315	363.426	583.477	293.655	429.158	532.560	78.512	382.385	568.925	104.762	354.131	482.386	102.813	212.566	597.539	34.053	205.236	503.141	38.824	302.086	195.484	792.118	226.126	200.233	791.900	230.693	199.144	668.811	291.199	194.705	665.519	289.408	202.774	519.496	286.538	325.175	474.892	355.409	182.141	374.214	281.434	210.578	370.688	297.050	208.342	264.092	356.001	189.588	265.749	428.156	240.148	68.241	372.227	205.468	100.733	344.036	299.292	106.672	209.284	188.165	36.154	196.061	266.796	41.769	381.511	387.961	1222.514	370.170	388.173	1553.797	415.393	471.626	1392.905	410.490	309.342	1379.269	261.144	388.376	1825.356	127.271	360.921	1752.524	242.083	285.972	1720.063	209.804	479.678	1735.778	281.924	572.433	1549.127	263.027	666.478	1370.106	364.850	704.926	1445.146	341.686	732.880	1346.075	352.524	767.735	1289.405	426.244	688.442	1263.269	285.158	666.385	1223.840	330.464	778.694	1172.962	286.867	697.352	1127.625	310.975	598.326	1084.204	253.215	667.721	1057.350	230.783	608.279	1060.995	287.190	213.309	1558.450	249.026	128.699	1371.848	339.804	55.769	1432.531	311.403	54.924	1334.047	333.665	3.350	1263.503	412.227	79.760	1251.823	336.970	132.228	1222.180	275.419	28.351	1201.777	287.825	105.512	1135.421	291.538	174.508	1065.988	258.330	102.818	1018.142	230.131	157.908	1034.823
269.154	556.897	1104.913	293.714	572.883	925.824	184.435	519.364	1054.082	267.993	218.313	1096.666	273.214	202.396	954.091	188.928	254.596	1046.750	379.582	443.963	1075.099	385.119	385.255	1094.886	382.907	331.599	1072.040	317.046	574.146	808.970	241.437	589.022	813.427	243.137	589.311	688.847	310.246	575.650	684.626	262.511	567.422	516.284	270.175	435.239	494.118	352.773	580.804	399.293	280.909	579.538	390.088	304.113	583.334	282.158	363.261	583.450	293.653	429.124	532.536	78.539	382.349	568.913	104.806	354.092	482.360	102.812	212.549	597.527	34.029	205.233	503.151	38.848	302.270	195.490	792.126	226.389	200.232	791.880	230.898	199.105	668.832	291.374	194.697	665.481	289.452	202.740	519.486	286.501	325.164	474.878	355.406	182.140	374.198	281.430	210.559	370.666	297.039	208.332	264.065	355.966	189.573	265.737	428.152	240.149	68.235	372.271	205.460	100.711	344.051	299.281	106.699	209.267	188.149	36.148	196.090	266.811	41.738	381.509	388.020	1222.666	369.864	388.179	1553.881	415.111	471.560	1392.948	410.300	309.360	1379.344	260.733	388.354	1825.367	126.860	360.863	1752.541	241.715	285.950	1720.048	209.387	479.670	1735.814	281.675	572.494	1549.177	262.863	666.300	1369.966	364.667	704.870	1444.919	341.646	732.668	1345.855	352.484	767.467	1289.178	426.101	688.085	1263.269	284.991	666.252	1223.556	330.571	778.483	1172.683	286.817	697.228	1127.267	310.885	598.192	1083.805	253.197	667.679	1057.007	230.727	608.191	1060.657	286.858	213.258	1558.392	248.751	128.818	1371.698	339.536	55.843	1432.288	311.113	55.110	1333.784	333.474	3.531	1263.221	411.964	80.072	1251.450	336.737	132.361	1221.663	275.146	28.478	1201.371	287.676	105.559	1134.978	291.576	174.521	1065.452	258.118	102.805	1017.730	230.125	157.912	1034.589
269.323	556.842	1104.833	293.944	572.906	925.736	184.624	519.413	1053.923	268.087	218.320	1096.695	273.356	202.338	953.935	189.052	254.687	1046.781	379.776	443.968	1075.257	385.265	385.266	1094.988	383.093	331.534	1072.201	317.244	574.045	808.900	241.644	589.001	813.462	243.193	589.333	688.830	310.280	575.566	684.535	262.298	567.449	516.289	269.831	435.248	494.075	352.596	580.779	399.306	280.702	579.559	390.061	303.976	583.338	282.119	363.118	583.396	293.687	429.088	532.519	78.581	382.314	568.882	104.809	354.060	482.362	102.815	212.513	597.521	34.037	205.209	503.154	38.846	302.558	195.512	792.034	226.645	200.212	791.879	231.066	199.059	668.839	291.533	194.681	665.503	289.496	202.717	519.474	286.485	325.147	474.843	355.392	182.116	374.178	281.434	210.546	370.631	297.051	208.338	264.028	356.000	189.573	265.710	428.164	240.131	68.223	372.241	205.466	100.727	344.032	299.266	106.644	209.275	188.153	36.165	196.081	266.790	41.768	381.499	388.062	1222.790	369.561	388.195	1554.008	414.846	471.488	1393.084	410.110	309.350	1379.441	260.351	388.331	1825.355	126.460	360.869	1752.503	241.356	285.951	1720.047	208.947	479.641	1735.830	281.386	572.517	1549.236	262.743	666.167	1369.847	364.494	704.814	1444.812	341.633	732.439	1345.658	352.459	767.216	1288.972	425.935	687.712	1263.050	284.787	666.154	1223.284	330.641	778.315	1172.448	286.792	697.123	1126.992	310.802	598.094	1083.399	253.092	667.673	1056.618	230.675	608.132	1060.371	286.557	213.216	1558.345	248.498	128.963	1371.452	339.271	55.940	1432.026	310.845	55.302	1333.444	333.295	3.695	1262.977	411.679	80.322	1251.172	336.499	132.474	1221.223	274.907	28.599	1201.032	287.512	105.613	1134.492	291.698	174.564	1064.935	257.957	102.773	1017.306	230.107	157.895	1034.370
269.476	556.784	1104.762	294.177	572.934	925.651	184.839	519.451	1053.752	268.133	218.305	1096.793	272.070	202.596	952.635	189.238	254.734	1046.696	379.934	443.958	1075.351	385.489	385.285	1095.152	383.293	331.470	1072.336	317.427	573.916	808.774	241.839	588.985	813.450	243.255	589.357	688.829	310.309	575.503	684.461	262.110	567.467	516.275	269.492	435.272	494.085	352.399	580.777	399.339	280.505	579.562	390.028	303.806	583.356	282.094	362.961	583.390	293.688	429.055	532.500	78.621	382.261	568.872	104.860	354.021	482.351	102.820	212.529	597.528	34.026	205.183	503.152	38.842	302.377	195.248	792.119	226.884	200.181	791.877	231.260	199.025	668.839	291.550	194.519	665.530	289.549	202.709	519.472	286.432	325.137	474.867	355.373	182.119	374.128	281.413	210.531	370.608	297.042	208.324	264.014	356.014	189.580	265.684	428.162	240.127	68.203	372.256	205.445	100.696	344.037	299.283	106.681	209.283	188.140	36.158	196.101	266.793	41.760	381.484	388.122	1222.938	369.238	388.206	1554.119	414.730	471.469	1393.204	409.937	309.386	1379.565	259.869	388.294	1825.344	126.056	360.829	1752.521	240.957	285.941	1719.998	208.504	479.630	1735.865	281.088	572.571	1549.297	262.851	666.005	1369.732	364.357	704.730	1444.625	341.556	732.224	1345.453	352.425	766.956	1288.766	425.799	687.260	1262.723	284.580	666.014	1222.987	330.708	778.159	1172.177	286.755	697.054	1126.708	310.731	598.024	1082.996	253.056	667.647	1056.321	230.608	608.056	1060.080	286.217	213.156	1558.308	248.210	129.093	1371.238	338.994	56.047	1431.802	310.579	55.472	1333.220	333.081	3.870	1262.697	411.392	80.524	1250.946	336.175	132.604	1220.841	274.676	28.693	1200.705	287.304	105.636	1133.987	291.771	174.531	1064.399	257.743	102.759	1016.962	230.090	157.852	1034.152
269.636	556.745	1104.686	294.436	572.983	925.575	185.040	519.518	1053.593	268.185	218.309	1096.816	272.376	202.519	952.681	189.440	254.802	1046.575	380.096	443.969	1075.454	385.590	385.264	1095.266	383.485	331.420	1072.485	317.617	573.815	808.721	242.028	588.967	813.484	243.319	589.360	688.801	310.354	575.421	684.351	261.914	567.499	516.272	269.113	435.285	494.063	352.190	580.763	399.292	280.319	579.558	389.972	303.636	583.359	282.075	362.794	583.364	293.700	429.029	532.495	78.658	382.236	568.849	104.887	353.982	482.318	102.820	212.516	597.528	34.028	205.179	503.159	38.827	303.111	195.526	791.937	227.147	200.183	791.845	231.444	198.959	668.839	291.755	194.504	665.512	289.599	202.712	519.445	286.438	325.123	474.817	355.412	182.121	374.111	281.446	210.515	370.568	297.055	208.324	263.969	356.005	189.567	265.668	428.188	240.123	68.208	372.284	205.428	100.679	343.977	299.255	106.605	209.283	188.136	36.152	196.110	266.788	41.778	381.478	388.159	1223.081	368.915	388.223	1554.195	414.595	471.402	1393.411	409.748	309.401	1379.656	259.480	388.274	1825.395	125.644	360.807	1752.516	240.563	285.959	1719.983	208.091	479.621	1735.920	280.772	572.606	1549.345	262.717	665.900	1369.625	364.226	704.653	1444.474	341.562	732.005	1345.259	352.399	766.727	1288.583	425.656	686.805	1262.666	284.488	665.940	1222.591	330.887	777.906	1171.832	286.706	696.980	1126.379	310.644	597.990	1082.640	252.974	667.611	1056.010	230.536	607.981	1059.813	285.849	213.100	1558.250	247.869	129.166	1371.081	338.723	56.129	1431.577	310.316	55.601	1333.026	332.870	3.989	1262.433	411.130	80.754	1250.691	335.880	132.740	1220.522	274.463	28.776	1200.379	287.062	105.617	1133.565	291.811	174.478	1063.885	257.553	102.715	1016.625	230.104	157.810	1033.950
269.827	556.699	1104.605	294.782	572.930	925.384	185.273	519.568	1053.413	268.239	218.286	1096.855	273.295	202.347	953.206	189.647	254.852	1046.473	380.264	443.975	1075.538	385.721	385.284	1095.383	383.659	331.348	1072.617	317.809	573.711	808.643	242.237	588.937	813.518	243.471	589.415	688.927	310.380	575.342	684.276	261.707	567.540	516.203	268.748	435.294	494.030	352.009	580.729	399.287	280.135	579.536	389.896	303.463	583.346	282.019	362.600	583.342	293.702	429.004	532.473	78.674	382.209	568.854	104.920	353.925	482.325	102.854	212.493	597.535	34.020	205.168	503.180	38.857	303.423	195.562	791.943	227.411	200.157	791.840	231.658	198.908	668.857	291.947	194.485	665.475	289.662	202.673	519.424	286.437	325.115	474.790	355.402	182.105	374.101	281.405	210.483	370.555	297.049	208.305	263.946	355.997	189.566	265.643	428.191	240.115	68.188	372.293	205.393	100.664	343.980	299.253	106.626	209.283	188.140	36.179	196.121	266.783	41.806	381.467	388.192	1223.240	368.566	388.256	1554.301	414.426	471.342	1393.631	409.552	309.438	1379.793	259.055	388.250	1825.388	125.227	360.772	1752.504	240.150	285.950	1719.976	207.641	479.602	1735.958	280.426	572.621	1549.411	262.569	665.814	1369.511	364.131	704.546	1444.344	341.514	731.788	1345.056	352.347	766.507	1288.407	425.502	686.458	1262.519	284.282	665.836	1222.259	331.136	778.090	1172.146	286.690	696.907	1126.063	310.532	597.899	1082.155	252.968	667.610	1055.736	230.467	607.922	1059.537	285.466	213.082	1558.174	246.016	128.268	1371.749	338.435	56.200	1431.362	310.073	55.643	1332.724	332.637	4.091	1262.151	410.826	80.981	1250.525	335.608	132.847	1220.123	274.232	28.842	1200.052	286.910	105.621	1133.166	291.824	174.417	1063.393	257.394	102.676	1016.268	230.115	157.752	1033.707
270.013	556.656	1104.540	295.069	572.956	925.342	185.542	519.632	1053.226	268.304	218.257	1096.871	273.489	202.274	953.121	189.863	254.907	1046.348	380.422	443.982	1075.603	385.944	385.303	1095.547	383.868	331.285	1072.730	317.983	573.625	808.553	242.436	588.927	813.522	243.533	589.428	688.912	310.413	575.284	684.194	261.504	567.570	516.178	268.370	435.325	494.066	351.837	580.721	399.307	279.942	579.543	389.856	303.333	583.335	281.992	362.472	583.339	293.709	428.975	532.457	78.740	382.162	568.842	104.910	353.917	482.316	102.842	212.539	597.532	33.996	205.143	503.170	38.856	303.277	195.273	791.971	227.688	200.145	791.809	231.875	198.868	668.840	292.203	194.502	665.399	289.715	202.652	519.395	286.413	325.094	474.775	355.428	182.099	374.058	281.428	210.471	370.521	297.068	208.318	263.928	356.013	189.559	265.629	428.201	240.111	68.165	372.314	205.421	100.649	343.976	299.250	106.601	209.298	188.128	36.172	196.120	266.773	41.807	381.466	388.253	1223.419	368.198	388.243	1554.391	414.304	471.310	1393.797	409.366	309.450	1379.919	258.627	388.224	1825.436	124.806	360.744	1752.547	239.746	285.934	1719.971	207.213	479.577	1735.986	280.115	572.654	1549.473	262.411	665.738	1369.416	364.048	704.414	1444.213	341.434	731.573	1344.877	352.308	766.280	1288.289	425.328	686.165	1262.375	284.097	665.733	1221.988	330.945	778.141	1172.732	286.645	696.839	1125.761	310.423	597.831	1081.748	252.916	667.591	1055.495	230.395	607.855	1059.186	285.074	213.005	1558.099	245.625	128.276	1371.599	338.133	56.275	1431.117	309.781	55.819	1332.524	332.455	4.200	1261.831	410.525	81.189	1250.263	335.331	132.908	1219.761	273.980	28.899	1199.670	286.671	105.568	1132.910	291.862	174.327	1062.986	257.223	102.612	1015.962	230.142	157.680	1033.507
270.229	556.611	1104.436	295.425	572.957	925.095	185.776	519.706	1053.055	268.320	218.236	1096.923	273.690	202.217	953.008	190.117	254.962	1046.230	380.579	443.977	1075.696	386.151	385.306	1095.701	384.097	331.228	1072.868	318.182	573.550	808.489	242.636	588.890	813.512	243.595	589.433	688.920	310.459	575.225	684.130	261.319	567.612	516.155	268.025	435.359	494.049	351.638	580.723	399.305	279.735	579.556	389.825	303.161	583.341	281.942	362.315	583.319	293.724	428.943	532.455	78.738	382.143	568.810	104.931	353.883	482.308	102.854	212.489	597.538	34.015	205.133	503.181	38.853	303.957	195.538	791.862	227.987	200.105	791.805	232.094	198.828	668.827	292.422	194.501	665.360	289.783	202.643	519.403	286.386	325.085	474.749	355.423	182.099	374.041	281.413	210.476	370.501	297.081	208.304	263.884	356.013	189.563	265.596	428.209	240.085	68.153	372.322	205.400	100.627	343.964	299.232	106.606	209.305	188.109	36.185	196.138	266.754	41.815	381.452	388.284	1223.571	367.825	388.222	1554.552	414.061	471.259	1393.914	409.148	309.489	1380.085	258.225	388.202	1825.443	124.364	360.733	1752.574	239.335	285.917	1719.942	206.772	479.547	1735.978	279.812	572.723	1549.583	262.248	665.685	1369.352	363.978	704.290	1444.056	341.455	731.390	1344.736	352.264	766.083	1288.142	425.176	685.879	1262.259	283.916	665.650	1221.677	331.058	777.836	1171.921	286.626	696.764	1125.441	310.369	597.781	1081.370	252.885	667.596	1055.263	230.336	607.796	1058.850	284.694	212.924	1558.041	245.269	128.297	1371.455	337.864	56.367	1430.941	309.523	55.921	1332.318	332.274	4.273	1261.602	410.239	81.349	1250.072	335.109	132.972	1219.448	273.755	28.933	1199.314	286.586	105.570	1132.491	291.911	174.258	1062.557	257.080	102.558	1015.675	230.163	157.605	1033.298
270.414	556.582	1104.364	295.828	572.962	924.949	185.998	519.753	1052.879	268.387	218.201	1096.960	273.856	202.158	952.892	190.360	254.990	1046.119	380.744	443.987	1075.749	386.323	385.317	1095.838	384.306	331.168	1072.984	318.382	573.424	808.376	242.833	588.886	813.498	243.663	589.432	688.878	310.461	575.173	684.031	261.142	567.663	516.113	267.699	435.382	493.991	351.430	580.729	399.331	279.533	579.570	389.788	303.030	583.361	281.939	362.164	583.326	293.709	428.923	532.447	78.740	382.128	568.801	104.966	353.852	482.297	102.867	212.453	597.512	33.972	205.112	503.170	38.881	304.223	195.538	791.796	228.293	200.093	791.797	232.366	198.786	668.805	292.685	194.504	665.295	289.827	202.612	519.385	286.372	325.071	474.709	355.412	182.097	373.977	281.422	210.434	370.489	297.068	208.285	263.859	356.020	189.561	265.568	428.244	240.080	68.138	372.339	205.384	100.611	343.960	299.226	106.589	209.326	188.118	36.195	196.152	266.772	41.801	381.460	388.324	1223.713	367.454	388.206	1554.650	413.813	471.223	1394.048	408.990	309.522	1380.248	257.766	388.164	1825.443	123.924	360.690	1752.581	238.912	285.902	1719.927	206.338	479.504	1736.008	279.494	572.726	1549.636	262.099	665.665	1369.317	363.893	704.176	1443.962	341.388	731.185	1344.606	352.198	765.883	1287.998	424.992	685.543	1262.168	283.736	665.538	1221.391	331.118	777.709	1171.772	286.482	696.660	1125.285	310.303	597.748	1081.036	252.822	667.627	1055.031	230.310	607.761	1058.549	284.276	212.858	1558.008	244.923	128.310	1371.304	337.579	56.412	1430.760	309.228	55.984	1332.162	332.063	4.351	1261.411	409.961	81.572	1249.958	334.837	132.999	1219.105	273.506	28.939	1198.985	286.450	105.520	1132.157	291.983	174.198	1062.069	257.003	102.497	1015.273	230.192	157.551	1033.080
270.613	556.562	1104.265	296.249	573.034	924.878	186.242	519.788	1052.696	268.440	218.184	1097.004	274.072	202.102	952.853	190.583	255.026	1046.029	380.920	444.020	1075.816	386.516	385.346	1095.988	384.489	331.127	1073.073	318.568	573.329	808.285	243.073	588.904	813.550	243.724	589.449	688.875	310.556	575.108	684.004	260.957	567.705	516.073	267.368	435.425	493.961	351.249	580.739	399.345	279.337	579.603	389.754	302.894	583.370	281.906	362.052	583.342	293.714	428.899	532.431	78.772	382.073	568.813	104.974	353.826	482.320	102.873	212.497	597.521	33.962	205.101	503.181	38.848	304.578	195.573	791.693	228.616	200.056	791.789	232.579	198.740	668.769	292.925	194.501	665.238	289.912	202.592	519.357	286.346	325.065	474.684	355.415	182.098	373.942	281.432	210.427	370.373	297.072	208.277	263.825	356.035	189.578	265.530	428.218	240.078	68.139	372.352	205.377	100.604	343.963	299.194	106.611	209.316	188.104	36.195	196.161	266.759	41.831	381.462	388.358	1223.860	367.109	388.173	1554.739	413.564	471.180	1394.171	408.789	309.587	1380.404	257.325	388.134	1825.437	123.460	360.641	1752.567	238.480	285.873	1719.907	205.863	479.470	1735.993	279.171	572.738	1549.699	261.934	665.663	1369.278	363.838	704.047	1443.828	341.306	730.992	1344.421	352.130	765.679	1287.896	424.893	685.258	1262.097	283.539	665.448	1221.107	331.022	777.745	1172.172	286.551	696.678	1124.907	310.291	597.708	1080.706	252.787	667.640	1054.783	230.297	607.718	1058.240	283.812	212.820	1557.944	244.615	128.359	1371.217	337.292	56.496	1430.585	308.961	56.047	1331.987	331.834	4.398	1261.257	409.637	81.715	1249.700	334.525	133.064	1218.808	273.284	28.923	1198.709	286.302	105.478	1131.835	292.050	174.132	1061.683	256.913	102.419	1014.971	230.240	157.478	1032.884
270.795	556.545	1104.199	296.546	573.114	924.764	186.475	519.829	1052.518	268.516	218.151	1096.989	274.232	202.050	952.725	190.844	255.019	1045.924	381.099	444.013	1075.856	386.707	385.324	1096.150	384.705	331.085	1073.180	318.758	573.258	808.214	243.328	588.896	813.648	243.765	589.451	688.866	310.583	575.061	683.910	260.814	567.756	516.041	267.059	435.470	493.930	351.058	580.749	399.344	279.136	579.618	389.712	302.734	583.382	281.852	361.909	583.340	293.723	428.881	532.437	78.809	382.046	568.791	104.993	353.810	482.307	102.889	212.474	597.549	33.987	205.105	503.195	38.851	304.805	195.569	791.707	228.955	200.028	791.809	232.810	198.664	668.749	293.162	194.469	665.230	289.989	202.563	519.331	286.333	325.039	474.643	355.411	182.080	373.910	281.402	210.400	370.360	297.081	208.273	263.792	356.044	189.566	265.510	428.248	240.081	68.124	372.367	205.374	100.594	343.958	299.189	106.598	209.329	188.090	36.208	196.178	266.757	41.830	381.452	388.395	1224.021	366.751	388.155	1554.875	413.342	471.139	1394.299	408.601	309.635	1380.656	256.912	388.106	1825.457	123.003	360.602	1752.582	237.993	285.840	1719.913	205.376	479.428	1736.028	278.848	572.759	1549.761	261.771	665.674	1369.272	363.796	703.912	1443.736	341.249	730.834	1344.324	352.067	765.486	1287.785	424.734	684.987	1262.037	283.374	665.361	1220.833	331.003	777.628	1172.040	286.552	696.645	1124.653	310.283	597.685	1080.355	252.784	667.642	1054.474	230.286	607.680	1057.979	283.360	212.751	1557.913	244.282	128.345	1371.107	337.015	56.568	1430.442	308.708	56.077	1331.842	331.665	4.441	1261.088	409.406	81.853	1249.529	334.173	133.094	1218.482	273.077	28.908	1198.447	286.151	105.435	1131.515	292.111	174.082	1061.335	257.104	102.480	1014.619	230.289	157.421	1032.708
271.000	556.536	1104.117	296.806	573.127	924.602	186.723	519.865	1052.377	268.593	218.113	1097.070	274.528	201.976	952.649	191.226	255.064	1045.707	381.315	444.029	1075.928	386.879	385.334	1096.288	384.916	331.058	1073.276	318.972	573.162	808.083	243.428	588.821	813.612	243.841	589.466	688.865	310.653	575.003	683.832	260.639	567.801	515.981	266.789	435.511	493.872	350.856	580.744	399.322	278.957	579.644	389.676	302.608	583.385	281.795	361.764	583.355	293.709	428.854	532.424	78.796	382.030	568.785	105.011	353.755	482.314	102.867	212.486	597.547	33.944	205.083	503.202	38.848	305.112	195.583	791.637	229.247	199.923	791.856	233.065	198.602	668.728	293.430	194.447	665.186	290.059	202.536	519.314	286.296	325.030	474.607	355.423	182.062	373.886	281.436	210.384	370.307	297.087	208.271	263.759	356.005	189.552	265.446	428.279	240.076	68.128	372.404	205.360	100.561	343.950	299.165	106.615	209.337	188.088	36.218	196.177	266.752	41.837	381.457	388.422	1224.179	366.388	388.106	1554.988	413.090	471.113	1394.459	408.389	309.675	1380.805	256.443	388.068	1825.459	122.574	360.595	1752.570	237.527	285.830	1719.907	204.903	479.411	1736.053	278.530	572.753	1549.842	261.587	665.703	1369.279	363.760	703.743	1443.629	341.228	730.682	1344.253	351.973	765.325	1287.688	424.578	684.716	1262.001	283.225	665.268	1220.535	331.108	777.346	1171.211	286.513	696.583	1124.460	310.257	597.684	1080.053	252.795	667.632	1054.233	230.261	607.653	1057.721	282.895	212.700	1557.845	243.961	128.341	1370.975	336.729	56.623	1430.309	308.408	56.080	1331.730	331.462	4.487	1260.920	409.125	81.970	1249.451	333.857	133.125	1218.209	272.863	28.891	1198.189	286.029	105.398	1131.207	292.098	173.987	1061.029	257.066	102.446	1014.339	230.363	157.358	1032.518
271.190	556.521	1104.022	297.133	573.154	924.498	186.983	519.897	1052.204	268.698	218.088	1097.101	274.786	201.928	952.547	191.369	255.017	1045.754	381.487	444.045	1076.012	387.106	385.353	1096.454	385.149	330.998	1073.382	319.178	573.083	808.009	243.790	588.854	813.525	243.958	589.492	688.851	310.692	574.984	683.768	260.479	567.850	515.948	266.506	435.543	493.859	350.674	580.758	399.310	278.770	579.668	389.636	302.468	583.392	281.780	361.664	583.361	293.695	428.836	532.422	78.825	381.995	568.793	105.002	353.734	482.325	102.895	212.448	597.535	33.945	205.085	503.205	38.867	305.441	195.588	791.536	229.568	199.885	791.849	233.318	198.544	668.724	293.653	194.442	665.152	290.152	202.528	519.272	286.262	325.012	474.572	355.426	182.059	373.849	281.457	210.369	370.226	297.117	208.278	263.722	356.044	189.554	265.389	428.262	240.039	68.109	372.398	205.350	100.563	343.935	299.157	106.605	209.346	188.069	36.219	196.190	266.740	41.831	381.499	388.453	1224.389	365.997	388.082	1555.114	412.791	471.057	1394.596	408.192	309.709	1380.946	255.989	388.031	1825.479	122.111	360.563	1752.566	237.068	285.793	1719.890	204.429	479.395	1736.057	278.214	572.769	1549.920	261.391	665.751	1369.281	363.720	703.589	1443.561	341.170	730.565	1344.184	351.930	765.131	1287.573	424.426	684.557	1261.822	283.062	665.186	1220.249	331.112	777.237	1171.017	286.525	696.566	1124.242	310.197	597.658	1079.723	252.830	667.649	1053.960	230.323	607.641	1057.491	282.399	212.667	1557.798	243.614	128.313	1370.860	336.455	56.702	1430.191	308.132	56.086	1331.611	331.228	4.537	1260.769	408.858	82.103	1249.355	333.565	133.170	1218.016	272.676	28.870	1197.944	285.886	105.332	1130.922	292.218	173.982	1060.731	257.038	102.413	1014.066	230.438	157.314	1032.334
271.368	556.522	1103.935	297.240	573.126	924.343	187.239	519.895	1052.062	268.817	218.050	1097.130	275.104	201.845	952.506	191.677	255.053	1045.636	381.712	444.058	1076.063	387.280	385.365	1096.592	385.386	330.972	1073.474	319.363	573.007	807.923	243.997	588.831	813.542	243.998	589.530	688.846	310.743	574.949	683.672	260.317	567.887	515.931	266.234	435.576	493.802	350.474	580.775	399.332	278.576	579.686	389.590	302.349	583.412	281.729	361.532	583.374	293.668	428.823	532.442	78.845	381.977	568.795	105.040	353.715	482.322	102.905	212.461	597.563	33.956	205.075	503.209	38.864	305.748	195.621	791.499	229.868	199.848	791.849	233.591	198.475	668.707	293.910	194.430	665.122	290.191	202.492	519.283	286.256	325.005	474.548	355.444	182.062	373.832	281.449	210.352	370.221	297.091	208.260	263.696	356.060	189.557	265.350	428.282	240.036	68.094	372.433	205.351	100.555	343.934	299.135	106.593	209.340	188.070	36.232	196.235	266.722	41.819	381.488	388.487	1224.567	365.588	388.032	1555.197	412.599	471.038	1394.731	407.970	309.738	1381.086	255.514	387.983	1825.470	121.633	360.539	1752.561	236.630	285.766	1719.861	203.892	479.339	1736.045	277.868	572.772	1550.021	261.209	665.819	1369.322	363.665	703.447	1443.534	341.132	730.462	1344.145	351.705	765.028	1287.567	424.200	684.444	1261.807	282.888	665.116	1220.053	331.082	777.149	1170.920	286.522	696.546	1124.029	310.204	597.655	1079.471	252.877	667.643	1053.680	230.364	607.608	1057.277	281.873	212.605	1557.739	243.282	128.296	1370.699	336.161	56.774	1430.114	307.868	56.095	1331.540	330.993	4.572	1260.629	408.556	82.196	1249.295	333.278	133.206	1217.847	272.476	28.826	1197.675	285.777	105.289	1130.644	292.307	173.960	1060.466	257.040	102.427	1013.820	230.536	157.270	1032.176
271.551	556.540	1103.874	297.529	573.164	924.212	187.519	519.898	1051.900	269.046	217.973	1097.143	275.355	201.834	952.448	191.952	255.070	1045.574	381.935	444.064	1076.135	387.565	385.377	1096.808	385.644	330.973	1073.625	319.585	572.926	807.818	244.220	588.814	813.524	244.116	589.546	688.828	310.802	574.889	683.563	260.171	567.923	515.911	265.984	435.639	493.767	350.324	580.798	399.342	278.426	579.706	389.556	302.221	583.413	281.697	361.430	583.394	293.683	428.808	532.440	78.861	381.934	568.795	105.051	353.700	482.340	102.909	212.424	597.569	33.970	205.075	503.221	38.853	306.186	195.693	791.409	230.213	199.862	791.791	233.842	198.387	668.731	294.151	194.420	665.085	290.299	202.491	519.227	286.180	325.000	474.464	355.448	182.047	373.771	281.455	210.344	370.237	297.104	208.254	263.617	356.065	189.578	265.312	428.291	240.026	68.070	372.426	205.352	100.531	343.925	299.126	106.584	209.350	188.072	36.256	196.222	266.723	41.884	381.492	388.503	1224.748	365.186	388.001	1555.304	412.430	471.019	1394.946	407.739	309.755	1381.273	255.007	387.942	1825.494	121.144	360.485	1752.563	236.158	285.718	1719.828	203.402	479.321	1736.039	277.517	572.786	1550.111	261.034	665.872	1369.346	363.634	703.293	1443.484	341.082	730.353	1344.120	351.597	764.885	1287.495	424.055	684.252	1261.766	282.769	665.083	1219.810	331.087	777.077	1170.791	286.534	696.516	1123.787	310.234	597.614	1079.226	252.948	667.657	1053.416	230.467	607.595	1057.064	281.349	212.568	1557.713	242.935	128.287	1370.592	335.886	56.831	1430.043	307.598	56.080	1331.464	330.719	4.587	1260.501	408.281	82.284	1249.273	332.947	133.210	1217.701	272.279	28.786	1197.403	285.665	105.262	1130.385	292.433	173.946	1060.195	257.058	102.435	1013.562	230.648	157.254	1032.058
271.717	556.548	1103.827	298.459	573.404	924.545	187.762	519.903	1051.772	269.224	217.979	1097.224	275.632	201.783	952.408	192.209	255.088	1045.516	382.174	444.084	1076.287	387.777	385.395	1096.948	385.887	330.941	1073.681	319.780	572.873	807.724	244.458	588.793	813.510	244.165	589.578	688.815	310.858	574.866	683.492	260.023	567.972	515.860	265.726	435.649	493.734	350.122	580.821	399.325	278.237	579.745	389.514	302.083	583.435	281.681	361.306	583.408	293.682	428.784	532.434	78.881	381.924	568.794	105.061	353.677	482.344	102.912	212.478	597.572	33.964	205.059	503.232	38.844	306.447	195.663	791.409	230.547	199.814	791.811	234.106	198.323	668.719	294.388	194.404	665.063	290.367	202.456	519.219	286.191	324.990	474.458	355.452	182.038	373.756	281.444	210.344	370.179	297.104	208.245	263.589	356.084	189.570	265.283	428.286	240.022	68.060	372.427	205.338	100.488	343.903	299.113	106.533	209.364	188.057	36.222	196.211	266.721	41.867	381.513	388.539	1224.924	364.780	387.979	1555.420	412.179	470.990	1395.174	407.509	309.817	1381.442	254.480	387.888	1825.413	120.679	360.459	1752.529	235.673	285.704	1719.818	202.924	479.294	1736.014	277.198	572.769	1550.192	260.808	665.976	1369.402	363.578	703.159	1443.469	340.995	730.249	1344.092	351.487	764.760	1287.466	423.933	683.986	1261.760	282.584	665.016	1219.643	331.071	777.012	1170.677	286.566	696.490	1123.583	310.302	597.625	1078.962	253.026	667.666	1053.175	230.573	607.613	1056.831	280.839	212.515	1557.703	242.572	128.207	1370.518	335.614	56.895	1429.991	307.282	56.059	1331.409	330.461	4.613	1260.331	407.992	82.350	1249.230	332.669	133.208	1217.595	272.087	28.745	1197.118	285.583	105.248	1130.172	292.556	173.937	1059.941	257.131	102.465	1013.353	230.807	157.230	1031.935
271.888	556.598	1103.764	298.910	573.419	924.402	188.048	519.904	1051.609	269.480	217.976	1097.291	275.876	201.751	952.351	192.504	255.104	1045.450	382.422	444.080	1076.410	387.952	385.407	1097.086	386.140	330.939	1073.834	319.984	572.804	807.619	244.685	588.766	813.480	244.249	589.616	688.807	310.935	574.849	683.440	259.891	568.012	515.820	265.507	435.689	493.709	349.940	580.834	399.298	278.063	579.767	389.481	301.992	583.456	281.635	361.186	583.412	293.654	428.785	532.433	78.890	381.908	568.788	105.073	353.657	482.352	102.914	212.449	597.581	33.954	205.064	503.230	38.857	306.805	195.724	791.406	230.862	199.774	791.808	234.377	198.270	668.733	294.671	194.395	665.049	290.456	202.439	519.203	286.178	324.968	474.422	355.458	182.038	373.735	281.468	210.329	370.142	297.123	208.234	263.554	356.083	189.569	265.215	428.304	239.997	68.054	372.431	205.324	100.500	343.916	299.114	106.535	209.359	188.054	36.232	196.217	266.713	41.867	381.508	388.574	1225.072	364.373	387.936	1555.550	412.010	471.003	1395.364	407.234	309.834	1381.635	253.951	387.831	1825.385	120.183	360.412	1752.543	235.166	285.664	1719.780	202.420	479.258	1735.984	276.843	572.758	1550.248	260.637	666.045	1369.441	363.509	702.998	1443.473	340.967	730.185	1344.119	351.358	764.622	1287.424	423.727	683.784	1261.760	282.429	664.979	1219.462	331.067	776.952	1170.571	286.592	696.476	1123.409	310.391	597.616	1078.758	253.097	667.671	1052.939	230.730	607.624	1056.639	280.283	212.480	1557.644	242.213	128.147	1370.431	335.326	56.931	1429.938	306.974	56.025	1331.398	330.178	4.628	1260.231	407.713	82.420	1249.214	332.352	133.212	1217.469	271.898	28.694	1196.860	285.487	105.229	1129.953	292.718	173.944	1059.690	257.247	102.505	1013.111	230.925	157.223	1031.848
272.093	556.598	1103.689	299.242	573.413	924.301	188.276	519.880	1051.522	269.848	217.907	1097.323	276.129	201.698	952.363	192.783	255.124	1045.410	382.678	444.052	1076.496	388.253	385.444	1097.294	386.427	330.941	1073.958	320.174	572.762	807.511	244.916	588.750	813.449	244.334	589.648	688.784	311.006	574.832	683.355	259.758	568.048	515.783	265.244	435.694	493.641	349.765	580.856	399.279	277.899	579.766	389.416	301.911	583.471	281.707	361.071	583.424	293.648	428.770	532.434	78.886	381.891	568.805	105.080	353.656	482.361	102.912	212.454	597.563	33.920	205.046	503.228	38.858	307.127	195.731	791.357	231.263	199.733	791.809	234.640	198.186	668.733	294.939	194.393	665.011	290.561	202.403	519.173	286.148	324.968	474.402	355.441	182.017	373.683	281.465	210.315	370.088	297.105	208.244	263.520	356.072	189.571	265.195	428.313	240.007	68.043	372.447	205.319	100.506	343.913	299.123	106.541	209.375	188.043	36.251	196.220	266.712	41.872	381.533	388.603	1225.245	363.965	387.893	1555.688	411.797	470.996	1395.552	407.021	309.869	1381.850	253.445	387.773	1825.357	119.682	360.344	1752.543	234.637	285.620	1719.726	201.902	479.229	1736.007	276.460	572.754	1550.349	260.434	666.151	1369.541	363.437	702.850	1443.471	340.839	730.080	1344.140	351.219	764.509	1287.408	423.558	683.617	1261.825	282.265	664.932	1219.281	331.039	776.889	1170.523	286.638	696.459	1123.230	310.526	597.611	1078.504	253.161	667.661	1052.687	230.841	607.625	1056.430	279.723	212.423	1557.684	242.086	128.307	1370.237	335.025	56.981	1429.900	306.668	55.998	1331.402	329.929	4.629	1260.149	407.498	82.468	1249.294	332.021	133.213	1217.373	271.690	28.656	1196.622	285.418	105.220	1129.711	292.871	173.944	1059.502	257.364	102.562	1012.906	231.114	157.225	1031.766
272.249	556.620	1103.683	299.512	573.424	924.268	188.551	519.860	1051.393	270.419	217.963	1097.300	276.350	201.677	952.326	193.078	255.176	1045.378	382.915	444.069	1076.621	388.467	385.464	1097.434	386.716	330.937	1074.116	320.407	572.697	807.393	245.150	588.730	813.446	244.416	589.666	688.766	311.076	574.819	683.299	259.603	568.091	515.734	265.085	435.714	493.608	349.582	580.886	399.233	277.730	579.783	389.371	301.778	583.473	281.697	360.947	583.449	293.655	428.766	532.449	78.908	381.875	568.807	105.070	353.615	482.356	102.910	212.466	597.577	33.974	205.064	503.244	38.866	307.544	195.788	791.222	231.606	199.677	791.835	234.895	198.088	668.772	295.204	194.390	664.959	290.662	202.378	519.100	286.133	324.960	474.372	355.463	182.024	373.674	281.470	210.310	370.140	297.118	208.261	263.488	356.090	189.570	265.123	428.316	240.013	68.043	372.456	205.314	100.497	343.899	299.093	106.524	209.360	188.045	36.239	196.232	266.711	41.893	381.544	388.632	1225.398	363.520	387.861	1555.830	411.569	470.977	1395.690	406.777	309.885	1382.038	252.931	387.736	1825.328	118.793	360.085	1752.852	234.158	285.573	1719.697	201.296	479.216	1735.995	276.110	572.735	1550.431	260.234	666.214	1369.590	363.336	702.711	1443.478	340.707	730.020	1344.159	351.062	764.391	1287.409	423.343	683.477	1261.866	282.086	664.907	1219.051	331.069	776.802	1170.333	286.709	696.439	1123.012	310.708	597.617	1078.258	253.303	667.674	1052.415	230.999	607.613	1056.212	279.174	212.363	1557.706	241.724	128.249	1370.148	334.744	57.024	1429.879	306.360	55.947	1331.383	329.653	4.641	1260.063	407.248	82.482	1249.323	331.735	133.219	1217.340	271.488	28.615	1196.422	285.358	105.214	1129.527	293.042	173.956	1059.348	257.511	102.638	1012.712	231.298	157.240	1031.668
272.459	556.649	1103.636	299.866	573.445	924.211	188.882	519.860	1051.237	271.786	218.169	1097.139	276.625	201.665	952.403	193.370	255.192	1045.396	383.159	444.057	1076.706	388.678	385.468	1097.589	386.987	330.949	1074.269	320.625	572.617	807.213	245.380	588.703	813.419	244.486	589.707	688.737	311.178	574.793	683.212	259.445	568.113	515.713	264.903	435.734	493.571	349.435	580.917	399.236	277.572	579.811	389.339	301.682	583.496	281.662	360.801	583.445	293.605	428.731	532.431	78.851	381.857	568.809	105.095	353.602	482.347	102.934	212.461	597.577	33.926	205.056	503.240	38.869	307.413	195.513	791.313	231.944	199.631	791.831	235.141	198.025	668.772	295.470	194.379	664.916	290.776	202.363	519.093	286.139	324.938	474.363	355.472	182.014	373.627	281.455	210.297	370.074	297.106	208.248	263.467	356.070	189.583	265.096	428.316	239.987	68.017	372.464	205.325	100.438	343.881	299.080	106.528	209.375	188.027	36.226	196.247	266.710	41.854	381.572	388.672	1225.561	363.095	387.818	1555.957	411.359	470.975	1395.896	406.537	309.866	1382.228	252.423	387.694	1825.291	118.635	360.224	1752.489	233.657	285.555	1719.680	200.779	479.178	1735.988	275.737	572.719	1550.529	259.997	666.291	1369.668	363.236	702.584	1443.507	340.595	729.960	1344.212	350.902	764.294	1287.406	423.153	683.343	1261.916	281.935	664.879	1218.808	331.102	776.760	1170.298	286.797	696.414	1122.821	310.870	597.631	1078.050	253.430	667.638	1052.199	231.181	607.635	1056.027	278.598	212.331	1557.733	241.327	128.146	1370.077	334.445	57.050	1429.874	306.027	55.895	1331.388	329.378	4.649	1260.004	406.941	82.516	1249.334	331.437	133.201	1217.298	271.278	28.614	1196.178	285.288	105.215	1129.359	293.220	174.000	1059.223	257.703	102.719	1012.472	231.512	157.257	1031.602
272.626	556.689	1103.625	300.252	573.425	924.054	189.183	519.841	1051.117	272.105	218.160	1097.207	276.982	201.664	952.438	193.692	255.231	1045.367	383.394	444.075	1076.844	388.885	385.450	1097.719	387.250	330.959	1074.399	320.840	572.564	807.173	245.621	588.672	813.418	244.591	589.742	688.728	311.292	574.798	683.090	259.291	568.157	515.649	264.698	435.760	493.508	349.282	580.935	399.221	277.408	579.827	389.299	301.556	583.492	281.618	360.653	583.471	293.593	428.727	532.438	78.853	381.849	568.817	105.087	353.624	482.367	102.947	212.468	597.591	33.945	205.040	503.244	38.860	307.727	195.503	791.272	232.301	199.602	791.823	235.412	197.981	668.736	295.748	194.386	664.864	290.858	202.348	519.067	286.105	324.926	474.304	355.478	182.011	373.595	281.474	210.281	370.043	297.103	208.255	263.435	356.060	189.588	265.071	428.324	239.986	68.007	372.461	205.306	100.469	343.885	299.065	106.542	209.378	188.037	36.250	196.258	266.702	41.906	381.576	388.706	1225.725	362.664	387.792	1556.061	411.082	470.946	1396.083	406.304	309.855	1382.426	251.890	387.642	1825.257	118.098	360.158	1752.450	233.135	285.528	1719.621	200.239	479.150	1736.008	275.339	572.702	1550.565	259.759	666.376	1369.771	363.088	702.452	1443.532	340.410	729.888	1344.255	350.730	764.206	1287.419	422.965	683.222	1261.988	281.804	664.819	1218.560	331.110	776.706	1170.203	286.860	696.386	1122.654	310.963	597.605	1077.826	253.645	667.638	1051.974	231.361	607.635	1055.854	278.024	212.292	1557.747	240.930	128.080	1370.029	334.139	57.069	1429.881	305.698	55.845	1331.387	329.093	4.646	1259.957	406.617	82.498	1249.388	331.210	133.180	1217.247	271.066	28.598	1195.965	285.252	105.241	1129.209	293.409	174.045	1059.115	257.912	102.812	1012.271	231.723	157.261	1031.547
273.074	556.542	1103.538	300.626	573.403	923.943	189.205	519.897	1051.207	272.366	218.183	1097.284	277.240	201.673	952.480	193.973	255.277	1045.396	383.615	444.060	1076.940	389.131	385.492	1097.878	387.511	330.962	1074.546	321.098	572.514	806.987	245.850	588.673	813.410	244.673	589.773	688.706	311.366	574.770	682.959	259.172	568.200	515.615	264.495	435.775	493.485	349.124	580.962	399.205	277.269	579.854	389.246	301.429	583.505	281.562	360.523	583.456	293.582	428.720	532.449	78.852	381.813	568.818	105.084	353.606	482.372	102.934	212.444	597.589	33.930	205.044	503.243	38.868	308.043	195.504	791.231	232.647	199.576	791.846	235.688	197.922	668.717	296.010	194.373	664.846	290.967	202.312	519.044	286.083	324.908	474.285	355.475	181.997	373.589	281.459	210.286	370.015	297.114	208.246	263.423	356.085	189.589	265.018	428.341	239.995	68.018	372.459	205.285	100.443	343.887	299.048	106.530	209.375	188.031	36.254	196.269	266.678	41.896	381.605	388.703	1225.890	362.217	387.762	1556.178	410.902	470.952	1396.282	406.043	309.891	1382.697	251.389	387.596	1825.238	117.528	360.115	1752.362	232.579	285.514	1719.591	199.660	479.110	1736.029	274.927	572.682	1550.657	259.532	666.434	1369.845	362.933	702.346	1443.574	340.206	729.842	1344.318	350.542	764.118	1287.448	422.795	683.048	1262.175	281.563	664.776	1218.404	331.037	776.769	1170.225	286.929	696.370	1122.498	311.109	597.587	1077.599	253.815	667.631	1051.735	231.581	607.649	1055.683	277.443	212.259	1557.791	240.556	127.994	1370.028	333.818	57.091	1429.887	305.344	55.792	1331.362	328.764	4.632	1259.952	406.362	82.469	1249.486	330.959	133.177	1217.314	270.766	28.591	1195.797	285.208	105.257	1129.100	293.618	174.085	1059.008	258.152	102.921	1012.086	231.802	157.259	1031.529
273.249	556.558	1103.524	300.959	573.424	923.883	189.540	519.907	1051.065	272.575	218.186	1097.422	277.555	201.661	952.551	194.224	255.286	1045.457	383.875	444.065	1077.063	389.307	385.506	1098.015	387.811	330.974	1074.699	321.302	572.492	806.935	246.083	588.631	813.387	244.806	589.819	688.689	311.505	574.762	682.900	259.026	568.244	515.573	264.302	435.785	493.468	348.943	580.982	399.174	277.103	579.862	389.201	301.333	583.516	281.522	360.419	583.460	293.597	428.708	532.452	78.867	381.823	568.810	105.104	353.610	482.376	102.937	212.458	597.588	33.934	205.055	503.252	38.872	308.827	195.796	791.074	233.015	199.519	791.847	235.929	197.852	668.733	296.289	194.376	664.785	291.059	202.309	519.026	286.095	324.883	474.247	355.475	182.007	373.569	281.473	210.279	369.980	297.089	208.264	263.411	356.079	189.595	265.005	428.333	239.975	68.006	372.474	205.294	100.434	343.884	299.032	106.521	209.376	188.014	36.249	196.251	266.686	41.909	381.647	388.738	1226.076	361.744	387.728	1556.268	410.608	470.936	1396.434	405.777	309.840	1382.942	250.870	387.540	1825.237	116.985	360.040	1752.353	232.022	285.488	1719.509	199.204	479.063	1736.078	274.498	572.662	1550.751	259.284	666.490	1369.905	362.771	702.246	1443.627	340.002	729.808	1344.382	350.337	764.030	1287.466	422.597	682.939	1262.267	281.494	664.773	1218.206	331.027	776.721	1170.228	287.054	696.364	1122.349	311.272	597.562	1077.425	254.038	667.605	1051.481	231.808	607.661	1055.535	276.855	212.231	1557.777	240.044	127.758	1370.137	333.490	57.113	1429.939	304.971	55.739	1331.393	328.446	4.639	1259.933	406.055	82.420	1249.634	330.709	133.141	1217.302	270.576	28.596	1195.577	285.224	105.293	1128.992	293.848	174.139	1058.956	258.413	103.032	1011.947	232.053	157.283	1031.491
273.459	556.600	1103.545	301.192	573.398	923.798	189.860	519.883	1050.938	272.820	218.223	1097.585	277.798	201.322	952.425	194.502	255.354	1045.496	384.140	444.085	1077.216	389.606	385.522	1098.198	388.103	331.005	1074.874	321.567	572.433	806.758	246.319	588.618	813.365	244.890	589.839	688.668	311.599	574.767	682.829	258.872	568.308	515.506	264.087	435.815	493.417	348.783	581.004	399.144	276.954	579.875	389.151	301.193	583.516	281.472	360.289	583.453	293.582	428.695	532.443	78.871	381.812	568.828	105.118	353.579	482.378	102.951	212.461	597.586	33.906	205.061	503.241	38.871	308.761	195.535	791.128	233.376	199.478	791.847	236.213	197.798	668.705	296.551	194.378	664.762	291.130	202.267	519.015	286.110	324.905	474.223	355.493	182.002	373.525	281.472	210.265	369.994	297.123	208.264	263.379	356.081	189.588	264.977	428.344	239.951	67.996	372.486	205.287	100.422	343.875	299.038	106.533	209.370	188.015	36.265	196.263	266.684	41.897	381.677	388.723	1226.248	361.302	387.687	1556.397	410.338	470.933	1396.631	405.522	309.779	1383.206	250.325	387.493	1825.212	116.414	360.019	1752.310	231.499	285.434	1719.478	198.597	479.046	1736.026	274.106	572.644	1550.850	259.035	666.498	1369.975	362.574	702.147	1443.698	339.824	729.770	1344.438	350.134	763.973	1287.518	422.425	682.852	1262.401	281.405	664.764	1218.018	331.759	776.972	1169.838	287.167	696.350	1122.195	311.455	597.563	1077.269	254.287	667.613	1051.268	232.053	607.680	1055.399	276.249	212.253	1557.794	239.632	127.678	1370.140	333.125	57.097	1429.975	304.625	55.688	1331.433	328.111	4.615	1259.935	405.763	82.346	1249.785	330.488	133.131	1217.348	270.387	28.608	1195.448	285.222	105.319	1128.921	294.088	174.197	1058.895	258.708	103.150	1011.757	232.289	157.305	1031.449
273.643	556.623	1103.544	301.456	573.408	923.744	190.158	519.849	1050.881	273.035	218.237	1097.700	278.120	201.316	952.524	194.823	255.418	1045.572	384.397	444.089	1077.337	389.889	385.538	1098.352	388.414	331.024	1075.050	321.809	572.403	806.687	246.575	588.591	813.337	244.998	589.872	688.647	311.697	574.764	682.651	258.738	568.345	515.483	263.895	435.835	493.425	348.632	581.017	399.123	276.795	579.895	389.096	301.068	583.544	281.400	360.192	583.469	293.594	428.708	532.442	78.876	381.808	568.817	105.096	353.573	482.379	102.956	212.458	597.587	33.934	205.062	503.239	38.873	309.631	195.869	790.954	233.729	199.446	791.842	236.463	197.703	668.733	296.805	194.389	664.698	291.232	202.246	518.975	286.084	324.904	474.203	355.482	182.004	373.503	281.504	210.269	369.952	297.107	208.261	263.358	356.070	189.593	264.965	428.346	239.939	67.999	372.481	205.298	100.406	343.890	299.041	106.517	209.380	188.027	36.257	196.265	266.682	41.912	381.684	388.714	1226.416	360.854	387.652	1556.530	410.138	470.932	1396.856	405.265	309.738	1383.411	249.696	387.425	1825.191	115.839	359.968	1752.235	230.976	285.392	1719.453	198.028	479.015	1736.044	273.656	572.614	1550.928	258.751	666.539	1370.064	362.350	702.082	1443.759	339.607	729.746	1344.513	349.927	763.884	1287.576	422.218	682.785	1262.542	281.274	664.738	1217.863	331.940	776.992	1169.753	287.271	696.338	1122.073	311.657	597.565	1077.130	254.529	667.599	1051.064	232.354	607.723	1055.262	275.607	212.233	1557.858	239.262	127.648	1370.135	332.594	57.137	1430.170	304.186	55.614	1331.511	327.791	4.603	1259.938	405.462	82.252	1249.899	330.256	133.097	1217.326	270.187	28.630	1195.318	285.231	105.374	1128.847	294.349	174.249	1058.875	259.013	103.286	1011.595	232.543	157.353	1031.446
273.842	556.642	1103.560	301.790	573.415	923.663	190.479	519.823	1050.817	273.301	218.263	1097.818	278.541	201.267	952.625	195.116	255.467	1045.610	384.660	444.068	1077.525	390.141	385.568	1098.531	388.710	331.043	1075.263	322.052	572.364	806.556	246.824	588.552	813.321	245.108	589.880	688.597	311.802	574.759	682.569	258.550	568.381	515.401	263.703	435.839	493.403	348.449	581.030	399.119	276.856	579.897	389.032	300.939	583.597	281.276	360.066	583.465	293.608	428.698	532.435	78.874	381.786	568.815	105.089	353.578	482.382	102.975	212.455	597.583	33.943	205.065	503.251	38.867	309.532	195.620	791.053	234.075	199.393	791.865	236.739	197.638	668.736	297.043	194.388	664.694	291.322	202.220	518.977	286.088	324.910	474.202	355.496	182.017	373.480	281.502	210.272	369.912	297.138	208.264	263.355	356.082	189.599	264.949	428.352	239.921	67.993	372.500	205.293	100.407	343.921	299.041	106.518	209.385	188.009	36.267	196.278	266.674	41.925	380.574	388.669	1226.290	360.344	387.599	1556.679	410.041	470.944	1397.247	404.976	309.672	1383.659	249.108	387.382	1825.197	115.252	359.912	1752.179	230.389	285.378	1719.385	197.481	478.968	1736.031	273.173	572.597	1551.045	258.472	666.550	1370.123	362.069	702.000	1443.842	339.374	729.706	1344.637	349.681	763.828	1287.645	422.021	682.728	1262.729	281.148	664.729	1217.702	332.078	776.999	1169.655	287.388	696.349	1121.993	311.885	597.573	1076.987	254.794	667.619	1050.846	232.657	607.751	1055.117	274.985	212.238	1557.902	238.858	127.608	1370.163	332.156	57.104	1430.237	303.820	55.541	1331.558	327.424	4.594	1259.976	405.197	82.253	1250.165	330.071	133.093	1217.468	270.020	28.652	1195.131	285.278	105.414	1128.755	294.625	174.307	1058.831	259.315	103.404	1011.463	232.834	157.378	1031.420
274.034	556.662	1103.571	302.166	573.445	923.604	190.834	519.808	1050.688	273.569	218.288	1097.917	278.987	201.238	952.747	195.397	255.531	1045.714	384.969	444.079	1077.677	390.358	385.608	1098.693	389.040	331.064	1075.487	322.325	572.332	806.440	247.085	588.557	813.258	245.211	589.925	688.571	311.915	574.763	682.446	258.419	568.448	515.374	263.479	435.871	493.389	348.266	581.034	399.079	276.719	579.926	389.002	300.851	583.544	281.291	359.955	583.467	293.604	428.698	532.451	78.902	381.777	568.817	105.139	353.568	482.399	102.956	212.473	597.587	33.937	205.057	503.242	38.886	310.366	195.949	790.913	234.423	199.357	791.883	237.018	197.578	668.732	297.310	194.407	664.634	291.408	202.217	518.981	286.113	324.907	474.191	355.528	182.013	373.476	281.505	210.268	369.916	297.119	208.266	263.312	356.098	189.606	264.925	428.371	239.945	67.988	372.494	205.280	100.401	343.904	299.014	106.526	209.410	188.011	36.293	196.289	266.679	41.932	380.576	388.676	1226.512	359.869	387.584	1556.784	409.616	470.925	1397.248	404.693	309.632	1383.912	248.518	387.347	1825.154	114.687	359.844	1752.155	229.793	285.345	1719.355	196.852	478.950	1736.039	272.725	572.576	1551.142	258.191	666.570	1370.201	361.769	701.942	1443.944	339.160	729.688	1344.736	349.441	763.769	1287.729	421.819	682.665	1262.917	281.061	664.703	1217.589	331.973	776.864	1169.706	287.535	696.308	1121.814	312.129	597.580	1076.826	255.060	667.611	1050.663	232.985	607.801	1054.977	274.359	212.208	1557.977	238.100	127.250	1370.299	331.701	57.077	1430.350	303.448	55.382	1331.539	327.007	4.558	1260.024	404.878	82.097	1250.242	329.889	133.074	1217.526	269.859	28.709	1195.031	285.303	105.466	1128.713	294.907	174.371	1058.848	259.616	103.555	1011.350	233.140	157.419	1031.415
274.258	556.650	1103.597	302.634	573.430	923.496	191.197	519.790	1050.589	273.853	218.304	1097.998	279.288	201.223	952.836	195.773	255.578	1045.723	385.273	444.099	1077.842	390.699	385.674	1098.926	389.371	331.083	1075.727	322.576	572.307	806.315	247.282	588.500	813.251	245.321	589.916	688.552	312.022	574.756	682.330	258.279	568.481	515.312	263.267	435.895	493.385	348.098	581.061	399.029	276.320	579.975	388.943	300.731	583.553	281.256	359.817	583.453	293.617	428.682	532.446	78.892	381.764	568.827	105.132	353.569	482.377	102.974	212.480	597.585	33.960	205.072	503.246	38.877	310.774	196.042	790.844	234.729	199.279	791.951	237.289	197.525	668.739	297.554	194.393	664.612	291.500	202.194	518.980	286.089	324.904	474.132	355.507	182.002	373.456	281.514	210.274	369.888	297.138	208.283	263.246	356.130	189.625	264.910	428.370	239.944	67.984	372.509	205.277	100.406	343.912	298.995	106.529	209.402	188.015	36.277	196.295	266.678	41.949	380.578	388.672	1226.715	359.377	387.571	1556.922	409.411	470.926	1397.554	404.404	309.552	1384.118	247.921	387.278	1825.088	114.089	359.802	1752.081	229.236	285.318	1719.298	196.251	478.899	1736.031	272.251	572.566	1551.212	257.891	666.575	1370.254	361.426	701.909	1444.101	338.882	729.664	1344.827	349.211	763.723	1287.798	421.631	682.653	1263.047	280.957	664.700	1217.445	332.042	776.905	1169.813	287.687	696.308	1121.689	312.428	597.621	1076.675	255.324	667.601	1050.502	233.285	607.845	1054.844	273.744	212.206	1558.057	237.717	127.263	1370.292	331.216	57.052	1430.465	303.005	55.329	1331.675	326.666	4.520	1260.050	404.651	82.060	1250.494	329.726	133.089	1217.656	269.655	28.733	1194.936	285.348	105.529	1128.672	295.225	174.423	1058.831	259.940	103.672	1011.224	233.428	157.459	1031.440
274.532	556.658	1103.586	303.032	573.474	923.442	191.608	519.795	1050.456	274.144	218.339	1098.096	279.652	201.203	952.923	196.139	255.675	1045.758	385.585	444.101	1078.004	390.952	385.687	1099.085	389.727	331.120	1075.993	322.820	572.314	806.227	247.677	588.524	813.115	245.425	589.960	688.510	312.147	574.756	682.259	258.105	568.559	515.269	263.073	435.911	493.355	347.908	581.058	398.994	276.370	579.965	388.852	300.566	583.684	281.057	359.711	583.451	293.597	428.692	532.431	78.894	381.766	568.820	105.121	353.556	482.361	102.981	212.488	597.580	33.969	205.075	503.246	38.897	311.135	196.067	790.829	235.091	199.247	791.987	237.554	197.438	668.765	297.806	194.395	664.560	291.533	202.173	518.992	286.099	324.914	474.166	355.518	181.998	373.443	281.498	210.266	369.891	297.144	208.280	263.229	356.107	189.618	264.897	428.375	239.937	67.976	372.512	205.262	100.415	343.921	298.995	106.559	209.409	188.006	36.293	196.300	266.686	41.960	380.643	388.669	1226.954	358.870	387.573	1557.051	409.107	470.894	1397.753	404.097	309.491	1384.455	247.290	387.210	1825.043	113.466	359.750	1752.066	228.644	285.309	1719.252	195.611	478.839	1736.002	271.794	572.547	1551.295	257.582	666.547	1370.300	361.061	701.861	1444.260	338.558	729.654	1344.925	348.990	763.652	1287.877	421.461	682.629	1263.223	280.862	664.705	1217.348	332.109	776.854	1169.725	287.843	696.322	1121.594	312.748	597.674	1076.525	255.632	667.610	1050.334	233.583	607.872	1054.723	273.138	212.209	1558.106	237.594	127.647	1370.067	330.661	57.003	1430.579	302.582	55.269	1331.752	326.302	4.499	1260.087	404.387	81.971	1250.890	329.545	133.054	1217.751	269.447	28.749	1194.832	285.391	105.556	1128.660	295.541	174.480	1058.834	260.301	103.816	1011.064	233.715	157.487	1031.464
274.784	556.670	1103.689	303.461	573.520	923.455	191.993	519.782	1050.370	274.401	218.395	1098.187	280.033	201.201	953.006	196.476	255.735	1045.790	385.879	444.123	1078.151	391.332	385.758	1099.318	390.069	331.192	1076.236	323.106	572.285	806.084	247.983	588.565	813.142	245.610	589.993	688.483	312.268	574.810	682.087	257.950	568.616	515.222	262.852	435.950	493.357	347.737	581.080	398.965	276.191	579.988	388.800	300.458	583.616	281.078	359.609	583.444	293.585	428.688	532.439	78.891	381.780	568.803	105.148	353.566	482.377	102.994	212.477	597.575	33.970	205.075	503.244	38.898	311.422	196.086	790.801	235.435	199.222	791.999	237.807	197.380	668.770	298.089	194.401	664.507	291.625	202.170	518.961	286.070	324.905	474.152	355.529	182.005	373.437	281.508	210.272	369.869	297.134	208.283	263.281	356.101	189.613	264.872	428.382	239.919	67.964	372.521	205.275	100.392	343.925	298.974	106.540	209.405	188.020	36.276	196.326	266.678	41.923	380.650	388.658	1227.169	358.357	387.549	1557.258	408.772	470.865	1397.894	403.787	309.385	1384.667	246.646	387.139	1824.969	112.869	359.709	1751.999	228.062	285.277	1719.224	194.954	478.772	1735.975	271.316	572.530	1551.348	257.199	666.542	1370.332	360.643	701.866	1444.389	338.265	729.647	1345.033	348.757	763.624	1287.969	421.259	682.624	1263.405	280.774	664.682	1217.225	332.260	776.956	1169.649	287.990	696.333	1121.513	313.041	597.689	1076.399	255.943	667.628	1050.162	233.922	607.923	1054.597	272.514	212.202	1558.160	237.211	127.716	1370.043	330.101	56.932	1430.648	302.144	55.243	1331.763	325.890	4.468	1260.146	404.095	81.849	1251.151	329.344	133.037	1217.884	269.254	28.798	1194.735	285.440	105.610	1128.639	295.862	174.533	1058.853	260.659	103.947	1010.977	234.063	157.516	1031.518
275.060	556.665	1103.697	303.818	573.544	923.436	192.419	519.783	1050.259	274.674	218.455	1098.330	280.384	201.183	953.094	196.808	255.792	1045.845	386.175	444.149	1078.277	391.638	385.831	1099.571	390.406	331.241	1076.476	323.390	572.273	805.946	248.280	588.560	813.110	245.755	590.024	688.455	312.390	574.783	681.992	257.803	568.709	515.166	262.634	435.984	493.334	347.559	581.079	398.959	276.041	580.009	388.744	300.388	583.631	281.049	359.483	583.442	293.566	428.676	532.454	78.893	381.765	568.813	105.129	353.553	482.384	102.994	212.488	597.567	33.964	205.092	503.247	38.901	311.830	196.129	790.720	235.826	199.241	792.001	238.082	197.309	668.797	298.330	194.382	664.506	291.713	202.162	518.917	286.085	324.918	474.145	355.519	182.003	373.417	281.506	210.247	369.827	297.150	208.291	263.188	356.146	189.641	264.859	428.383	239.919	67.962	372.540	205.259	100.394	343.965	298.984	106.553	209.397	188.009	36.294	196.321	266.670	41.948	380.688	388.662	1227.355	357.851	387.545	1557.442	408.513	470.873	1398.108	403.522	309.275	1384.980	245.993	387.068	1824.957	112.255	359.676	1751.954	227.407	285.251	1719.186	194.368	478.723	1735.960	270.802	572.501	1551.443	256.893	666.487	1370.315	360.243	701.845	1444.505	337.927	729.655	1345.136	348.540	763.586	1288.057	421.061	682.622	1263.607	280.708	664.664	1217.128	332.188	776.833	1169.730	288.152	696.314	1121.381	313.331	597.734	1076.278	256.280	667.620	1049.982	234.271	607.974	1054.458	271.835	212.198	1558.257	236.817	127.823	1370.004	329.545	56.865	1430.795	301.690	55.173	1331.865	325.532	4.424	1260.189	403.830	81.709	1251.400	329.164	132.985	1217.940	269.011	28.842	1194.637	285.512	105.646	1128.623	296.214	174.575	1058.891	260.999	104.060	1010.897	234.396	157.557	1031.540
275.358	556.668	1103.767	304.163	573.579	923.436	192.828	519.770	1050.165	274.946	218.517	1098.455	280.872	201.170	953.221	197.164	255.847	1045.912	386.457	444.185	1078.415	392.008	385.881	1099.818	390.769	331.322	1076.689	323.662	572.246	805.782	248.564	588.537	813.075	245.882	590.027	688.410	312.551	574.782	681.889	257.639	568.752	515.109	262.403	436.034	493.305	347.409	581.087	398.924	275.627	580.072	388.702	300.265	583.621	280.979	359.385	583.443	293.551	428.683	532.447	78.890	381.749	568.808	105.128	353.547	482.375	103.005	212.504	597.592	33.963	205.097	503.254	38.934	312.134	196.151	790.726	236.213	199.221	791.983	238.334	197.237	668.774	298.601	194.377	664.490	291.817	202.148	518.875	286.071	324.910	474.126	355.528	182.016	373.399	281.499	210.260	369.841	297.150	208.308	263.185	356.107	189.624	264.853	428.395	239.904	67.971	372.517	205.248	100.409	344.006	298.976	106.546	209.408	188.012	36.303	196.315	266.674	41.954	380.749	388.677	1227.594	357.289	387.511	1557.581	408.209	470.839	1398.370	403.238	309.181	1385.206	245.327	387.010	1824.919	111.616	359.610	1751.897	226.788	285.197	1719.105	193.762	478.694	1735.963	270.241	572.498	1551.538	256.591	666.438	1370.327	359.785	701.855	1444.620	337.589	729.629	1345.249	348.289	763.546	1288.149	420.862	682.623	1263.802	280.611	664.627	1217.032	332.238	776.830	1169.760	288.365	696.344	1121.289	313.618	597.746	1076.180	256.593	667.630	1049.814	234.642	608.041	1054.330	271.169	212.193	1558.322	236.822	128.285	1369.672	328.936	56.789	1430.912	301.200	55.127	1331.969	325.185	4.398	1260.265	403.557	81.556	1251.590	329.012	132.963	1218.023	268.799	28.871	1194.533	285.556	105.682	1128.630	296.585	174.627	1058.913	261.391	104.167	1010.803	234.735	157.597	1031.567
275.649	556.651	1103.803	304.422	573.616	923.416	193.253	519.770	1050.065	275.171	218.559	1098.558	281.317	201.121	953.314	197.510	255.893	1045.925	386.756	444.215	1078.508	392.346	385.923	1100.067	391.092	331.370	1076.918	323.998	572.244	805.636	248.840	588.518	813.013	245.992	590.037	688.319	312.681	574.791	681.744	257.461	568.834	515.040	262.182	436.066	493.276	347.231	581.096	398.916	275.459	580.100	388.652	300.157	583.618	280.917	359.279	583.435	293.507	428.682	532.453	78.887	381.738	568.807	105.155	353.550	482.386	102.989	212.517	597.594	33.975	205.109	503.251	38.911	312.448	196.150	790.702	236.594	199.218	792.017	238.581	197.176	668.800	298.845	194.370	664.442	291.870	202.129	518.864	286.075	324.921	474.135	355.524	182.020	373.374	281.479	210.253	369.760	297.126	208.294	263.179	356.101	189.636	264.848	428.398	239.908	67.972	372.563	205.249	100.441	344.063	298.981	106.551	209.405	188.009	36.307	196.336	266.678	41.958	380.784	388.664	1227.796	356.745	387.518	1557.712	408.029	470.826	1398.699	402.942	309.051	1385.463	244.656	386.936	1824.909	110.978	359.597	1751.847	226.160	285.141	1719.014	193.109	478.659	1735.923	269.644	572.481	1551.622	256.235	666.373	1370.323	359.299	701.855	1444.730	337.153	729.596	1345.380	348.051	763.522	1288.244	420.701	682.630	1264.021	280.549	664.627	1216.862	332.326	776.930	1169.712	288.526	696.344	1121.211	313.893	597.801	1076.107	256.888	667.655	1049.626	235.000	608.090	1054.191	270.442	212.194	1558.348	236.394	128.352	1369.679	328.259	56.715	1431.038	300.676	55.085	1332.121	324.765	4.358	1260.364	403.315	81.405	1251.861	328.892	132.925	1218.147	268.619	28.957	1194.463	285.633	105.708	1128.631	296.964	174.668	1058.956	261.779	104.296	1010.725	235.063	157.613	1031.578
275.940	556.643	1103.833	305.001	573.613	923.280	193.696	519.778	1049.954	275.407	218.649	1098.769	281.726	201.149	953.448	197.882	255.941	1045.989	387.245	444.091	1078.844	392.700	385.991	1100.308	391.437	331.427	1077.149	324.334	572.189	805.422	249.145	588.500	812.961	246.134	590.058	688.271	312.818	574.806	681.621	257.284	568.892	514.949	261.935	436.126	493.280	347.046	581.090	398.889	275.491	580.086	388.531	300.032	583.631	280.853	359.171	583.429	293.509	428.680	532.464	78.958	381.742	568.808	105.147	353.542	482.388	102.986	212.515	597.593	33.991	205.107	503.257	38.906	312.882	196.210	790.648	236.947	199.208	792.020	238.830	197.118	668.858	299.088	194.360	664.405	291.912	202.126	518.859	286.078	324.935	474.124	355.503	182.010	373.363	281.478	210.251	369.750	297.147	208.303	263.148	356.111	189.649	264.826	428.418	239.896	67.990	372.533	205.233	100.389	344.404	298.989	106.633	209.418	188.000	36.300	196.349	266.675	41.977	380.860	388.659	1228.041	356.195	387.492	1557.834	407.667	470.804	1398.912	402.651	308.940	1385.724	243.980	386.877	1824.870	110.309	359.557	1751.727	225.525	285.112	1718.918	192.399	478.610	1735.796	269.081	572.458	1551.665	255.799	666.244	1370.356	358.772	701.886	1444.937	336.746	729.576	1345.498	347.774	763.491	1288.352	420.534	682.599	1264.335	280.497	664.591	1216.682	332.243	776.872	1169.891	288.737	696.353	1121.100	314.200	597.827	1076.032	257.250	667.680	1049.474	235.408	608.169	1054.050	269.759	212.212	1558.377	235.972	128.458	1369.676	327.567	56.604	1431.171	300.201	55.064	1332.135	324.341	4.336	1260.423	403.017	81.252	1252.231	328.775	132.904	1218.330	268.423	28.986	1194.379	285.672	105.718	1128.682	297.355	174.716	1059.015	262.180	104.400	1010.638	235.391	157.625	1031.612
276.278	556.645	1103.875	305.572	573.597	923.205	194.140	519.791	1049.858	275.676	218.724	1098.918	282.154	201.123	953.540	198.274	255.988	1046.050	387.607	444.109	1078.956	392.228	385.946	1099.921	391.822	331.491	1077.350	324.672	572.173	805.213	249.473	588.489	812.924	246.286	590.111	688.203	312.974	574.807	681.502	257.094	568.959	514.903	261.662	436.186	493.258	346.852	581.107	398.852	275.311	580.142	388.443	299.913	583.644	280.806	359.070	583.391	293.448	428.664	532.457	78.905	381.742	568.815	105.145	353.550	482.387	102.984	212.504	597.598	33.993	205.135	503.254	38.935	312.815	195.986	790.732	237.309	199.189	792.057	239.072	197.058	668.895	299.381	194.349	664.394	291.980	202.085	518.821	286.041	324.943	474.133	355.491	182.011	373.351	281.461	210.259	369.704	297.134	208.314	263.111	356.098	189.645	264.807	428.430	239.903	67.974	372.552	205.235	100.382	344.408	298.990	106.594	209.419	188.005	36.313	196.337	266.676	41.990	380.933	388.647	1228.261	355.642	387.496	1557.962	407.256	470.722	1399.107	402.351	308.814	1385.976	243.279	386.819	1824.833	109.650	359.514	1751.645	224.845	285.060	1718.852	191.733	478.564	1735.784	268.510	572.438	1551.732	255.417	666.149	1370.223	358.225	701.951	1445.093	336.533	729.614	1345.641	347.493	763.493	1288.499	420.344	682.620	1264.581	280.428	664.570	1216.567	332.340	776.984	1169.872	288.930	696.365	1121.031	314.546	597.881	1075.939	257.656	667.683	1049.269	235.867	608.235	1053.895	269.086	212.215	1558.455	235.543	128.583	1369.667	326.866	56.470	1431.290	299.676	55.034	1332.210	323.920	4.258	1260.500	402.749	81.070	1252.516	328.643	132.828	1218.448	268.196	29.015	1194.369	285.820	105.773	1128.627	297.695	174.739	1059.071	262.600	104.489	1010.555	235.784	157.624	1031.643
276.600	556.647	1103.952	306.206	573.612	923.156	194.604	519.808	1049.727	275.988	218.751	1099.061	282.617	201.111	953.613	198.612	255.973	1046.110	388.019	444.140	1079.106	392.521	385.981	1100.104	392.248	331.549	1077.595	324.957	572.132	805.081	249.818	588.481	812.851	246.465	590.181	688.416	313.088	574.775	681.378	256.896	569.023	514.826	261.414	436.245	493.205	346.662	581.114	398.834	275.104	580.181	388.328	299.805	583.660	280.749	358.966	583.390	293.399	428.677	532.469	78.888	381.745	568.827	105.133	353.552	482.385	102.995	212.525	597.612	33.994	205.126	503.262	38.917	313.601	196.294	790.677	237.670	199.196	792.062	239.322	196.968	669.016	299.596	194.350	664.348	291.990	202.053	518.847	286.040	324.960	474.104	355.461	182.004	373.335	281.442	210.264	369.707	297.111	208.306	263.108	356.083	189.661	264.778	428.420	239.888	67.962	372.581	205.241	100.431	344.424	298.979	106.608	209.423	188.013	36.307	196.357	266.678	41.981	381.006	388.642	1228.502	355.083	387.461	1558.100	406.930	470.696	1399.389	402.004	308.675	1386.216	242.609	386.791	1824.803	108.988	359.451	1751.571	224.178	285.025	1718.776	191.052	478.524	1735.734	267.903	572.419	1551.803	255.088	666.054	1370.198	357.626	702.011	1445.251	336.157	729.609	1345.755	347.216	763.469	1288.610	420.178	682.667	1264.869	280.401	664.565	1216.442	332.259	776.867	1170.034	289.137	696.381	1120.908	314.904	597.935	1075.845	258.098	667.711	1049.095	236.286	608.304	1053.758	268.397	212.231	1558.522	235.088	128.701	1369.638	326.122	56.324	1431.397	299.189	55.023	1332.273	323.495	4.216	1260.618	402.520	80.935	1252.880	328.546	132.783	1218.602	268.029	29.047	1194.298	285.925	105.817	1128.635	298.093	174.787	1059.146	262.992	104.572	1010.486	236.184	157.643	1031.636
276.978	556.654	1103.965	306.814	573.627	923.026	195.066	519.827	1049.618	276.289	218.798	1099.188	282.974	201.107	953.641	199.054	256.013	1046.100	388.358	444.176	1079.234	392.875	386.036	1100.331	392.652	331.596	1077.834	325.287	572.101	804.892	250.161	588.473	812.805	246.642	590.238	688.372	313.222	574.776	681.190	256.694	569.102	514.752	261.099	436.324	493.201	346.466	581.106	398.806	274.924	580.238	388.248	299.709	583.671	280.711	358.800	583.410	293.350	428.671	532.459	78.873	381.753	568.819	105.124	353.555	482.397	102.987	212.518	597.608	34.028	205.158	503.277	38.938	313.530	196.041	790.716	237.995	199.211	792.066	239.577	196.937	669.023	299.836	194.322	664.323	292.044	202.067	518.817	286.037	324.984	474.120	355.435	182.005	373.332	281.410	210.256	369.685	297.108	208.328	263.088	356.070	189.648	264.762	428.431	239.870	67.971	372.567	205.221	100.389	344.446	298.993	106.606	209.432	188.003	36.307	196.362	266.675	41.986	381.104	388.634	1228.778	354.478	387.431	1558.227	406.724	470.678	1399.612	401.695	308.569	1386.504	242.110	386.780	1824.656	108.281	359.380	1751.515	223.515	284.991	1718.694	190.344	478.489	1735.717	267.259	572.407	1551.875	254.710	665.933	1370.136	357.040	702.094	1445.410	335.786	729.585	1345.859	346.915	763.429	1288.750	419.995	682.733	1265.076	280.352	664.511	1216.265	332.344	776.989	1169.951	289.349	696.405	1120.822	315.267	597.984	1075.775	258.506	667.714	1048.949	236.700	608.374	1053.617	267.674	212.241	1558.578	234.651	128.826	1369.589	325.326	56.172	1431.515	298.624	55.009	1332.387	323.066	4.158	1260.709	402.240	80.785	1253.246	328.437	132.733	1218.704	267.851	29.111	1194.260	286.005	105.822	1128.653	298.505	174.822	1059.204	263.405	104.635	1010.443	236.549	157.647	1031.665
277.320	556.687	1104.037	307.281	573.656	923.001	195.512	519.846	1049.512	276.597	218.831	1099.268	283.447	201.114	953.751	199.453	256.036	1046.149	388.770	444.241	1079.382	393.197	386.066	1100.512	393.063	331.668	1078.060	325.564	572.101	804.779	250.512	588.464	812.764	246.806	590.263	688.285	313.375	574.785	680.991	256.488	569.155	514.643	260.780	436.386	493.130	346.279	581.111	398.780	274.718	580.299	388.143	299.571	583.686	280.649	358.719	583.407	293.381	428.676	532.477	78.870	381.746	568.842	105.113	353.565	482.420	102.987	212.508	597.608	34.021	205.165	503.294	38.950	314.364	196.383	790.531	238.351	199.214	792.101	239.798	196.900	669.063	300.033	194.295	664.296	292.096	202.068	518.824	286.000	324.994	474.104	355.409	182.012	373.297	281.405	210.255	369.656	297.081	208.342	263.067	356.060	189.663	264.748	428.431	239.868	67.973	372.596	205.218	100.438	344.439	298.976	106.612	209.423	188.009	36.336	196.380	266.680	41.992	381.218	388.608	1229.050	353.880	387.418	1558.362	406.329	470.636	1399.803	401.372	308.510	1386.776	241.416	386.743	1824.604	107.575	359.305	1751.419	222.845	284.966	1718.621	189.682	478.456	1735.680	266.593	572.357	1551.931	254.265	665.791	1370.046	356.414	702.166	1445.560	335.392	729.586	1345.992	346.625	763.397	1288.853	419.804	682.784	1265.367	280.320	664.508	1216.149	332.381	776.958	1169.982	289.538	696.412	1120.722	315.629	598.025	1075.692	258.956	667.740	1048.773	237.130	608.440	1053.467	266.978	212.239	1558.654	234.218	128.939	1369.539	324.488	56.050	1431.659	298.048	54.990	1332.426	322.650	4.078	1260.809	401.959	80.630	1253.527	328.311	132.651	1218.860	267.677	29.129	1194.193	286.104	105.848	1128.676	298.879	174.831	1059.293	263.805	104.712	1010.401	236.929	157.626	1031.672
277.700	556.680	1104.043	307.647	573.665	922.893	195.975	519.873	1049.366	276.936	218.886	1099.343	283.869	201.116	953.760	199.880	256.110	1046.146	389.170	444.275	1079.500	393.559	386.095	1100.732	393.432	331.702	1078.263	325.877	572.034	804.536	250.806	588.512	812.852	246.977	590.318	688.236	313.553	574.791	680.827	256.274	569.220	514.570	260.485	436.438	493.076	346.060	581.125	398.726	274.521	580.374	388.035	299.465	583.709	280.587	358.566	583.419	293.316	428.675	532.478	78.858	381.733	568.862	105.145	353.545	482.406	102.990	212.526	597.603	34.033	205.184	503.287	38.936	314.772	196.432	790.508	238.701	199.222	792.124	240.035	196.874	669.062	300.254	194.263	664.250	292.136	202.040	518.794	285.999	325.008	474.095	355.381	182.009	373.270	281.366	210.269	369.642	297.074	208.343	263.051	356.054	189.675	264.733	428.434	239.867	67.928	372.593	205.205	100.420	344.481	298.975	106.636	209.433	187.998	36.319	196.392	266.695	41.984	381.323	388.558	1229.344	353.264	387.428	1558.503	405.974	470.579	1400.027	401.059	308.421	1387.036	240.668	386.694	1824.555	106.877	359.264	1751.347	222.114	284.933	1718.554	188.990	478.451	1735.608	265.952	572.338	1551.994	253.866	665.679	1369.987	355.794	702.244	1445.707	335.031	729.589	1346.074	346.359	763.396	1288.958	419.640	682.754	1265.735	280.258	664.484	1216.011	332.403	776.995	1170.139	289.758	696.445	1120.663	316.042	598.087	1075.614	259.385	667.775	1048.582	237.554	608.495	1053.339	266.273	212.241	1558.726	233.766	129.080	1369.503	323.695	55.922	1431.770	297.479	54.969	1332.538	322.245	4.031	1260.908	401.753	80.419	1253.960	328.246	132.593	1218.989	267.570	29.170	1194.069	286.202	105.862	1128.694	299.268	174.838	1059.358	264.199	104.751	1010.372	237.887	157.688	1031.495
277.999	556.722	1104.128	308.179	573.656	922.822	196.449	519.916	1049.194	277.228	218.923	1099.443	284.418	201.087	953.825	200.286	256.144	1046.165	389.640	444.348	1079.705	393.917	386.130	1100.910	393.839	331.756	1078.465	326.223	572.028	804.392	251.327	588.540	812.695	247.132	590.341	688.141	313.669	574.782	680.654	256.057	569.317	514.479	260.158	436.519	493.030	345.854	581.138	398.671	274.322	580.412	387.905	299.329	583.728	280.532	358.451	583.434	293.303	428.668	532.488	78.842	381.721	568.842	105.093	353.554	482.427	102.977	212.526	597.620	34.029	205.185	503.284	38.927	315.052	196.444	790.467	239.050	199.248	792.158	240.271	196.839	669.096	300.466	194.252	664.204	292.187	202.041	518.730	285.983	325.024	474.102	355.320	182.004	373.265	281.319	210.265	369.568	297.055	208.352	263.035	356.011	189.686	264.708	428.452	239.861	67.928	372.615	205.184	100.425	344.498	298.971	106.646	209.437	188.007	36.321	196.386	266.675	42.007	381.408	388.538	1229.603	352.659	387.434	1558.640	405.657	470.520	1400.379	400.723	308.324	1387.385	239.753	386.607	1824.565	106.129	359.208	1751.170	221.433	284.920	1718.468	188.278	478.409	1735.532	265.285	572.310	1552.003	253.488	665.536	1369.921	355.162	702.323	1445.846	334.515	729.579	1346.217	346.101	763.382	1289.042	419.460	682.785	1265.976	280.237	664.449	1215.829	332.396	776.994	1170.206	289.971	696.494	1120.581	316.442	598.147	1075.534	259.789	667.802	1048.395	237.971	608.563	1053.217	265.545	212.269	1558.782	233.311	129.219	1369.430	322.888	55.776	1431.893	296.927	54.980	1332.521	321.820	3.969	1261.015	401.445	80.170	1254.208	328.140	132.511	1219.134	267.372	29.200	1194.043	286.318	105.878	1128.713	299.679	174.817	1059.407	264.611	104.801	1010.298	238.285	157.675	1031.491
279.094	556.481	1103.900	308.758	573.673	922.709	196.923	519.924	1049.043	277.590	218.920	1099.497	284.938	201.028	953.948	200.745	256.182	1046.172	390.006	444.376	1079.809	394.250	386.175	1101.097	394.271	331.809	1078.642	326.573	571.978	804.146	251.646	588.518	812.486	247.245	590.381	688.050	313.799	574.795	680.433	255.845	569.391	514.423	259.839	436.591	492.978	345.622	581.166	398.649	274.105	580.484	387.794	299.187	583.762	280.470	358.286	583.454	293.264	428.678	532.510	78.851	381.723	568.847	105.110	353.541	482.426	102.992	212.543	597.622	34.049	205.182	503.298	38.937	314.909	196.155	790.549	239.400	199.205	792.214	240.538	196.823	669.109	300.714	194.243	664.157	292.221	202.040	518.696	285.923	325.025	474.022	355.290	182.002	373.258	281.301	210.292	369.502	297.044	208.371	262.995	355.983	189.667	264.680	428.454	239.837	67.928	372.636	205.199	100.411	344.496	298.956	106.634	209.440	188.013	36.319	196.404	266.682	42.033	381.451	388.502	1229.786	352.041	387.411	1558.787	405.377	470.497	1400.663	400.392	308.236	1387.668	239.012	386.585	1824.522	105.420	359.198	1751.013	220.748	284.908	1718.370	187.527	478.376	1735.439	264.668	572.292	1552.009	253.121	665.400	1369.813	354.480	702.440	1446.001	333.974	729.546	1346.239	345.817	763.363	1289.142	419.275	682.770	1266.308	280.156	664.432	1215.746	332.366	777.009	1170.297	290.159	696.517	1120.500	316.876	598.194	1075.437	260.196	667.837	1048.214	238.479	608.636	1053.020	264.822	212.280	1558.794	232.860	129.373	1369.381	322.047	55.632	1432.018	296.368	54.963	1332.584	321.357	3.924	1261.104	401.186	79.995	1254.493	328.048	132.430	1219.298	267.206	29.238	1193.986	286.414	105.891	1128.748	300.090	174.803	1059.497	265.045	104.862	1010.268	238.757	157.684	1031.477
279.598	556.465	1103.828	309.366	573.682	922.588	197.409	519.949	1048.907	277.980	218.901	1099.595	285.505	201.009	954.054	201.243	256.221	1046.204	390.451	444.422	1079.913	394.650	386.212	1101.310	394.703	331.848	1078.835	326.969	571.967	803.902	252.071	588.553	812.465	247.408	590.433	687.975	313.937	574.799	680.245	255.619	569.479	514.308	259.524	436.670	492.936	345.393	581.194	398.538	273.871	580.528	387.695	299.048	583.788	280.375	358.141	583.460	293.162	428.676	532.504	78.841	381.710	568.884	105.138	353.536	482.430	102.983	212.556	597.616	34.036	205.205	503.292	38.934	315.749	196.454	790.382	239.809	199.242	792.228	240.740	196.797	669.139	300.922	194.212	664.120	292.234	202.024	518.692	285.879	325.055	474.001	355.230	181.995	373.250	281.263	210.293	369.466	297.013	208.373	262.984	355.982	189.688	264.666	428.463	239.840	67.908	372.619	205.191	100.399	344.518	298.950	106.656	209.462	188.010	36.319	196.437	266.684	42.023	381.554	388.483	1230.040	351.382	387.391	1558.889	405.010	470.420	1400.940	400.036	308.110	1387.950	238.220	386.535	1824.408	104.686	359.154	1750.750	220.070	284.886	1718.259	186.778	478.366	1735.353	263.969	572.250	1552.005	252.753	665.266	1369.721	353.783	702.549	1446.145	333.566	729.570	1346.352	345.511	763.345	1289.226	419.063	683.341	1266.807	280.123	664.421	1215.635	332.381	776.999	1170.335	290.420	696.554	1120.355	317.250	598.254	1075.338	260.587	667.864	1048.041	238.979	608.715	1052.857	264.059	212.312	1558.850	232.400	129.507	1369.310	321.222	55.508	1432.155	295.800	54.939	1332.622	320.914	3.841	1261.222	400.911	79.761	1254.846	327.949	132.342	1219.440	266.997	29.264	1193.924	286.539	105.894	1128.757	300.517	174.791	1059.574	265.453	104.894	1010.282	239.215	157.669	1031.476
280.064	556.458	1103.830	310.023	573.697	922.432	197.943	520.002	1048.728	278.364	218.939	1099.736	285.971	200.993	954.079	201.732	256.267	1046.182	390.876	444.427	1080.011	395.054	386.273	1101.512	395.128	331.883	1078.998	327.314	571.919	803.643	252.431	588.560	812.374	247.564	590.487	687.901	314.065	574.800	680.060	255.383	569.553	514.249	259.188	436.762	492.873	345.117	581.230	398.452	273.681	580.591	387.614	298.857	583.801	280.316	357.976	583.492	293.129	428.651	532.513	78.851	381.695	568.880	105.143	353.527	482.450	102.994	212.547	597.638	34.054	205.214	503.302	38.934	316.192	196.481	790.252	240.172	199.261	792.237	240.956	196.799	669.145	301.139	194.183	664.060	292.245	202.014	518.651	285.856	325.081	474.027	355.184	182.004	373.230	281.201	210.330	369.448	296.975	208.392	262.946	355.927	189.691	264.648	428.669	239.779	68.200	372.494	205.316	100.213	344.529	298.947	106.654	209.466	187.997	36.358	196.440	266.690	42.015	381.610	388.441	1230.246	350.732	387.363	1559.013	404.749	470.368	1401.204	399.689	308.052	1388.280	237.494	386.517	1824.343	103.924	359.124	1750.685	219.327	284.858	1718.145	186.020	478.360	1735.301	263.272	572.225	1552.021	252.350	665.124	1369.632	353.082	702.654	1446.283	333.126	729.566	1346.430	345.197	763.338	1289.337	418.523	683.602	1267.379	280.077	664.385	1215.500	332.367	777.057	1170.453	290.605	696.566	1120.323	318.109	598.069	1075.205	261.030	667.902	1047.863	239.449	608.760	1052.703	263.275	212.351	1558.884	231.944	129.674	1369.264	320.387	55.388	1432.293	295.271	54.927	1332.665	320.500	3.795	1261.300	400.668	79.611	1255.289	327.871	132.265	1219.554	266.777	29.310	1193.875	286.657	105.893	1128.806	300.912	174.756	1059.623	265.879	104.915	1010.251	239.627	157.654	1031.518
280.500	556.466	1103.810	310.601	573.742	922.336	198.448	520.035	1048.584	278.717	218.992	1099.827	286.477	200.946	954.158	202.211	256.299	1046.153	391.338	444.463	1080.153	395.491	386.331	1101.744	395.559	331.905	1079.178	327.653	571.891	803.437	252.775	588.568	812.297	247.732	590.549	687.813	314.171	574.790	679.864	255.174	569.625	514.165	258.832	436.867	492.811	344.874	581.265	398.409	273.443	580.622	387.494	298.735	583.866	280.253	357.784	583.497	293.049	428.645	532.514	78.854	381.658	568.890	105.131	353.501	482.446	102.991	212.547	597.633	34.038	205.215	503.304	38.937	316.571	196.499	790.176	240.564	199.312	792.242	241.164	196.775	669.195	301.368	194.150	664.014	292.259	202.012	518.624	285.792	325.089	474.003	355.096	181.989	373.183	281.130	210.323	369.405	296.946	208.401	262.899	355.900	189.689	264.626	428.666	239.743	68.188	372.496	205.299	100.198	344.560	298.940	106.643	209.465	187.987	36.346	196.453	266.690	42.034	381.695	388.406	1230.481	350.083	387.376	1559.131	406.764	470.451	1402.607	399.329	307.945	1388.502	236.723	386.503	1824.258	103.167	359.080	1750.542	218.601	284.815	1718.018	185.217	478.327	1735.176	262.559	572.186	1552.036	251.951	664.973	1369.504	352.371	702.764	1446.409	332.669	729.569	1346.462	344.887	763.335	1289.429	418.351	683.670	1267.684	280.017	664.366	1215.394	332.357	777.049	1170.492	290.852	696.595	1120.158	318.582	598.139	1075.134	261.519	667.940	1047.644	239.898	608.820	1052.551	262.525	212.388	1558.908	231.484	129.847	1369.148	319.591	55.259	1432.435	294.663	54.903	1332.756	320.042	3.718	1261.413	400.420	79.398	1255.680	327.806	132.167	1219.738	266.586	29.350	1193.860	286.765	105.889	1128.831	301.322	174.746	1059.676	266.308	104.941	1010.233	240.071	157.631	1031.517
280.925	556.470	1103.837	311.031	573.720	922.178	198.934	520.057	1048.469	279.122	219.033	1099.941	287.078	200.917	954.305	202.720	256.363	1046.151	391.856	444.504	1080.335	395.846	386.373	1101.933	395.989	331.952	1079.362	328.005	571.844	803.228	253.123	588.564	812.230	247.857	590.580	687.753	314.297	574.786	679.697	254.969	569.692	514.102	258.499	436.957	492.766	344.641	581.314	398.344	273.214	580.656	387.385	298.560	583.872	280.228	357.615	583.516	292.992	428.627	532.519	78.864	381.629	568.902	105.136	353.489	482.453	102.998	212.548	597.625	34.050	205.185	503.300	38.971	316.537	196.233	790.165	240.919	199.337	792.256	241.392	196.748	669.188	301.568	194.126	663.968	292.254	201.974	518.593	285.732	325.127	473.954	355.024	181.992	373.159	281.088	210.327	369.356	296.907	208.436	262.880	355.837	189.693	264.615	428.490	239.798	67.841	372.667	205.180	100.381	344.554	298.935	106.633	209.479	188.000	36.360	196.457	266.691	42.097	381.749	388.372	1230.723	349.436	387.350	1559.270	406.795	470.318	1403.148	398.983	307.838	1388.771	235.941	386.475	1824.093	102.374	359.044	1750.425	217.851	284.802	1717.870	184.458	478.281	1735.080	261.812	572.155	1552.010	251.612	664.814	1369.390	351.629	702.898	1446.556	332.206	729.562	1346.542	344.556	763.322	1289.517	418.142	683.750	1267.979	280.022	664.319	1215.229	332.343	777.059	1170.575	291.080	696.638	1120.080	319.023	598.178	1075.067	261.976	667.964	1047.457	240.355	608.882	1052.409	261.737	212.413	1558.949	230.756	129.755	1369.135	318.732	55.149	1432.542	294.065	54.867	1332.824	319.672	3.664	1261.477	400.139	79.190	1255.952	327.729	132.064	1219.860	266.375	29.365	1193.790	286.856	105.872	1128.861	301.707	174.705	1059.763	266.700	104.944	1010.212	240.561	157.629	1031.468
281.340	556.478	1103.807	311.759	573.760	921.926	199.475	520.081	1048.285	279.527	219.075	1100.044	287.571	200.906	954.340	203.187	256.379	1046.133	392.298	444.540	1080.460	397.221	386.494	1102.878	396.455	331.988	1079.529	328.358	571.817	802.985	253.491	588.571	812.104	248.031	590.650	687.662	314.411	574.789	679.512	254.764	569.757	514.006	258.146	437.052	492.683	344.382	581.365	398.249	272.992	580.703	387.308	298.365	583.935	280.099	357.417	583.556	292.943	428.605	532.519	78.858	381.584	568.903	105.157	353.462	482.450	102.994	212.533	597.638	34.043	205.184	503.322	38.946	317.267	196.491	790.038	241.358	199.409	792.266	241.614	196.737	669.199	301.770	194.107	663.903	292.244	201.970	518.561	285.687	325.140	473.950	354.941	181.998	373.113	280.990	210.344	369.315	296.856	208.437	262.863	355.793	189.699	264.574	428.509	239.783	67.827	372.662	205.162	100.374	344.579	298.934	106.635	209.489	187.987	36.358	196.475	266.698	42.094	381.898	388.365	1231.016	348.512	387.381	1559.538	406.582	470.254	1403.486	398.655	307.741	1389.101	235.106	386.419	1823.950	101.608	359.009	1750.289	217.045	284.800	1717.787	183.726	478.242	1734.956	261.107	572.130	1551.982	251.248	664.688	1369.263	350.880	703.046	1446.707	331.789	729.557	1346.589	344.211	763.335	1289.637	417.941	683.856	1268.270	279.972	664.298	1215.100	332.345	777.127	1170.723	291.313	696.644	1119.946	319.466	598.236	1074.993	262.424	668.005	1047.231	240.818	608.944	1052.250	260.981	212.461	1558.917	230.306	129.873	1369.025	317.833	55.011	1432.669	293.488	54.858	1332.837	319.218	3.587	1261.576	399.904	78.982	1256.292	327.631	131.978	1219.982	266.162	29.355	1193.730	286.938	105.857	1128.874	302.122	174.663	1059.852	267.113	104.984	1010.184	241.015	157.611	1031.484
281.745	556.529	1103.797	312.449	573.780	921.811	200.012	520.102	1048.166	279.914	219.123	1100.134	287.984	200.926	954.339	203.690	256.426	1046.116	392.759	444.566	1080.545	397.690	386.526	1103.142	396.938	332.034	1079.713	328.714	571.775	802.768	253.769	588.580	812.107	248.172	590.717	687.591	314.534	574.784	679.303	254.571	569.832	513.939	257.819	437.156	492.614	344.155	581.416	398.186	272.739	580.755	387.171	298.163	583.935	280.018	357.218	583.584	292.908	428.590	532.508	78.876	381.557	568.895	105.150	353.428	482.453	103.030	212.548	597.624	34.042	205.180	503.307	38.929	317.669	196.512	789.851	241.756	199.431	792.304	241.802	196.715	669.233	301.995	194.108	663.821	292.210	201.965	518.518	285.639	325.166	473.915	354.880	182.022	373.073	280.924	210.366	369.247	296.807	208.438	262.808	355.762	189.719	264.549	428.499	239.782	67.804	372.681	205.161	100.362	344.597	298.925	106.624	209.505	187.989	36.388	196.496	266.692	42.129	382.036	388.364	1231.283	347.811	387.393	1559.705	406.239	470.230	1403.823	398.318	307.684	1389.400	234.288	386.385	1823.826	100.821	358.986	1750.201	216.272	284.799	1717.649	182.946	478.230	1734.842	260.365	572.089	1551.931	250.799	664.544	1369.148	350.145	703.211	1446.837	331.330	729.563	1346.608	343.959	763.289	1289.705	417.740	683.916	1268.596	279.941	664.295	1214.906	332.321	777.143	1170.813	291.537	696.671	1119.898	319.887	598.297	1074.956	262.885	668.021	1046.993	241.347	609.001	1052.065	260.177	212.489	1558.938	229.852	130.014	1368.897	316.963	54.868	1432.756	292.938	54.828	1332.872	318.816	3.528	1261.632	399.602	78.745	1256.584	327.549	131.889	1220.202	265.993	29.382	1193.677	287.090	105.850	1128.859	302.550	174.626	1059.916	267.558	104.988	1010.119	241.495	157.593	1031.426
282.174	556.552	1103.760	313.043	573.771	921.668	200.526	520.131	1047.954	280.389	219.193	1100.243	288.642	200.850	954.475	204.234	256.486	1046.078	393.224	444.598	1080.639	398.094	386.547	1103.304	397.419	332.044	1079.874	329.090	571.770	802.597	254.182	588.596	811.990	248.310	590.770	687.519	314.670	574.787	679.128	254.363	569.891	513.869	257.534	437.242	492.531	343.915	581.481	398.144	272.473	580.778	387.102	297.993	583.976	279.926	356.966	583.603	292.817	428.580	532.513	78.894	381.528	568.912	105.177	353.385	482.460	103.035	212.547	597.635	34.024	205.163	503.310	38.932	317.556	196.200	789.903	242.168	199.471	792.301	242.022	196.709	669.249	302.229	194.099	663.756	292.201	201.959	518.495	285.556	325.192	473.869	354.769	182.006	373.026	280.805	210.342	369.247	296.761	208.453	262.770	355.694	189.729	264.520	428.526	239.759	67.808	372.704	205.153	100.349	344.606	298.930	106.608	209.518	187.985	36.393	196.517	266.688	42.120	382.142	388.348	1231.531	347.103	387.373	1559.836	405.913	470.189	1404.169	397.944	307.624	1389.720	233.436	386.365	1823.667	100.052	358.953	1750.077	215.522	284.790	1717.512	182.127	478.215	1734.689	259.641	572.092	1551.925	250.372	664.359	1368.967	349.392	703.372	1446.948	330.821	729.561	1346.641	343.592	763.287	1289.791	417.553	683.966	1268.858	279.893	664.265	1214.734	332.339	777.175	1170.839	291.761	696.689	1119.773	320.299	598.335	1074.869	263.374	668.042	1046.805	241.887	609.068	1051.883	259.344	212.518	1558.949	229.371	130.132	1368.790	316.109	54.736	1432.850	292.400	54.794	1332.920	318.413	3.446	1261.695	399.300	78.514	1256.893	327.437	131.795	1220.338	265.816	29.381	1193.593	287.213	105.849	1128.883	302.987	174.575	1059.990	268.015	105.008	1010.051	241.956	157.584	1031.416
282.598	556.566	1103.705	313.632	573.760	921.512	201.131	520.184	1047.742	280.770	219.240	1100.330	289.239	200.838	954.509	204.802	256.547	1046.031	393.733	444.602	1080.724	398.488	386.571	1103.494	397.917	332.067	1080.035	329.472	571.741	802.333	254.599	588.625	811.902	248.552	590.866	687.555	314.808	574.779	678.878	254.166	569.952	513.812	257.229	437.334	492.471	343.628	581.548	398.138	272.252	580.824	387.018	297.811	583.969	279.827	356.770	583.639	292.769	428.556	532.520	78.922	381.487	568.912	105.177	353.385	482.458	103.022	212.529	597.631	34.050	205.155	503.308	38.957	318.412	196.522	789.731	242.544	199.465	792.312	242.246	196.694	669.282	302.440	194.093	663.651	292.139	201.946	518.413	285.491	325.216	473.828	354.682	182.012	372.963	280.739	210.367	369.152	296.712	208.472	262.736	355.646	189.738	264.479	428.721	239.708	68.077	372.557	205.273	100.152	344.647	298.925	106.612	209.513	187.983	36.417	196.542	266.685	42.144	382.272	388.357	1231.824	346.406	387.360	1559.916	405.544	470.154	1404.419	397.536	307.611	1390.108	232.604	386.313	1823.544	99.227	358.955	1749.922	214.711	284.750	1717.375	181.335	478.214	1734.598	258.849	572.062	1551.872	249.995	664.185	1368.794	348.637	703.507	1447.021	330.030	729.655	1346.519	343.244	763.289	1289.846	417.341	684.019	1269.122	279.889	664.238	1214.547	332.286	777.141	1170.838	292.024	696.692	1119.593	320.769	598.419	1074.815	263.846	668.029	1046.607	242.426	609.132	1051.733	258.555	212.527	1558.970	228.889	130.234	1368.643	315.222	54.625	1432.949	291.823	54.760	1332.946	317.981	3.379	1261.775	399.044	78.294	1257.280	327.345	131.705	1220.453	265.630	29.394	1193.537	287.323	105.827	1128.893	303.407	174.527	1060.034	268.479	105.014	1010.008	242.445	157.558	1031.377
282.983	556.593	1103.666	314.159	573.729	921.386	201.684	520.205	1047.568	281.177	219.265	1100.458	289.703	200.841	954.504	205.345	256.601	1045.980	394.241	444.638	1080.829	398.966	386.607	1103.710	398.425	332.113	1080.194	329.863	571.689	802.067	255.009	588.614	811.820	248.719	590.942	687.482	314.973	574.786	678.650	253.971	570.017	513.755	256.990	437.414	492.402	343.414	581.593	398.096	271.997	580.861	386.952	297.610	584.000	279.763	356.551	583.667	292.703	428.532	532.533	78.936	381.428	568.899	105.190	353.361	482.449	103.047	212.532	597.628	34.015	205.151	503.308	38.908	318.380	196.233	789.746	242.947	199.472	792.379	242.426	196.681	669.300	302.621	194.077	663.569	292.073	201.920	518.366	285.427	325.232	473.791	354.580	181.995	372.936	280.649	210.372	369.097	296.667	208.508	262.670	355.601	189.746	264.443	428.751	239.693	68.061	372.580	205.264	100.132	344.650	298.901	106.615	209.533	187.984	36.420	196.554	266.686	42.167	382.411	388.356	1232.097	345.717	387.345	1560.051	405.139	470.116	1404.725	397.197	307.480	1390.329	231.761	386.303	1823.370	98.386	358.937	1749.708	213.894	284.716	1717.213	180.408	478.181	1734.402	258.073	572.036	1551.846	249.568	664.012	1368.621	347.856	703.679	1447.143	329.525	729.677	1346.531	342.875	763.290	1289.893	417.132	684.143	1269.354	279.846	664.192	1214.339	332.273	777.162	1170.876	292.276	696.706	1119.486	321.249	598.468	1074.729	264.325	668.021	1046.374	242.940	609.167	1051.583	257.680	212.571	1558.905	228.385	130.371	1368.528	314.321	54.468	1433.017	291.257	54.739	1332.989	317.560	3.294	1261.836	398.768	78.098	1257.645	327.239	131.598	1220.583	265.439	29.393	1193.478	287.458	105.806	1128.904	303.802	174.489	1060.096	268.950	105.025	1009.915	242.964	157.546	1031.320
283.373	556.615	1103.629	314.771	573.735	921.155	202.226	520.220	1047.391	281.591	219.318	1100.497	290.396	200.815	954.607	205.895	256.652	1045.893	394.776	444.691	1080.948	399.299	386.639	1103.848	398.910	332.139	1080.316	330.253	571.618	801.812	255.416	588.631	811.780	248.898	590.998	687.425	315.147	574.765	678.463	253.730	570.064	513.648	256.711	437.491	492.352	343.175	581.637	398.049	271.750	580.895	386.885	297.421	583.999	279.716	356.338	583.729	292.651	428.516	532.522	78.957	381.422	568.915	105.228	353.332	482.454	103.077	212.524	597.620	34.013	205.140	503.305	38.940	319.219	196.529	789.529	243.316	199.498	792.411	242.640	196.648	669.310	302.849	194.098	663.481	292.058	201.903	518.314	285.314	325.258	473.777	354.445	181.992	372.828	280.531	210.378	369.062	296.619	208.535	262.609	355.511	189.739	264.426	428.581	239.723	67.736	372.740	205.141	100.287	344.666	298.909	106.589	209.555	187.986	36.444	196.585	266.675	42.175	382.528	388.368	1232.332	344.945	387.294	1560.136	404.694	470.104	1405.007	396.827	307.421	1390.652	230.896	386.281	1823.250	97.542	358.908	1749.485	213.061	284.681	1717.030	179.519	478.148	1734.179	257.338	572.031	1551.843	249.129	663.853	1368.406	347.097	703.846	1447.239	329.004	729.685	1346.509	342.528	763.323	1289.953	416.911	684.175	1269.599	279.819	664.169	1214.133	332.233	777.088	1170.959	292.480	696.722	1119.383	321.708	598.525	1074.592	264.813	668.002	1046.151	243.444	609.195	1051.444	256.824	212.597	1558.891	227.914	130.495	1368.418	313.467	54.337	1433.095	290.636	54.708	1333.025	317.129	3.216	1261.919	398.608	77.855	1258.238	327.118	131.492	1220.625	265.287	29.424	1193.416	287.576	105.795	1128.886	304.240	174.467	1060.150	269.405	105.019	1009.855	243.471	157.520	1031.259
283.760	556.638	1103.605	315.485	573.704	921.037	202.731	520.245	1047.236	282.001	219.385	1100.574	290.947	200.769	954.679	206.433	256.696	1045.851	395.274	444.721	1081.036	398.927	386.613	1103.431	399.379	332.161	1080.437	330.636	571.599	801.598	255.834	588.619	811.703	249.058	591.055	687.396	315.288	574.772	678.220	253.531	570.138	513.579	256.460	437.559	492.285	342.924	581.683	398.022	271.485	580.924	386.808	297.239	584.031	279.622	356.115	583.762	292.567	428.504	532.526	78.990	381.389	568.914	105.238	353.299	482.455	103.085	212.531	597.618	34.018	205.126	503.280	38.945	319.173	196.271	789.545	243.698	199.519	792.414	242.846	196.629	669.346	303.002	194.077	663.400	292.002	201.895	518.255	285.186	325.279	473.723	354.300	181.981	372.786	280.415	210.369	368.991	296.569	208.553	262.540	355.452	189.755	264.390	428.784	239.658	68.029	372.612	205.258	100.119	344.688	298.897	106.597	209.554	187.976	36.439	196.602	266.681	42.198	382.626	388.368	1232.571	344.186	387.293	1560.256	404.247	470.086	1405.342	396.449	307.320	1390.948	229.993	386.254	1823.059	96.664	358.872	1749.289	212.194	284.638	1716.884	178.671	478.103	1734.016	256.566	572.009	1551.794	248.701	663.702	1368.194	346.325	704.003	1447.299	328.461	729.691	1346.510	342.184	763.372	1289.983	416.715	684.275	1269.885	279.766	664.157	1213.970	332.213	777.096	1170.956	292.762	696.732	1119.199	322.204	598.564	1074.501	265.322	668.012	1045.925	243.993	609.240	1051.272	255.933	212.619	1558.888	227.419	130.596	1368.306	312.607	54.214	1433.136	290.069	54.674	1333.052	316.714	3.145	1261.975	398.289	77.591	1258.457	326.974	131.429	1220.814	265.102	29.425	1193.363	287.705	105.769	1128.871	304.676	174.423	1060.199	269.861	105.036	1009.758	243.987	157.503	1031.227
284.138	556.661	1103.527	316.097	573.718	920.975	203.286	520.274	1047.047	282.452	219.424	1100.613	291.505	200.778	954.706	207.040	256.731	1045.765	395.769	444.747	1081.097	399.326	386.623	1103.598	399.894	332.196	1080.595	330.982	571.558	801.392	256.331	588.667	811.755	249.241	591.101	687.326	315.432	574.784	678.036	253.304	570.193	513.562	256.246	437.621	492.248	342.645	581.756	398.000	271.241	580.964	386.735	297.034	584.056	279.555	355.922	583.795	292.544	428.487	532.529	79.015	381.371	568.916	105.248	353.266	482.446	103.096	212.517	597.611	34.028	205.121	503.294	38.960	319.865	196.512	789.388	244.102	199.548	792.452	243.034	196.619	669.369	303.137	194.057	663.311	291.911	201.870	518.204	285.119	325.317	473.689	354.222	181.991	372.761	280.275	210.377	368.959	296.488	208.584	262.507	355.408	189.779	264.354	428.587	239.692	67.663	372.775	205.124	100.275	344.740	298.884	106.582	209.574	187.974	36.463	196.626	266.678	42.196	382.756	388.359	1232.816	343.484	387.280	1560.335	403.806	470.105	1405.640	396.091	307.270	1391.242	229.123	386.228	1822.911	95.802	358.842	1749.058	211.300	284.643	1716.673	177.805	478.079	1733.839	255.813	572.002	1551.743	248.288	663.541	1367.995	345.570	704.178	1447.357	327.936	729.718	1346.480	341.818	763.375	1289.985	416.506	684.382	1270.135	279.705	664.132	1213.815	332.194	777.235	1171.356	293.014	696.728	1119.078	322.673	598.598	1074.317	265.806	668.011	1045.699	244.584	609.251	1051.053	255.068	212.646	1558.850	226.920	130.705	1368.153	311.770	54.120	1433.150	289.486	54.617	1333.114	316.251	3.072	1262.048	398.006	77.394	1258.769	326.871	131.342	1220.913	264.925	29.426	1193.272	287.838	105.744	1128.880	305.177	174.369	1060.248	270.353	105.056	1009.648	244.520	157.503	1031.130
284.526	556.669	1103.465	316.649	573.700	920.772	203.892	520.289	1046.852	282.941	219.458	1100.668	292.092	200.761	954.721	207.636	256.741	1045.689	396.260	444.740	1081.170	399.748	386.635	1103.775	400.446	332.184	1080.750	331.384	571.571	801.195	256.735	588.666	811.687	249.437	591.139	687.236	315.591	574.789	677.864	253.062	570.260	513.486	256.004	437.680	492.168	342.408	581.841	397.993	270.983	580.989	386.681	296.857	584.058	279.510	355.746	583.848	292.550	428.481	532.538	79.030	381.329	568.908	105.260	353.242	482.460	103.114	212.514	597.612	34.031	205.106	503.287	38.959	319.932	196.317	789.280	244.493	199.581	792.459	243.214	196.577	669.386	303.292	194.054	663.242	291.837	201.851	518.178	285.007	325.336	473.655	354.090	181.996	372.725	280.160	210.394	368.859	296.430	208.618	262.439	355.327	189.776	264.326	428.811	239.634	67.962	372.658	205.240	100.089	344.771	298.873	106.574	209.596	187.966	36.490	196.643	266.663	42.264	382.881	388.359	1233.052	342.723	387.275	1560.435	403.348	470.047	1405.831	395.715	307.216	1391.599	228.234	386.240	1822.806	94.915	358.794	1748.839	210.440	284.642	1716.481	176.980	478.079	1733.681	254.982	571.974	1551.696	247.852	663.403	1367.739	344.786	704.316	1447.406	327.412	729.743	1346.476	341.466	763.380	1289.979	416.316	684.475	1270.376	279.658	664.086	1213.640	332.374	777.161	1171.268	293.261	696.710	1118.896	323.179	598.652	1074.170	266.280	668.008	1045.436	245.131	609.269	1050.873	254.212	212.667	1558.817	226.375	130.762	1368.041	310.926	54.027	1433.190	288.890	54.575	1333.174	315.837	2.992	1262.089	397.666	77.145	1259.019	326.719	131.222	1220.958	264.752	29.420	1193.176	287.976	105.724	1128.837	305.628	174.331	1060.306	270.865	105.082	1009.566	245.074	157.506	1031.036
284.923	556.682	1103.418	317.184	573.683	920.666	204.505	520.317	1046.657	283.444	219.500	1100.719	292.634	200.744	954.761	208.198	256.749	1045.653	396.807	444.762	1081.286	400.179	386.662	1103.937	401.043	332.190	1080.971	331.778	571.548	800.982	257.168	588.666	811.629	249.597	591.175	687.184	315.770	574.808	677.723	252.839	570.320	513.463	255.779	437.742	492.148	342.157	581.911	397.972	270.745	581.029	386.624	296.559	584.067	279.296	355.587	583.910	292.544	428.452	532.538	79.057	381.284	568.923	105.304	353.205	482.453	103.147	212.496	597.603	34.031	205.088	503.277	38.945	320.615	196.553	789.122	244.863	199.599	792.468	243.391	196.537	669.439	303.451	194.046	663.180	291.739	201.839	518.118	284.854	325.352	473.572	353.945	181.989	372.658	280.035	210.401	368.783	296.352	208.626	262.400	355.247	189.800	264.270	428.827	239.609	67.941	372.687	205.235	100.061	344.781	298.874	106.577	209.598	187.965	36.523	196.670	266.658	42.291	383.050	388.397	1233.356	341.905	387.234	1560.512	402.865	470.022	1406.124	395.206	307.130	1391.868	227.531	386.254	1822.557	94.006	358.785	1748.627	209.549	284.645	1716.323	176.107	478.096	1733.484	254.173	571.972	1551.661	247.431	663.253	1367.467	343.974	704.481	1447.430	326.924	729.774	1346.448	341.301	763.334	1289.937	416.074	684.543	1270.658	279.636	664.064	1213.445	332.331	777.140	1171.203	293.465	696.710	1118.779	323.670	598.692	1074.151	266.744	667.984	1045.271	245.660	609.269	1050.708	253.334	212.696	1558.763	225.862	130.843	1367.897	310.107	53.903	1433.285	288.291	54.508	1333.029	315.401	2.930	1262.135	397.337	77.022	1259.213	326.602	131.125	1221.040	264.517	29.397	1193.087	288.090	105.697	1128.813	306.047	174.284	1060.326	271.409	105.102	1009.451	245.649	157.529	1030.934
285.116	556.784	1103.437	317.866	573.662	920.528	205.110	520.339	1046.467	283.914	219.550	1100.754	293.220	200.742	954.751	208.797	256.805	1045.589	397.335	444.754	1081.384	400.596	386.678	1104.041	401.605	332.213	1081.147	332.224	571.515	800.728	257.620	588.654	811.555	250.124	590.861	687.006	315.909	574.820	677.510	252.621	570.379	513.406	255.514	437.822	492.142	341.903	582.010	397.962	270.499	581.064	386.560	296.371	584.085	279.209	355.410	583.932	292.513	428.430	532.536	79.098	381.251	568.916	105.324	353.171	482.459	103.164	212.499	597.608	34.034	205.072	503.288	38.967	321.446	197.058	788.914	245.268	199.551	792.602	243.562	196.506	669.452	303.610	194.052	663.095	291.657	201.813	518.064	284.754	325.372	473.520	353.821	181.983	372.628	279.904	210.409	368.689	296.272	208.645	262.327	355.181	189.803	264.239	428.668	239.654	67.614	372.856	205.105	100.246	344.824	298.860	106.569	209.639	187.957	36.529	196.707	266.666	42.313	383.210	388.407	1233.619	341.122	387.199	1560.623	402.403	469.951	1406.454	394.789	307.129	1392.223	226.600	386.287	1822.351	93.086	358.737	1748.417	208.706	284.618	1716.128	175.178	478.098	1733.292	253.327	571.970	1551.618	247.030	663.134	1367.220	343.177	704.669	1447.451	326.421	729.810	1346.399	340.951	763.331	1289.917	415.890	684.603	1270.919	279.612	664.035	1213.257	332.283	777.154	1171.201	293.721	696.703	1118.618	324.122	598.736	1074.046	267.209	667.951	1045.007	246.196	609.262	1050.520	252.444	212.731	1558.706	225.373	130.907	1367.750	309.301	53.827	1433.343	287.757	54.480	1333.029	314.958	2.865	1262.191	397.056	76.885	1259.522	326.464	131.041	1221.117	264.343	29.398	1192.939	288.259	105.672	1128.785	306.491	174.229	1060.344	271.915	105.112	1009.400	246.257	157.539	1030.828
285.605	556.767	1103.427	318.587	573.598	920.346	205.701	520.359	1046.286	284.453	219.542	1100.780	293.982	200.693	954.858	209.450	256.894	1045.509	397.833	444.753	1081.509	401.081	386.714	1104.244	402.089	332.258	1081.261	332.636	571.468	800.474	258.020	588.624	811.403	250.344	590.897	686.975	316.065	574.827	677.373	252.406	570.452	513.392	255.334	437.895	492.104	341.674	582.061	397.939	270.269	581.100	386.502	296.188	584.108	279.175	355.253	583.969	292.511	428.464	532.611	79.121	380.931	568.850	105.009	353.143	482.467	103.165	212.503	597.595	34.031	205.059	503.287	38.957	321.760	197.067	788.843	245.636	199.518	792.629	243.745	196.504	669.452	303.767	194.059	663.016	291.588	201.801	518.023	284.587	325.415	473.479	353.645	181.973	372.599	279.728	210.390	368.598	296.207	208.653	262.248	355.113	189.815	264.208	428.712	239.650	67.562	372.899	205.103	100.242	344.842	298.847	106.560	209.651	187.939	36.560	196.734	266.661	42.342	383.364	388.438	1233.926	340.380	387.183	1560.738	401.898	469.948	1406.756	394.382	307.065	1392.474	225.434	386.214	1822.214	92.172	358.715	1748.232	207.804	284.568	1715.973	174.269	478.085	1733.090	252.539	571.975	1551.550	246.616	663.011	1367.034	342.400	704.837	1447.390	325.899	729.847	1346.347	340.340	763.358	1289.932	415.664	684.660	1271.166	279.560	663.961	1212.973	332.251	777.171	1171.187	293.948	696.660	1118.423	324.569	598.754	1073.913	267.669	667.952	1044.715	246.753	609.263	1050.354	251.527	212.746	1558.591	224.853	130.973	1367.579	308.502	53.717	1433.364	287.234	54.441	1333.030	314.466	2.775	1262.209	396.782	76.575	1260.058	326.347	130.943	1221.187	264.128	29.398	1192.824	288.372	105.635	1128.751	306.987	174.165	1060.333	272.442	105.132	1009.254	247.621	157.774	1030.477
286.044	556.780	1103.385	319.191	573.595	920.225	206.299	520.343	1046.089	284.978	219.584	1100.801	294.716	200.637	954.939	210.087	256.925	1045.401	398.424	444.778	1081.614	401.566	386.749	1104.442	402.626	332.289	1081.377	333.054	571.415	800.250	258.454	588.610	811.296	250.548	590.897	686.876	316.230	574.831	677.164	252.206	570.521	513.365	255.108	437.957	492.104	341.466	582.141	397.903	270.073	581.151	386.437	296.030	584.120	279.104	355.057	584.028	292.487	428.379	532.548	79.137	381.184	568.930	105.340	353.114	482.477	103.215	212.501	597.597	34.006	205.045	503.278	38.990	322.153	197.104	788.740	246.027	199.547	792.622	243.899	196.467	669.483	303.924	194.061	662.948	291.452	201.773	517.960	284.446	325.440	473.400	353.481	181.970	372.557	279.587	210.412	368.499	296.117	208.717	262.137	355.029	189.840	264.201	428.712	239.635	67.531	372.918	205.087	100.224	344.879	298.839	106.555	209.667	187.942	36.579	196.770	266.650	42.366	383.512	388.470	1234.192	339.562	387.164	1560.785	401.379	469.975	1407.057	394.128	307.071	1392.891	224.665	386.213	1821.855	91.244	358.678	1748.028	206.878	284.588	1715.771	173.325	478.072	1732.889	251.720	571.963	1551.441	246.156	662.891	1366.834	341.641	704.986	1447.354	325.390	729.885	1346.281	339.957	763.375	1289.899	415.415	684.729	1271.356	279.563	663.910	1212.709	332.173	777.185	1171.217	294.177	696.632	1118.261	325.068	598.809	1073.761	268.187	667.888	1044.518	247.328	609.266	1050.125	250.604	212.790	1558.508	224.340	131.044	1367.432	307.692	53.625	1433.432	286.653	54.372	1333.029	313.989	2.687	1262.233	396.416	76.345	1260.271	326.217	130.853	1221.272	263.940	29.418	1192.672	288.522	105.628	1128.677	307.493	174.109	1060.298	272.983	105.171	1009.135	248.217	157.776	1030.357
286.506	556.736	1103.329	319.829	573.587	920.068	206.893	520.318	1045.936	285.551	219.547	1100.830	295.260	200.635	954.911	210.731	256.948	1045.307	399.025	444.819	1081.736	402.098	386.788	1104.648	403.179	332.290	1081.508	333.450	571.396	800.032	258.896	588.609	811.223	250.783	590.935	686.820	316.411	574.847	676.957	251.993	570.572	513.299	254.963	438.031	492.081	341.262	582.194	397.873	269.859	581.214	386.392	295.870	584.153	279.086	354.883	584.091	292.490	428.367	532.564	79.164	381.183	568.954	105.425	353.094	482.478	103.233	212.476	597.592	34.026	205.039	503.290	38.983	322.633	197.179	788.592	246.484	199.632	792.639	244.060	196.391	669.579	304.095	194.072	662.867	291.289	201.751	517.912	284.285	325.472	473.359	353.315	181.972	372.534	279.423	210.399	368.389	296.031	208.729	262.015	354.921	189.838	264.185	428.756	239.625	67.506	372.961	205.059	100.221	344.918	298.831	106.564	209.686	187.940	36.608	196.820	266.648	42.351	383.660	388.478	1234.421	338.706	387.166	1560.907	400.899	469.968	1407.257	393.507	306.997	1393.164	223.756	386.231	1821.678	90.317	358.681	1747.737	205.977	284.568	1715.569	172.396	478.047	1732.666	250.860	571.946	1551.309	245.674	662.784	1366.606	340.883	705.125	1447.364	324.852	729.921	1346.251	339.602	763.383	1289.867	415.156	684.816	1271.540	279.528	663.848	1212.515	332.110	777.185	1171.141	294.407	696.608	1118.065	325.539	598.842	1073.603	268.649	667.855	1044.185	247.881	609.275	1049.920	249.657	212.813	1558.428	223.799	131.085	1367.272	306.843	53.545	1433.478	286.031	54.315	1333.027	313.526	2.624	1262.246	396.165	76.151	1260.556	326.118	130.783	1221.321	263.734	29.430	1192.471	288.661	105.602	1128.615	308.008	174.050	1060.300	273.588	105.208	1009.024	248.792	157.782	1030.257
287.045	556.728	1103.198	320.355	573.578	920.006	207.516	520.311	1045.712	286.099	219.584	1100.859	295.961	200.628	954.937	211.378	256.962	1045.191	399.615	444.824	1081.808	402.620	386.777	1104.822	403.755	332.277	1081.682	333.864	571.377	799.841	259.353	588.564	811.068	250.980	590.962	686.738	316.600	574.867	676.744	251.808	570.639	513.227	254.728	438.125	492.042	341.033	582.280	397.883	269.631	581.264	386.289	295.707	584.183	279.053	354.722	584.127	292.471	428.400	532.636	79.197	380.874	568.876	105.150	353.045	482.495	103.249	212.493	597.602	34.048	205.010	503.272	38.982	322.880	197.179	788.578	246.872	199.660	792.641	244.225	196.357	669.615	304.252	194.090	662.785	291.133	201.710	517.866	284.105	325.500	473.320	353.138	181.967	372.516	279.223	210.416	368.272	295.906	208.722	261.951	354.842	189.868	264.141	428.767	239.587	67.473	372.978	205.070	100.202	344.938	298.837	106.578	209.710	187.922	36.617	196.840	266.644	42.412	383.812	388.494	1234.694	337.900	387.181	1561.028	400.372	469.993	1407.529	393.129	306.946	1393.452	222.787	386.204	1821.496	89.331	358.679	1747.359	204.992	284.597	1715.316	171.400	478.033	1732.378	250.017	571.922	1551.125	245.174	662.717	1366.347	340.103	705.257	1447.338	324.252	729.884	1346.089	339.208	763.367	1289.805	414.807	684.827	1271.919	279.457	663.746	1212.266	332.067	777.190	1171.131	294.653	696.557	1117.832	326.056	598.791	1073.467	269.081	667.793	1043.960	248.432	609.247	1049.724	248.767	212.866	1558.321	223.274	131.149	1367.136	306.012	53.482	1433.514	285.485	54.273	1333.015	313.095	2.550	1262.270	395.858	75.915	1260.800	325.975	130.678	1221.403	263.540	29.444	1192.305	288.841	105.583	1128.535	308.504	173.996	1060.262	274.826	105.469	1008.655	249.387	157.779	1030.159
287.574	556.697	1103.144	320.920	573.555	919.866	208.131	520.311	1045.500	286.634	219.611	1100.867	296.577	200.607	954.940	213.053	257.418	1044.788	399.269	444.621	1081.321	403.145	386.820	1105.085	404.324	332.262	1081.825	334.324	571.347	799.598	259.782	588.533	810.954	251.252	591.008	686.665	316.820	574.883	676.488	251.597	570.706	513.183	254.571	438.194	492.029	340.827	582.369	397.833	269.448	581.311	386.220	295.536	584.211	279.022	354.552	584.170	292.459	428.393	532.633	79.234	380.839	568.870	105.138	353.018	482.499	103.259	212.466	597.597	34.027	204.998	503.274	38.964	323.313	197.220	788.393	247.228	199.688	792.640	244.370	196.321	669.633	304.390	194.094	662.716	290.989	201.689	517.805	283.894	325.527	473.308	352.928	181.944	372.473	279.024	210.402	368.166	295.786	208.751	261.867	354.724	189.881	264.079	428.790	239.582	67.453	373.002	205.061	100.190	344.975	298.822	106.557	209.736	187.935	36.640	196.855	266.650	42.442	383.971	388.523	1234.972	337.057	387.174	1561.079	399.798	469.981	1407.811	392.756	306.924	1393.828	221.744	386.208	1821.257	88.333	358.683	1747.097	204.076	284.594	1715.078	170.423	478.022	1732.142	249.124	571.899	1551.010	244.684	662.659	1366.113	339.320	705.409	1447.322	323.746	729.928	1346.030	338.802	763.367	1289.738	414.577	684.916	1272.105	279.507	663.689	1211.935	331.993	777.171	1171.072	294.883	696.521	1117.632	326.492	598.817	1073.311	269.521	667.728	1043.675	249.002	609.241	1049.524	247.845	212.912	1558.177	222.695	131.143	1366.950	305.217	53.413	1433.510	284.946	54.217	1332.979	312.577	2.499	1262.304	395.403	75.802	1260.951	325.854	130.611	1221.447	263.337	29.479	1192.123	288.981	105.569	1128.434	308.972	173.946	1060.246	275.387	105.497	1008.525	249.968	157.766	1030.049
288.080	556.675	1103.061	321.620	573.543	919.689	208.725	520.284	1045.288	287.040	219.641	1100.880	297.243	200.625	954.934	213.725	257.478	1044.641	399.679	444.598	1081.294	405.005	387.003	1105.855	404.933	332.290	1081.992	334.729	571.330	799.401	260.203	588.499	810.848	251.503	591.052	686.608	317.020	574.889	676.295	251.435	570.772	513.139	254.348	438.280	492.035	340.636	582.430	397.789	269.286	581.379	386.166	295.380	584.222	278.918	354.405	584.210	292.420	428.376	532.656	79.242	380.812	568.889	105.156	352.979	482.510	103.280	212.461	597.602	34.033	204.983	503.275	38.982	323.609	197.230	788.362	247.614	199.722	792.657	244.498	196.288	669.665	304.498	194.094	662.599	290.790	201.656	517.726	283.647	325.534	473.266	352.705	181.944	372.424	278.819	210.392	368.063	295.682	208.751	261.786	354.607	189.873	264.055	428.816	239.575	67.428	373.014	205.046	100.185	344.967	298.797	106.533	209.744	187.920	36.653	196.869	266.643	42.450	384.119	388.560	1235.209	336.204	387.187	1561.097	399.226	470.044	1408.061	392.436	306.859	1394.099	220.668	386.176	1821.056	87.391	358.659	1746.854	203.128	284.582	1714.802	169.456	478.000	1731.914	248.200	571.859	1550.853	244.229	662.579	1365.870	338.559	705.548	1447.318	323.188	729.962	1345.932	338.374	763.390	1289.625	414.332	685.018	1272.273	279.481	663.621	1211.629	331.955	777.179	1171.098	295.104	696.477	1117.413	326.980	598.849	1073.162	270.004	667.619	1043.426	249.517	609.200	1049.294	246.909	212.947	1558.038	222.199	131.221	1366.825	304.443	53.356	1433.513	284.301	54.158	1333.032	312.063	2.443	1262.321	395.091	75.651	1261.307	325.701	130.516	1221.485	263.143	29.494	1191.946	289.113	105.544	1128.350	309.440	173.913	1060.214	275.926	105.506	1008.354	250.553	157.771	1029.895
288.537	556.650	1103.026	322.215	573.538	919.526	209.332	520.247	1045.070	287.498	219.651	1100.906	297.890	200.615	954.795	214.414	257.483	1044.498	400.083	444.605	1081.314	405.619	387.061	1106.117	405.499	332.301	1082.128	335.182	571.294	799.163	260.698	588.526	810.832	251.767	591.103	686.529	317.224	574.894	676.079	251.283	570.850	513.092	254.184	438.348	492.020	340.440	582.499	397.745	269.105	581.434	386.102	295.253	584.271	278.898	354.246	584.252	292.410	428.363	532.656	79.279	380.772	568.897	105.165	352.965	482.520	103.300	212.457	597.595	34.014	204.953	503.270	38.995	324.053	197.306	788.154	248.017	199.723	792.740	244.642	196.258	669.664	304.600	194.099	662.483	290.588	201.620	517.653	283.408	325.537	473.150	352.502	181.937	372.395	278.764	210.600	367.766	295.534	208.759	261.659	354.448	189.887	263.966	428.824	239.550	67.390	373.029	205.054	100.204	344.988	298.791	106.549	209.752	187.900	36.667	196.896	266.634	42.469	384.258	388.583	1235.452	335.366	387.168	1561.193	398.645	470.035	1408.282	391.956	306.787	1394.329	219.600	386.133	1820.808	86.394	358.645	1746.537	202.080	284.568	1714.516	168.451	477.964	1731.672	247.425	571.906	1550.750	243.795	662.495	1365.578	337.783	705.674	1447.281	322.705	729.964	1345.846	337.969	763.401	1289.571	414.078	685.068	1272.429	279.609	663.597	1211.393	331.893	777.160	1171.030	295.291	696.421	1117.211	327.482	598.944	1072.959	270.506	667.570	1043.123	250.108	609.158	1049.059	245.936	212.993	1557.927	221.548	131.202	1366.600	303.642	53.303	1433.538	283.760	54.129	1332.890	311.495	2.390	1262.322	394.852	75.362	1261.695	325.577	130.434	1221.527	262.919	29.507	1191.746	289.260	105.518	1128.282	309.910	173.883	1060.162	276.501	105.519	1008.236	251.155	157.749	1029.764
289.011	556.625	1102.988	322.863	573.550	919.452	209.968	520.204	1044.849	288.053	219.688	1100.991	298.546	200.588	954.776	215.085	257.507	1044.348	400.469	444.576	1081.307	406.050	387.093	1106.269	406.108	332.314	1082.337	335.615	571.262	798.952	261.159	588.534	810.730	252.005	591.133	686.454	317.432	574.904	675.904	251.125	570.925	513.016	254.019	438.442	492.024	340.266	582.559	397.697	268.935	581.473	386.041	295.133	584.317	278.854	354.109	584.281	292.398	428.339	532.665	79.276	380.770	568.905	105.170	352.924	482.520	103.328	212.430	597.608	34.052	204.938	503.275	38.980	324.430	197.349	788.030	248.437	199.731	792.790	244.747	196.212	669.683	304.758	194.130	662.403	290.391	201.623	517.535	283.145	325.560	473.091	352.277	181.945	372.334	278.528	210.606	367.621	295.349	208.764	261.575	354.307	189.899	263.884	428.828	239.544	67.386	373.058	205.043	100.167	345.022	298.784	106.540	209.760	187.916	36.681	196.919	266.632	42.480	384.418	388.634	1235.733	334.466	387.178	1561.278	398.128	470.079	1408.509	391.515	306.766	1394.748	218.385	386.080	1820.611	85.362	358.645	1746.182	201.073	284.540	1714.289	167.446	477.960	1731.414	246.583	571.933	1550.594	243.295	662.427	1365.356	337.043	705.789	1447.254	322.191	729.983	1345.757	337.554	763.413	1289.505	413.827	685.156	1272.562	279.628	663.533	1211.158	331.839	777.153	1170.962	295.526	696.385	1117.023	327.974	598.987	1072.759	271.013	667.529	1042.837	250.678	609.111	1048.850	244.959	213.052	1557.797	221.022	131.236	1366.394	302.831	53.218	1433.534	283.210	54.086	1332.832	310.990	2.341	1262.294	394.485	75.189	1261.929	325.438	130.363	1221.551	262.723	29.546	1191.489	289.400	105.504	1128.179	310.477	173.852	1060.104	277.106	105.545	1008.099	251.726	157.766	1029.635
289.524	556.612	1102.938	323.513	573.580	919.307	210.612	520.187	1044.604	288.601	219.710	1100.992	299.219	200.552	954.673	215.764	257.520	1044.205	400.856	444.538	1081.294	406.723	387.084	1106.616	406.701	332.317	1082.480	336.045	571.215	798.721	261.671	588.543	810.741	252.243	591.197	686.478	317.665	574.920	675.733	250.974	570.996	512.983	253.850	438.536	492.015	340.094	582.623	397.626	268.774	581.519	385.998	295.028	584.344	278.819	353.965	584.349	292.355	428.339	532.676	79.289	380.724	568.926	105.195	352.896	482.525	103.339	212.447	597.622	34.006	204.925	503.261	39.038	324.573	197.177	787.810	248.850	199.764	792.778	244.887	196.187	669.696	304.866	194.145	662.283	290.149	201.576	517.450	282.865	325.577	473.011	352.008	181.923	372.291	278.283	210.605	367.535	295.212	208.770	261.479	354.153	189.893	263.844	428.835	239.534	67.364	373.052	205.040	100.137	345.030	298.789	106.544	209.783	187.913	36.695	196.926	266.626	42.508	384.580	388.668	1236.009	333.561	387.253	1561.365	396.870	470.397	1408.911	391.112	306.745	1395.025	217.289	386.028	1820.308	84.334	358.627	1745.834	200.086	284.533	1714.019	166.460	477.926	1731.108	245.668	571.937	1550.349	242.787	662.341	1365.087	336.287	705.896	1447.194	321.695	730.025	1345.682	337.150	763.412	1289.455	413.577	685.203	1272.738	279.539	663.454	1210.932	331.782	777.139	1170.915	295.742	696.338	1116.819	328.511	599.038	1072.541	271.491	667.457	1042.565	251.246	609.046	1048.610	243.990	213.113	1557.619	220.432	131.255	1366.152	302.013	53.154	1433.485	282.631	54.095	1332.773	310.523	2.300	1262.272	394.114	74.962	1262.132	325.290	130.281	1221.554	262.509	29.591	1191.283	289.564	105.491	1128.080	311.019	173.802	1060.060	277.670	105.569	1007.961	252.339	157.740	1029.486
290.003	556.575	1102.919	324.193	573.626	919.210	211.235	520.162	1044.395	289.151	219.718	1101.010	299.858	200.560	954.558	216.490	257.562	1044.025	401.282	444.505	1081.276	407.285	387.125	1106.851	407.300	332.339	1082.639	336.485	571.196	798.518	262.115	588.515	810.685	252.471	591.213	686.360	317.908	574.942	675.576	250.857	571.068	512.961	253.715	438.616	491.984	339.940	582.682	397.598	268.643	581.583	385.938	294.855	584.420	278.693	353.858	584.407	292.320	428.331	532.696	79.318	380.704	568.927	105.183	352.874	482.529	103.356	212.471	597.621	34.029	204.900	503.262	39.031	325.285	197.497	787.634	249.245	199.813	792.793	244.997	196.169	669.729	304.976	194.166	662.179	289.903	201.552	517.376	282.547	325.592	472.892	351.765	181.915	372.243	278.033	210.588	367.452	295.042	208.769	261.376	353.993	189.911	263.777	428.852	239.522	67.353	373.047	205.039	100.154	345.055	298.813	106.585	209.778	187.911	36.698	196.955	266.627	42.510	384.730	388.721	1236.270	332.712	387.259	1561.433	396.241	470.387	1409.088	390.677	306.676	1395.305	216.198	386.021	1820.032	83.286	358.612	1745.506	199.083	284.542	1713.688	165.379	477.916	1730.801	244.802	571.956	1550.153	242.291	662.285	1364.809	335.460	705.986	1447.153	321.219	730.072	1345.585	336.739	763.428	1289.395	413.299	685.270	1272.884	279.550	663.396	1210.708	331.723	777.114	1170.850	295.936	696.301	1116.662	328.927	599.059	1072.323	271.987	667.409	1042.231	251.798	608.998	1048.423	243.001	213.157	1557.463	219.865	131.327	1365.887	301.230	53.142	1433.429	282.046	54.048	1332.677	310.040	2.265	1262.264	393.737	74.735	1262.357	325.103	130.145	1221.532	262.282	29.607	1191.032	289.681	105.460	1127.959	311.557	173.783	1060.022	278.302	105.595	1007.769	252.991	157.756	1029.307
290.471	556.544	1102.872	324.928	573.672	919.052	211.849	520.137	1044.143	289.634	219.759	1101.046	300.625	200.541	954.565	217.194	257.587	1043.871	401.599	444.458	1081.163	407.781	387.148	1107.077	407.932	332.341	1082.782	336.935	571.219	798.282	262.563	588.496	810.603	252.725	591.273	686.356	318.127	574.949	675.389	250.728	571.133	512.923	253.547	438.701	492.001	339.772	582.761	397.589	268.496	581.630	385.872	294.754	584.464	278.633	353.753	584.450	292.268	428.325	532.691	79.322	380.682	568.958	105.199	352.842	482.539	103.379	212.472	597.611	34.044	204.878	503.240	39.016	325.290	197.252	787.530	249.600	199.829	792.806	245.079	196.117	669.769	305.057	194.195	662.030	289.667	201.529	517.281	282.240	325.597	472.837	351.475	181.896	372.187	277.772	210.593	367.346	294.843	208.792	261.308	353.828	189.929	263.724	428.842	239.510	67.329	373.040	205.031	100.156	345.081	298.802	106.614	209.800	187.910	36.708	196.955	266.620	42.516	384.919	388.774	1236.546	331.824	387.281	1561.477	395.676	470.415	1409.301	390.272	306.635	1395.575	215.094	386.008	1819.717	82.221	358.589	1745.122	198.034	284.541	1713.371	164.290	477.885	1730.517	243.878	571.968	1549.922	241.801	662.230	1364.520	334.712	706.081	1447.103	320.747	730.096	1345.512	336.348	763.437	1289.348	413.014	685.307	1273.085	279.512	663.319	1210.477	331.634	777.103	1170.728	296.159	696.281	1116.460	329.389	599.082	1072.170	272.387	667.341	1041.981	252.321	608.967	1048.210	242.041	213.199	1557.282	219.270	131.359	1365.591	300.440	53.114	1433.367	281.494	54.003	1332.557	309.558	2.220	1262.179	393.272	74.631	1262.484	324.971	130.061	1221.515	262.044	29.653	1190.816	289.835	105.447	1127.821	312.072	173.726	1059.957	278.887	105.628	1007.596	253.610	157.760	1029.132
290.922	556.517	1102.818	325.512	573.681	918.931	212.547	520.096	1043.869	290.144	219.800	1101.017	301.237	200.553	954.317	217.907	257.595	1043.723	401.907	444.423	1081.046	408.247	387.200	1107.199	408.526	332.316	1082.904	337.394	571.188	798.074	263.022	588.509	810.570	252.970	591.331	686.297	318.348	574.976	675.205	250.631	571.217	512.913	253.425	438.770	491.996	339.644	582.824	397.544	268.369	581.673	385.794	294.688	584.521	278.591	353.633	584.512	292.266	428.314	532.718	79.307	380.673	568.972	105.175	352.811	482.537	103.387	212.470	597.622	34.030	204.869	503.242	39.057	326.015	197.576	787.348	249.973	199.860	792.845	245.160	196.115	669.789	305.152	194.203	661.925	289.368	201.494	517.200	281.945	325.588	472.797	351.180	181.875	372.146	277.290	210.378	367.439	294.676	208.786	261.200	353.611	189.931	263.672	428.850	239.501	67.344	373.027	205.039	100.147	345.057	298.800	106.573	209.803	187.905	36.693	196.952	266.619	42.522	385.070	388.810	1236.765	330.843	387.294	1561.547	395.146	470.431	1409.470	389.812	306.611	1395.967	214.086	386.005	1819.504	81.147	358.544	1744.741	196.977	284.515	1713.061	163.177	477.905	1730.163	242.972	572.018	1549.739	241.300	662.187	1364.284	333.950	706.188	1447.079	320.176	730.096	1345.429	335.964	763.419	1289.272	412.705	685.357	1273.235	279.522	663.239	1210.164	331.604	777.086	1170.652	296.350	696.223	1116.277	329.853	599.127	1072.017	272.909	667.267	1041.691	252.905	608.908	1047.920	241.013	213.230	1557.057	218.709	131.411	1365.314	299.659	53.097	1433.331	281.538	54.540	1332.026	309.140	2.178	1262.094	392.948	74.466	1262.729	324.811	129.985	1221.449	261.804	29.676	1190.537	289.989	105.426	1127.677	312.629	173.693	1059.862	279.502	105.676	1007.384	254.250	157.759	1028.961
291.358	556.516	1102.785	326.219	573.728	918.821	213.208	520.029	1043.606	290.715	219.762	1101.027	302.028	200.492	954.305	218.641	257.655	1043.526	402.192	444.449	1080.919	408.758	387.208	1107.397	409.160	332.303	1083.045	337.826	571.133	797.852	263.482	588.509	810.475	253.214	591.384	686.257	318.582	575.002	675.052	250.552	571.298	512.897	253.345	438.867	491.976	339.511	582.905	397.522	268.233	581.722	385.736	294.612	584.562	278.551	353.539	584.567	292.219	428.318	532.722	79.315	380.674	568.976	105.190	352.783	482.530	103.402	212.450	597.617	34.056	204.854	503.232	39.018	326.394	197.608	787.176	250.382	199.902	792.836	245.198	196.076	669.816	305.250	194.217	661.788	289.064	201.468	517.115	281.653	325.593	472.757	350.882	181.849	372.113	277.002	210.359	367.364	294.464	208.784	261.084	353.406	189.927	263.601	428.865	239.479	67.343	373.019	205.036	100.158	345.029	298.784	106.567	209.799	187.916	36.711	196.960	266.626	42.540	385.207	388.839	1236.978	329.961	387.319	1561.588	394.629	470.454	1409.647	389.430	306.585	1396.278	212.900	385.975	1819.203	80.081	358.545	1744.378	195.971	284.517	1712.743	162.174	477.935	1729.909	242.031	572.066	1549.539	240.787	662.112	1363.994	333.161	706.262	1447.010	319.641	730.136	1345.330	335.549	763.398	1289.192	412.425	685.431	1273.398	279.500	663.168	1209.875	331.536	777.057	1170.530	296.542	696.185	1116.133	330.325	599.161	1071.859	273.396	667.169	1041.425	253.504	608.869	1047.662	240.006	213.287	1556.857	218.142	131.457	1365.120	298.800	53.056	1433.276	280.901	54.499	1331.792	308.617	2.134	1262.032	392.406	74.165	1262.871	324.660	129.905	1221.436	261.591	29.726	1190.274	290.128	105.407	1127.517	313.216	173.652	1059.768	280.065	105.698	1007.190	254.907	157.775	1028.737
291.834	556.483	1102.705	326.756	573.749	918.670	213.782	519.971	1043.403	291.301	219.734	1100.989	302.815	200.444	954.312	219.369	257.691	1043.365	402.570	444.377	1080.906	409.271	387.232	1107.628	409.765	332.306	1083.177	338.255	571.090	797.605	263.965	588.524	810.347	253.676	591.327	686.282	318.823	574.994	674.885	250.473	571.371	512.863	253.244	438.938	491.945	339.398	582.961	397.478	268.121	581.771	385.666	294.533	584.588	278.538	353.445	584.598	292.200	428.311	532.712	79.314	380.670	569.000	105.198	352.756	482.535	103.401	212.469	597.623	34.045	204.837	503.236	39.056	326.723	197.628	787.056	250.775	199.931	792.850	245.284	196.055	669.846	305.291	194.205	661.684	288.765	201.421	517.003	281.317	325.589	472.728	350.563	181.832	372.054	276.654	210.342	367.298	294.267	208.785	260.969	353.139	189.920	263.530	428.854	239.482	67.311	373.008	205.036	100.151	345.037	298.799	106.576	209.800	187.912	36.723	196.960	266.621	42.549	385.363	388.890	1237.205	329.024	387.361	1561.603	394.097	470.503	1409.829	388.957	306.543	1396.487	211.759	385.965	1818.890	78.994	358.547	1743.985	194.894	284.538	1712.354	161.122	477.939	1729.580	241.021	572.080	1549.266	240.259	662.049	1363.672	332.420	706.345	1446.982	319.093	730.155	1345.251	335.129	763.399	1289.121	412.168	685.479	1273.578	279.433	663.076	1209.521	331.491	777.012	1170.401	296.798	696.158	1115.892	330.841	599.193	1071.698	273.895	667.096	1041.158	254.011	608.821	1047.506	238.997	213.344	1556.656	217.564	131.519	1364.885	297.868	52.989	1433.186	280.277	54.469	1331.747	308.109	2.077	1261.907	392.075	74.014	1263.109	324.487	129.830	1221.408	261.354	29.760	1189.981	290.358	105.414	1127.335	313.770	173.586	1059.658	280.673	105.717	1007.006	255.549	157.784	1028.541
292.304	556.456	1102.633	327.495	573.748	918.440	214.431	519.941	1043.127	291.917	219.748	1101.004	303.546	200.393	954.276	220.095	257.708	1043.170	403.103	444.367	1080.968	409.787	387.323	1107.624	410.399	332.355	1083.313	338.711	571.068	797.392	264.469	588.543	810.221	253.954	591.383	686.189	319.079	575.015	674.662	250.391	571.437	512.838	253.153	439.020	491.923	339.295	583.012	397.455	268.009	581.821	385.619	294.540	584.638	278.592	353.376	584.664	292.161	428.330	532.728	79.302	380.673	568.989	105.173	352.732	482.543	103.414	212.435	597.611	34.068	204.805	503.218	39.092	327.154	197.684	786.812	251.158	199.987	792.842	245.318	196.026	669.875	305.311	194.192	661.587	288.490	201.365	516.913	280.965	325.597	472.683	350.217	181.813	372.030	276.324	210.312	367.241	294.034	208.789	260.865	352.895	189.914	263.485	428.858	239.484	67.315	372.973	205.045	100.167	345.033	298.790	106.568	209.794	187.903	36.716	196.964	266.626	42.546	385.547	388.960	1237.439	328.108	387.428	1561.588	393.532	470.573	1410.016	388.482	306.556	1396.697	210.803	386.006	1818.376	77.906	358.509	1743.530	193.855	284.552	1712.029	160.019	477.927	1729.190	240.086	572.108	1549.007	239.776	662.023	1363.390	331.639	706.443	1446.901	318.531	730.167	1345.140	334.750	763.399	1289.065	411.916	685.527	1273.749	279.413	663.009	1209.287	331.464	777.002	1170.318	297.036	696.106	1115.644	331.352	599.209	1071.515	274.399	667.044	1040.858	254.565	608.749	1047.308	237.958	213.390	1556.484	216.996	131.587	1364.625	297.037	52.977	1433.099	279.711	54.460	1331.515	307.569	2.032	1261.817	391.639	73.765	1263.270	324.340	129.751	1221.376	261.123	29.805	1189.662	290.513	105.396	1127.168	314.299	173.545	1059.531	281.262	105.719	1006.822	256.176	157.798	1028.367
292.801	556.423	1102.571	328.164	573.778	918.315	215.098	519.888	1042.877	292.465	219.775	1100.982	304.294	200.378	954.219	220.915	257.785	1042.995	403.764	444.360	1081.179	410.373	387.349	1107.776	411.004	332.337	1083.441	339.149	571.062	797.211	264.961	588.549	810.077	254.260	591.432	686.125	319.349	575.015	674.408	250.332	571.508	512.818	253.092	439.091	491.891	339.200	583.064	397.419	267.912	581.881	385.542	294.420	584.672	278.564	353.291	584.674	292.054	428.338	532.744	79.282	380.685	569.015	105.178	352.708	482.557	103.425	212.441	597.598	34.109	204.803	503.208	39.112	327.197	197.456	786.680	251.564	200.022	792.877	245.364	195.998	669.910	305.366	194.198	661.484	288.171	201.322	516.839	280.557	325.580	472.664	349.866	181.792	371.989	276.006	210.337	367.121	293.799	208.822	260.752	352.594	189.911	263.456	428.828	239.472	67.329	372.952	205.028	100.178	345.026	298.784	106.594	209.798	187.907	36.705	196.962	266.632	42.539	385.749	389.005	1237.687	327.146	387.434	1561.599	392.975	470.602	1410.208	388.045	306.603	1397.008	209.476	385.949	1818.095	76.810	358.487	1743.092	192.750	284.596	1711.591	158.903	477.937	1728.788	239.177	572.154	1548.781	239.264	661.989	1363.098	330.838	706.497	1446.826	318.014	730.201	1345.013	334.360	763.400	1288.988	411.638	685.588	1273.929	279.383	662.946	1209.026	331.449	776.980	1170.209	297.247	696.048	1115.445	331.822	599.236	1071.365	274.835	666.983	1040.585	255.117	608.696	1047.102	236.946	213.445	1556.241	216.363	131.666	1364.343	296.195	52.933	1432.983	279.146	54.563	1331.422	307.032	1.985	1261.716	391.284	73.467	1263.624	324.179	129.670	1221.317	260.890	29.833	1189.383	290.673	105.367	1127.003	314.861	173.502	1059.417	281.848	105.755	1006.587	256.827	157.825	1028.189
293.272	556.413	1102.487	328.812	573.804	918.183	215.836	519.826	1042.574	293.003	219.796	1100.947	305.130	200.333	954.132	221.639	257.812	1042.792	404.685	444.458	1081.518	411.022	387.342	1107.959	411.719	332.294	1083.609	339.633	571.055	796.998	265.473	588.532	809.960	254.539	591.483	686.012	319.606	575.051	674.245	250.289	571.585	512.774	253.050	439.168	491.859	339.091	583.121	397.374	267.791	581.934	385.508	294.391	584.708	278.508	353.212	584.751	292.087	428.336	532.738	79.276	380.699	569.015	105.171	352.679	482.549	103.444	212.483	597.606	34.106	204.783	503.209	39.094	327.939	197.857	786.264	251.903	200.049	792.797	245.388	195.995	669.942	305.373	194.193	661.392	287.844	201.313	516.754	280.160	325.562	472.598	349.507	181.782	371.889	275.648	210.312	366.994	293.536	208.826	260.665	352.320	189.883	263.375	428.825	239.466	67.333	372.951	205.043	100.186	344.975	298.794	106.577	209.790	187.918	36.720	196.965	266.628	42.530	385.925	389.057	1237.909	326.155	387.484	1561.591	392.398	470.626	1410.332	387.473	306.498	1397.191	208.301	385.935	1817.772	75.686	358.505	1742.597	191.725	284.606	1711.229	157.805	477.929	1728.432	238.185	572.099	1548.548	238.748	661.973	1362.797	330.039	706.555	1446.736	317.523	730.221	1344.875	333.983	763.411	1288.861	411.342	685.653	1274.089	279.371	662.889	1208.702	331.416	776.975	1170.114	297.487	696.024	1115.217	332.305	599.239	1071.236	275.319	666.937	1040.298	255.730	608.668	1046.867	235.996	213.510	1555.955	215.791	131.759	1364.010	295.313	52.894	1432.794	278.459	54.443	1331.222	306.516	1.964	1261.577	390.922	73.256	1263.815	323.994	129.599	1221.261	260.663	29.909	1189.049	290.866	105.358	1126.794	315.441	173.480	1059.328	282.476	105.769	1006.342	257.482	157.813	1027.967
293.731	556.374	1102.413	329.710	573.854	918.167	216.498	519.768	1042.304	293.595	219.793	1100.891	305.904	200.245	954.086	222.389	257.848	1042.532	407.624	444.897	1083.225	411.466	387.382	1108.110	412.344	332.231	1083.832	340.115	571.026	796.726	265.966	588.550	809.814	254.582	591.883	686.142	319.843	575.065	674.044	250.243	571.660	512.737	253.030	439.229	491.788	338.994	583.165	397.316	267.744	581.983	385.427	294.324	584.743	278.426	353.167	584.794	292.046	428.349	532.749	79.263	380.722	569.044	105.151	352.652	482.528	103.441	212.467	597.599	34.132	204.767	503.194	39.160	327.891	197.547	786.109	252.281	200.077	792.832	245.438	195.959	669.993	305.399	194.180	661.280	287.443	201.283	516.658	279.748	325.548	472.533	349.111	181.730	371.750	275.323	210.309	366.890	293.254	208.824	260.585	352.034	189.860	263.322	428.808	239.472	67.338	372.913	205.044	100.201	344.975	298.771	106.582	209.780	187.917	36.722	196.950	266.636	42.521	386.094	389.120	1238.100	325.167	387.538	1561.577	391.898	470.672	1410.480	387.039	306.493	1397.404	207.275	385.930	1817.335	74.562	358.512	1742.106	190.614	284.627	1710.820	156.670	477.954	1728.079	237.230	572.134	1548.230	238.301	661.917	1362.544	329.261	706.579	1446.598	317.026	730.255	1344.726	333.608	763.434	1288.771	411.054	685.711	1274.221	279.377	662.839	1208.451	331.407	776.969	1169.988	297.692	695.988	1115.010	332.810	599.274	1071.092	275.834	666.873	1040.006	256.325	608.631	1046.636	234.935	213.582	1555.604	215.185	131.839	1363.672	294.441	52.848	1432.641	277.842	54.435	1331.054	305.979	1.938	1261.462	390.552	73.034	1264.004	323.837	129.521	1221.202	260.417	29.957	1188.725	291.041	105.344	1126.607	316.040	173.446	1059.190	283.059	105.780	1006.042	258.122	157.828	1027.749
294.219	556.349	1102.323	330.427	573.907	918.034	217.152	519.737	1042.059	294.199	219.804	1100.866	306.687	200.170	954.015	223.167	257.871	1042.283	408.457	444.951	1083.438	412.237	387.357	1108.500	412.943	332.223	1083.936	340.552	570.989	796.460	266.475	588.574	809.797	254.871	591.960	686.026	320.106	575.076	673.875	250.200	571.742	512.664	253.004	439.278	491.746	338.912	583.232	397.288	267.653	582.039	385.379	294.262	584.758	278.386	353.095	584.823	292.007	428.372	532.754	79.248	380.731	569.058	105.132	352.659	482.530	103.450	212.506	597.619	34.135	204.773	503.190	39.169	328.722	197.964	785.850	252.664	200.099	792.885	245.450	195.938	670.032	305.376	194.158	661.167	287.029	201.236	516.494	279.354	325.576	472.492	348.717	181.708	371.628	274.929	210.306	366.704	293.003	208.875	260.475	351.770	189.873	263.267	428.987	239.434	67.678	372.752	205.172	100.005	344.954	298.788	106.580	209.784	187.918	36.700	196.948	266.644	42.511	386.296	389.221	1238.373	324.237	387.601	1561.523	391.362	470.726	1410.628	386.678	306.485	1397.702	206.089	385.933	1817.030	73.434	358.527	1741.664	189.529	284.653	1710.375	155.495	477.954	1727.737	236.226	572.230	1547.806	237.702	661.878	1362.206	328.463	706.630	1446.448	316.501	730.293	1344.600	333.224	763.436	1288.680	410.696	685.771	1274.483	279.395	662.799	1208.176	331.396	776.991	1169.936	297.924	695.947	1114.751	333.303	599.265	1070.900	276.345	666.776	1039.687	256.866	608.559	1046.363	233.876	213.624	1555.372	214.618	131.929	1363.316	293.552	52.786	1432.481	277.210	54.420	1330.796	305.467	1.927	1261.285	390.200	72.849	1264.071	323.662	129.482	1221.114	260.171	30.016	1188.422	291.195	105.289	1126.406	316.592	173.412	1059.061	283.697	105.813	1005.808	258.801	157.826	1027.517
294.745	556.296	1102.269	331.093	573.944	917.861	217.816	519.646	1041.801	294.832	219.829	1100.798	307.309	200.205	953.814	223.901	257.855	1042.090	409.148	444.966	1083.567	412.839	387.370	1108.724	413.628	332.253	1084.105	341.006	570.950	796.163	266.950	588.562	809.752	255.181	592.029	685.935	320.371	575.099	673.707	250.139	571.815	512.598	252.993	439.361	491.698	338.787	583.262	397.164	267.554	582.079	385.313	294.213	584.795	278.308	353.023	584.824	291.901	428.334	532.696	79.211	381.007	569.149	105.452	352.641	482.537	103.459	212.501	597.608	34.143	204.772	503.159	39.185	329.051	197.946	785.637	253.040	200.134	792.870	245.429	195.901	670.083	305.381	194.152	661.039	286.670	201.210	516.363	278.965	325.566	472.459	348.209	181.568	371.622	274.743	210.533	366.391	292.712	208.905	260.386	351.516	189.868	263.238	428.796	239.476	67.378	372.841	205.057	100.187	344.906	298.779	106.603	209.768	187.924	36.713	196.944	266.661	42.510	386.467	389.283	1238.561	323.227	387.654	1561.446	390.826	470.754	1410.807	386.277	306.540	1398.024	204.834	385.906	1816.621	72.266	358.511	1741.166	188.437	284.654	1709.960	154.336	477.960	1727.362	235.178	572.144	1547.552	237.187	661.828	1361.743	327.678	706.715	1446.337	315.958	730.305	1344.410	332.804	763.458	1288.561	410.334	685.778	1274.712	279.359	662.729	1207.811	331.390	776.969	1169.843	298.133	695.909	1114.533	333.846	599.253	1070.757	276.896	666.718	1039.380	257.441	608.504	1046.124	232.819	213.697	1555.081	214.043	132.022	1362.953	292.600	52.745	1432.366	276.626	54.435	1330.630	304.945	1.913	1261.139	389.752	72.614	1264.364	323.478	129.427	1221.017	259.900	30.090	1188.041	291.332	105.253	1126.217	317.167	173.339	1058.922	284.273	105.810	1005.595	259.459	157.849	1027.300
295.221	556.266	1102.188	331.727	573.945	917.737	218.547	519.590	1041.532	295.387	219.884	1100.659	307.974	200.186	953.614	224.599	257.891	1041.910	409.865	445.020	1083.713	413.338	387.380	1108.865	414.295	332.210	1084.214	341.487	570.932	795.904	267.485	588.545	809.689	255.447	592.076	685.862	320.624	575.114	673.532	250.080	571.871	512.553	252.990	439.405	491.675	338.704	583.312	397.114	267.497	582.144	385.218	294.157	584.811	278.262	353.005	584.862	291.827	428.343	532.694	79.180	381.043	569.150	105.431	352.628	482.555	103.431	212.515	597.613	34.212	204.784	503.148	39.157	329.394	197.920	785.488	253.405	200.181	792.864	245.474	195.915	670.127	305.394	194.142	660.913	286.273	201.181	516.247	278.589	325.588	472.420	347.798	181.511	371.586	274.310	210.546	366.155	292.428	208.914	260.268	351.220	189.846	263.168	428.782	239.460	67.393	372.824	205.073	100.210	344.922	298.786	106.603	209.770	187.919	36.715	196.949	266.644	42.507	387.313	389.331	1238.976	322.284	387.710	1561.437	390.277	470.824	1410.968	385.753	306.554	1398.237	203.571	385.877	1816.125	71.080	358.495	1740.568	187.296	284.686	1709.534	153.153	477.951	1726.921	234.103	572.157	1547.240	236.691	661.803	1361.362	326.857	706.803	1446.216	315.402	730.331	1344.204	332.409	763.471	1288.395	410.040	685.816	1274.841	279.297	662.660	1207.451	331.365	777.011	1169.793	298.369	695.882	1114.300	334.453	599.265	1070.653	277.445	666.643	1039.087	258.034	608.461	1045.870	231.804	213.735	1554.865	213.448	132.113	1362.616	291.727	52.711	1432.256	275.942	54.419	1330.357	304.405	1.861	1260.982	389.375	72.421	1264.461	323.287	129.366	1220.922	259.646	30.187	1187.654	291.542	105.234	1126.009	317.754	173.275	1058.797	284.886	105.831	1005.332	260.127	157.843	1027.049
295.750	556.254	1102.064	332.594	573.953	917.502	219.284	519.512	1041.211	295.888	219.933	1100.607	308.725	200.179	953.364	225.304	257.902	1041.685	410.483	445.053	1083.798	413.924	387.454	1109.038	415.222	331.999	1084.437	341.978	570.939	795.686	268.038	588.564	809.541	255.717	592.122	685.805	320.922	575.112	673.259	250.036	571.951	512.479	252.996	439.460	491.626	338.607	583.361	397.061	267.388	582.188	385.135	294.109	584.842	278.183	352.934	584.902	291.813	428.365	532.704	79.165	381.084	569.167	105.428	352.645	482.541	103.432	212.527	597.598	34.209	204.778	503.143	39.166	329.832	197.953	785.165	253.813	200.230	792.907	245.453	195.888	670.182	305.354	194.114	660.744	285.843	201.138	516.200	278.162	325.611	472.272	347.438	181.558	371.500	273.888	210.560	366.007	292.149	208.956	260.149	350.883	189.810	263.177	428.965	239.438	67.737	372.646	205.176	100.054	344.893	298.774	106.622	209.766	187.916	36.689	196.930	266.662	42.492	387.481	389.403	1239.149	321.233	387.760	1561.397	389.729	470.852	1411.133	385.234	306.515	1398.406	202.303	385.866	1815.673	69.913	358.501	1740.058	186.166	284.690	1709.082	151.969	477.981	1726.442	233.085	572.230	1546.948	236.187	661.772	1360.962	326.041	706.862	1446.101	314.857	730.353	1343.968	332.018	763.527	1288.295	409.741	685.864	1274.937	279.271	662.642	1207.132	331.382	777.010	1169.735	298.568	695.827	1114.072	334.912	599.247	1070.472	277.993	666.565	1038.760	258.623	608.392	1045.611	230.776	213.779	1554.578	212.829	132.222	1362.203	290.816	52.715	1432.029	275.290	54.429	1330.156	303.838	1.860	1260.690	388.973	72.218	1264.594	323.132	129.297	1220.796	259.403	30.268	1187.314	291.727	105.229	1125.771	318.375	173.219	1058.603	285.453	105.827	1005.094	260.782	157.858	1026.797
296.235	556.232	1101.960	333.195	573.909	917.378	219.983	519.453	1040.918	296.664	219.933	1100.657	309.509	200.075	953.229	225.970	257.869	1041.468	411.226	445.098	1084.008	414.533	387.451	1109.271	415.688	332.161	1084.390	342.407	570.914	795.424	268.546	588.560	809.335	256.013	592.169	685.746	321.183	575.127	673.014	249.973	572.025	512.375	253.000	439.513	491.610	338.515	583.417	396.985	267.316	582.238	385.052	294.049	584.856	278.059	352.914	584.923	291.715	428.386	532.718	79.117	381.113	569.187	105.423	352.612	482.527	103.437	212.555	597.591	34.220	204.788	503.152	39.199	330.117	197.929	785.004	254.206	200.262	792.911	245.451	195.860	670.230	305.329	194.101	660.626	285.445	201.100	516.114	277.727	325.600	472.227	347.031	181.545	371.462	273.317	210.335	366.114	291.864	208.964	260.095	350.600	189.804	263.144	428.770	239.467	67.436	372.769	205.084	100.251	344.882	298.792	106.647	209.771	187.928	36.696	196.925	266.663	42.492	387.641	389.470	1239.308	320.234	387.844	1561.312	389.174	470.932	1411.350	384.749	306.487	1398.585	201.074	385.925	1815.322	68.724	358.504	1739.499	185.003	284.707	1708.624	150.736	477.998	1725.971	232.030	572.264	1546.595	235.629	661.769	1360.591	325.217	706.900	1445.985	314.475	730.386	1343.775	331.630	763.568	1288.202	409.444	685.947	1275.048	279.236	662.611	1206.863	331.370	777.015	1169.565	298.804	695.789	1113.812	335.439	599.244	1070.330	278.457	666.464	1038.474	259.257	608.335	1045.317	229.749	213.861	1554.215	212.229	132.341	1361.784	289.874	52.703	1431.838	274.687	54.466	1329.903	303.322	1.868	1260.575	388.584	72.044	1264.709	323.011	129.252	1220.675	259.187	30.379	1186.940	291.958	105.229	1125.505	318.977	173.153	1058.446	286.041	105.823	1004.843	261.428	157.902	1026.552
296.766	556.189	1101.861	333.832	573.860	917.139	220.670	519.413	1040.613	297.318	219.959	1100.460	310.218	200.031	953.136	226.576	257.827	1041.273	411.894	445.115	1084.123	415.124	387.486	1109.451	416.323	332.183	1084.429	342.909	570.913	795.174	269.051	588.564	809.197	256.301	592.209	685.627	321.450	575.139	672.813	249.928	572.101	512.298	253.040	439.584	491.545	338.420	583.448	396.912	267.226	582.296	384.949	293.994	584.854	277.956	352.877	584.952	291.643	428.402	532.730	79.108	381.131	569.190	105.389	352.641	482.534	103.423	212.558	597.610	34.270	204.792	503.148	39.215	330.525	197.945	784.726	254.625	200.307	792.955	245.473	195.862	670.312	305.302	194.086	660.464	285.033	201.056	516.048	277.286	325.577	472.214	346.601	181.494	371.444	272.906	210.331	365.994	291.569	208.986	259.997	350.286	189.794	263.105	428.945	239.427	67.758	372.587	205.199	100.071	344.839	298.760	106.639	209.760	187.941	36.691	196.942	266.668	42.411	387.837	389.577	1239.510	319.256	387.881	1561.190	388.626	470.983	1411.475	384.303	306.528	1398.740	199.838	385.972	1814.892	67.533	358.464	1738.992	183.843	284.713	1708.132	149.557	478.010	1725.464	230.978	572.295	1546.170	234.822	661.807	1360.136	324.391	706.976	1445.821	313.795	730.441	1343.628	331.503	763.558	1288.047	409.148	686.034	1275.165	279.216	662.558	1206.575	331.382	777.005	1169.449	299.040	695.753	1113.529	335.973	599.259	1070.172	279.017	666.392	1038.202	259.883	608.237	1045.010	228.648	213.927	1553.865	211.601	132.466	1361.388	288.992	52.685	1431.657	273.966	54.527	1329.790	302.765	1.857	1260.389	388.165	71.894	1264.768	322.844	129.182	1220.495	259.001	30.472	1186.579	292.183	105.238	1125.231	319.616	173.104	1058.261	286.680	105.818	1004.579	262.057	157.879	1026.341
297.282	556.147	1101.760	334.631	573.862	916.977	221.422	519.351	1040.272	297.992	219.965	1100.360	311.076	200.013	953.055	227.137	257.776	1041.092	412.528	445.103	1084.204	415.837	387.488	1109.646	417.029	332.186	1084.513	343.411	570.914	794.947	269.556	588.609	809.062	256.597	592.260	685.524	321.730	575.136	672.610	249.858	572.186	512.194	253.072	439.641	491.514	338.329	583.491	396.834	267.116	582.330	384.840	293.935	584.880	277.894	352.820	584.990	291.566	428.432	532.750	79.055	381.159	569.213	105.362	352.665	482.535	103.406	212.602	597.629	34.281	204.834	503.148	39.260	330.884	197.962	784.386	255.019	200.319	792.995	245.441	195.838	670.364	305.293	194.048	660.320	284.584	201.012	516.014	276.868	325.581	472.192	346.090	181.351	371.462	272.474	210.318	365.928	291.302	209.008	259.933	350.248	189.908	262.862	428.924	239.429	67.786	372.543	205.214	100.089	344.833	298.786	106.667	209.756	187.936	36.692	196.896	266.680	42.476	387.965	389.677	1239.649	318.214	387.969	1561.123	388.044	471.057	1411.600	383.829	306.562	1398.892	198.627	386.001	1814.433	66.334	358.469	1738.359	182.656	284.758	1707.622	148.407	478.049	1725.033	229.871	572.334	1545.744	234.275	661.810	1359.662	323.574	707.065	1445.693	313.219	730.479	1343.495	331.086	763.588	1287.924	408.828	686.134	1275.258	279.158	662.516	1206.251	331.363	777.027	1169.298	299.298	695.728	1113.305	336.531	599.287	1070.004	279.573	666.347	1037.903	260.490	608.167	1044.749	227.601	214.009	1553.464	210.979	132.567	1361.040	288.022	52.634	1431.410	273.410	54.602	1329.504	302.249	1.846	1260.198	387.807	71.749	1264.888	322.679	129.141	1220.372	258.860	30.561	1186.199	292.343	105.232	1124.986	320.190	173.050	1058.077	287.281	105.812	1004.298	262.705	157.842	1025.977
297.889	556.044	1101.639	335.445	573.875	916.785	222.425	519.267	1039.853	298.570	219.979	1100.304	311.964	199.932	952.995	227.701	257.683	1040.891	413.258	445.145	1084.308	416.484	387.516	1109.712	418.029	331.980	1084.762	343.986	570.916	794.623	270.124	588.633	808.890	256.913	592.307	685.389	322.014	575.139	672.339	249.816	572.258	512.134	253.136	439.722	491.449	338.235	583.523	396.758	267.022	582.377	384.719	293.870	584.879	277.819	352.769	584.995	291.492	428.446	532.739	79.034	381.207	569.227	105.331	352.682	482.538	103.402	212.610	597.615	34.325	204.852	503.141	39.304	331.187	197.889	784.178	255.433	200.350	793.013	245.428	195.842	670.420	305.206	194.002	660.123	284.111	200.978	515.966	276.454	325.575	472.194	345.671	181.323	371.439	272.106	210.311	365.807	290.891	208.991	259.817	349.960	189.923	262.820	428.943	239.452	67.838	372.512	205.223	100.102	344.987	298.674	106.598	209.744	187.951	36.698	196.910	266.684	42.459	388.127	389.754	1239.810	317.190	387.990	1561.059	387.457	471.123	1411.730	383.291	306.595	1399.061	197.296	386.037	1813.890	65.092	358.494	1737.741	181.508	284.820	1707.160	147.213	478.076	1724.527	228.758	572.358	1545.321	233.720	661.812	1359.230	322.725	707.130	1445.430	312.709	730.523	1343.320	330.727	763.629	1287.777	408.515	686.229	1275.370	279.115	662.478	1205.890	331.347	777.030	1169.100	299.544	695.690	1113.015	337.107	599.292	1069.892	280.160	666.268	1037.589	261.076	608.105	1044.499	226.584	214.081	1553.093	210.450	132.708	1360.646	287.159	52.555	1431.048	272.766	54.606	1329.235	301.703	1.853	1259.963	387.386	71.550	1265.027	322.498	129.057	1220.177	258.714	30.632	1185.806	292.549	105.222	1124.740	320.792	172.997	1057.913	287.882	105.826	1004.041	263.320	157.837	1025.759
298.432	556.014	1101.501	336.159	573.891	916.599	223.133	519.195	1039.551	299.245	219.983	1100.230	312.868	199.828	952.880	228.272	257.584	1040.666	413.972	445.150	1084.375	417.203	387.532	1109.911	418.753	331.937	1084.806	344.514	570.925	794.345	270.723	588.668	808.740	257.235	592.367	685.240	322.300	575.169	672.053	249.744	572.345	512.037	253.113	439.751	491.363	338.134	583.586	396.645	266.916	582.427	384.613	293.805	584.871	277.688	352.718	585.049	291.439	428.484	532.753	78.986	381.237	569.241	105.311	352.710	482.541	103.390	212.637	597.623	34.340	204.887	503.134	39.312	331.567	197.924	783.947	255.821	200.392	793.031	245.405	195.911	670.336	305.090	193.955	659.840	283.652	200.942	515.911	276.040	325.570	472.136	345.242	181.275	371.419	271.699	210.292	365.670	290.714	208.993	259.764	349.663	189.893	262.789	428.720	239.472	67.542	372.643	205.106	100.288	344.959	298.678	106.595	209.746	187.955	36.681	196.929	266.691	42.412	388.289	389.824	1239.968	316.109	388.073	1560.938	386.878	471.179	1411.871	382.798	306.594	1399.303	196.003	386.089	1813.429	63.879	358.513	1737.148	180.328	284.868	1706.640	145.932	478.102	1723.992	227.679	572.410	1544.935	233.128	661.869	1358.822	321.846	707.192	1445.177	312.165	730.577	1343.164	330.345	763.647	1287.615	408.206	686.347	1275.475	279.074	662.415	1205.524	331.347	777.017	1168.932	299.812	695.656	1112.755	337.673	599.311	1069.762	280.706	666.202	1037.280	261.745	608.023	1044.201	225.475	214.130	1552.697	209.860	132.848	1360.151	286.205	52.516	1430.776	272.154	54.637	1328.928	301.090	1.848	1259.721	386.941	71.354	1265.125	322.354	129.019	1220.054	258.602	30.710	1185.405	292.691	105.207	1124.476	321.403	172.932	1057.712	288.479	105.805	1003.779	263.935	157.866	1025.518
298.956	555.968	1101.394	336.826	573.911	916.460	223.865	519.119	1039.241	299.956	219.991	1100.104	313.575	199.789	952.778	228.794	257.479	1040.494	414.700	445.177	1084.455	417.884	387.551	1110.162	419.339	332.048	1084.776	345.023	570.897	794.038	271.288	588.704	808.606	257.557	592.442	685.097	322.593	575.179	671.848	249.658	572.413	511.961	253.155	439.824	491.271	338.038	583.628	396.561	266.824	582.473	384.507	293.763	584.893	277.587	352.670	585.061	291.366	428.519	532.771	78.948	381.297	569.275	105.286	352.761	482.557	103.373	212.648	597.614	34.392	204.978	503.151	39.320	331.991	197.929	783.715	256.170	200.384	793.069	245.403	195.940	670.368	305.042	193.925	659.604	283.150	200.877	515.815	275.602	325.575	472.070	344.831	181.227	371.412	271.289	210.279	365.590	290.411	209.002	259.670	349.439	189.916	262.747	428.899	239.450	67.851	372.434	205.214	100.108	344.939	298.664	106.616	209.742	187.955	36.695	196.891	266.687	42.470	388.463	389.893	1240.130	315.016	388.106	1560.762	386.279	471.244	1412.031	382.329	306.589	1399.524	194.689	386.111	1812.917	62.652	358.567	1736.503	179.152	284.913	1706.071	144.708	478.116	1723.349	226.546	572.424	1544.486	232.536	661.899	1358.448	321.004	707.265	1444.987	311.811	730.601	1342.962	329.976	763.690	1287.449	407.882	686.418	1275.572	279.103	662.375	1205.182	331.346	777.026	1168.774	300.096	695.619	1112.475	338.270	599.320	1069.684	281.264	666.093	1036.963	262.390	607.960	1043.924	224.430	214.203	1552.357	209.224	132.969	1359.620	285.206	52.489	1430.546	271.469	54.671	1328.563	300.564	1.835	1259.529	386.552	71.207	1265.192	322.217	128.981	1219.858	258.968	30.725	1184.934	292.780	105.158	1124.186	321.996	172.888	1057.529	289.062	105.836	1003.494	264.609	157.889	1025.226
299.514	555.949	1101.268	337.706	573.950	916.334	224.657	519.065	1038.913	300.687	220.010	1099.997	314.259	199.768	952.500	229.312	257.375	1040.335	415.404	445.231	1084.502	418.550	387.564	1110.282	420.233	331.916	1084.941	345.561	570.942	793.800	271.839	588.734	808.393	257.880	592.478	684.964	322.869	575.194	671.592	249.599	572.513	511.842	253.193	439.887	491.205	337.924	583.675	396.448	266.739	582.528	384.363	293.687	584.886	277.482	352.630	585.100	291.271	428.566	532.787	78.887	381.331	569.302	105.234	352.789	482.577	103.329	212.687	597.622	34.414	205.432	503.289	39.263	332.274	197.873	783.563	256.536	200.384	793.104	245.375	195.910	670.413	304.958	193.898	659.446	282.669	200.818	515.684	275.154	325.573	472.038	344.410	181.176	371.397	270.113	210.203	365.932	290.140	209.010	259.585	349.186	189.911	262.727	428.900	239.437	67.876	372.420	205.212	100.139	344.909	298.668	106.629	209.734	187.963	36.678	196.891	266.692	42.470	388.550	389.986	1240.231	314.007	388.165	1560.603	385.741	471.355	1412.100	381.816	306.612	1399.668	193.365	386.136	1812.372	61.414	358.597	1735.857	177.983	284.945	1705.499	143.401	478.143	1722.767	225.444	572.480	1544.105	232.014	661.884	1357.946	320.135	707.304	1444.806	311.245	730.656	1342.692	329.548	763.713	1287.261	407.556	686.489	1275.701	279.108	662.348	1204.801	331.361	777.034	1168.571	300.337	695.579	1112.178	338.861	599.346	1069.490	281.848	665.999	1036.622	263.010	607.883	1043.669	223.294	214.263	1551.944	208.608	133.097	1359.165	284.229	52.452	1430.298	270.806	54.697	1328.253	300.110	1.843	1259.295	386.194	71.032	1265.240	322.056	128.934	1219.699	258.778	30.817	1184.552	292.976	105.150	1123.926	322.554	172.822	1057.334	289.695	105.856	1003.232	265.187	157.893	1024.984
300.098	555.924	1101.105	338.576	573.953	916.055	225.376	519.005	1038.594	301.251	220.040	1099.925	315.021	199.788	952.163	230.146	257.588	1040.041	416.088	445.257	1084.546	419.120	387.601	1110.396	420.987	331.917	1084.992	346.045	570.950	793.483	272.454	588.763	808.295	258.204	592.524	684.834	323.175	575.221	671.297	249.530	572.592	511.768	253.217	439.952	491.127	337.818	583.723	396.318	266.613	582.582	384.245	293.572	584.958	277.300	352.574	585.131	291.228	428.610	532.818	78.848	381.387	569.302	105.218	352.828	482.564	103.326	212.712	597.613	34.565	205.495	503.298	39.284	332.617	197.819	783.375	256.885	200.379	793.122	245.344	195.913	670.457	304.915	193.883	659.285	282.223	200.829	515.503	274.754	325.586	471.975	343.967	181.138	371.359	269.829	210.364	365.626	289.663	208.988	259.460	348.923	189.909	262.690	428.874	239.445	67.889	372.374	205.213	100.112	344.887	298.660	106.630	209.739	187.964	36.691	196.879	266.688	42.474	388.746	390.082	1240.397	312.881	388.206	1560.394	385.164	471.481	1412.270	381.349	306.650	1399.829	191.840	386.119	1811.933	60.155	358.612	1735.111	176.751	285.011	1704.935	142.155	478.226	1722.271	224.303	572.530	1543.632	231.415	661.887	1357.435	319.240	707.359	1444.640	310.648	730.693	1342.347	329.094	763.757	1287.046	407.283	686.646	1275.747	279.080	662.298	1204.443	331.349	777.044	1168.360	300.623	695.555	1111.915	339.422	599.342	1069.335	282.547	665.919	1036.247	263.621	607.803	1043.414	222.210	214.325	1551.485	207.995	133.265	1358.664	283.248	52.414	1430.050	270.143	54.700	1327.966	299.452	1.882	1259.081	385.827	70.869	1265.311	321.930	128.888	1219.542	258.618	30.901	1184.142	293.160	105.159	1123.655	323.164	172.760	1057.151	290.305	105.855	1002.919	266.010	157.994	1024.731
300.661	555.904	1100.919	339.250	573.966	915.949	226.090	518.990	1038.232	301.827	220.111	1099.841	315.855	199.706	952.001	230.848	257.548	1039.749	416.837	445.253	1084.589	419.806	387.603	1110.604	421.731	331.915	1085.037	346.642	570.961	793.140	273.063	588.820	808.234	258.531	592.566	684.695	323.449	575.239	671.018	249.435	572.677	511.681	253.218	440.045	491.052	337.704	583.764	396.168	266.526	582.630	384.127	293.577	584.916	277.259	352.529	585.166	291.166	428.663	532.837	78.790	381.457	569.317	105.183	352.887	482.588	103.306	212.740	597.607	34.492	205.549	503.314	39.308	332.958	197.787	783.110	257.254	200.389	793.112	245.312	195.898	670.493	304.839	193.842	659.136	281.737	200.768	515.375	274.316	325.578	471.935	343.532	181.088	371.346	269.373	210.317	365.562	289.361	208.995	259.341	348.547	189.848	262.722	428.869	239.441	67.913	372.359	205.226	100.179	344.844	298.649	106.656	209.747	187.982	36.686	196.880	266.705	42.476	388.892	390.149	1240.521	311.834	388.222	1560.220	384.564	471.574	1412.367	380.873	306.700	1399.971	190.411	386.146	1811.303	58.893	358.646	1734.470	175.563	285.098	1704.416	140.881	478.257	1721.646	223.166	572.573	1543.080	230.855	661.899	1356.920	318.393	707.430	1444.456	310.035	730.747	1342.066	328.642	763.835	1286.827	406.915	686.719	1275.850	279.117	662.271	1204.060	331.352	777.067	1168.273	300.929	695.491	1111.547	340.006	599.330	1069.069	283.072	665.833	1035.959	264.310	607.747	1043.075	221.063	214.378	1551.064	207.414	133.425	1358.113	282.196	52.362	1429.673	269.499	54.745	1327.577	298.942	1.897	1258.766	385.415	70.711	1265.402	321.806	128.843	1219.371	258.448	30.960	1183.732	293.374	105.167	1123.384	323.759	172.717	1056.956	290.926	105.871	1002.648	266.730	158.036	1024.444
301.241	555.857	1100.750	339.892	573.983	915.782	226.779	518.966	1037.894	302.555	220.095	1099.727	316.544	199.690	951.747	231.550	257.596	1039.516	417.571	445.252	1084.593	420.411	387.657	1110.676	422.523	331.830	1085.068	347.191	570.965	792.832	273.633	588.866	808.004	258.818	592.615	684.574	323.740	575.217	670.758	249.353	572.755	511.601	253.255	440.097	490.992	337.604	583.785	396.031	266.408	582.696	384.001	293.543	584.947	277.131	352.475	585.199	291.036	428.706	532.842	78.721	381.503	569.336	105.131	352.958	482.603	103.280	212.772	597.605	34.630	205.605	503.296	39.338	333.365	197.791	782.829	257.622	200.384	793.134	245.267	195.886	670.541	304.780	193.808	658.992	281.281	200.704	515.313	273.754	325.539	471.752	343.064	181.026	371.252	268.928	210.282	365.462	289.080	208.994	259.204	348.262	189.829	262.686	428.677	239.484	67.605	372.472	205.110	100.294	344.830	298.635	106.667	209.729	187.978	36.660	196.887	266.707	42.444	389.077	390.251	1240.700	310.681	388.336	1560.080	383.898	471.661	1412.495	380.314	306.723	1400.039	189.057	386.171	1810.680	57.606	358.665	1733.743	174.332	285.135	1703.795	139.636	478.298	1720.929	221.986	572.598	1542.524	230.250	661.942	1356.364	317.495	707.529	1444.248	309.486	730.832	1341.786	328.191	763.892	1286.602	406.572	686.841	1275.924	279.063	662.247	1203.724	331.324	777.078	1168.065	301.266	695.456	1111.226	340.614	599.343	1068.877	283.632	665.789	1035.584	264.971	607.684	1042.821	219.965	214.436	1550.627	206.816	133.546	1357.666	281.189	52.307	1429.391	268.817	54.775	1327.217	298.406	1.912	1258.469	384.940	70.515	1265.450	321.675	128.790	1219.168	258.291	31.071	1183.307	293.634	105.181	1123.085	324.366	172.572	1056.695	291.569	105.892	1002.324	266.717	157.932	1024.619
301.811	555.802	1100.563	340.803	573.990	915.478	227.492	518.881	1037.542	303.277	220.112	1099.569	317.382	199.622	951.671	232.371	257.664	1039.226	418.359	445.298	1084.657	421.194	387.669	1110.813	423.281	331.804	1085.132	347.700	570.978	792.468	274.232	588.908	807.779	259.098	592.632	684.275	324.010	575.230	670.434	249.256	572.831	511.455	253.254	440.180	490.846	337.518	583.819	395.907	266.266	582.757	383.860	293.501	584.965	277.022	352.417	585.243	290.956	428.742	532.849	78.678	381.567	569.357	105.108	353.018	482.596	103.266	212.805	597.613	34.563	205.647	503.298	39.362	333.632	197.692	782.635	258.020	200.405	793.105	245.223	195.877	670.571	304.738	193.764	658.853	280.810	200.613	515.253	273.276	325.507	471.633	342.618	180.977	371.144	268.550	210.228	365.219	288.819	208.995	259.065	347.953	189.806	262.682	428.865	239.448	67.912	372.293	205.230	100.143	344.817	298.636	106.676	209.740	187.977	36.700	196.883	266.703	42.459	389.297	390.329	1240.844	309.602	388.382	1559.869	383.261	471.775	1412.577	379.746	306.723	1400.136	187.725	386.220	1810.099	56.317	358.708	1733.013	173.080	285.136	1703.177	138.254	478.314	1720.269	220.845	572.686	1542.045	229.609	661.954	1355.876	316.575	707.606	1443.871	308.908	730.913	1341.548	327.760	763.951	1286.392	406.258	686.962	1276.003	279.317	662.704	1202.968	331.325	777.068	1167.802	301.657	695.419	1110.881	341.101	599.359	1068.684	284.169	665.712	1035.231	265.648	607.626	1042.498	218.829	214.514	1550.103	206.179	133.632	1357.192	280.188	52.297	1429.100	268.139	54.822	1326.962	297.879	1.935	1258.166	384.558	70.334	1265.494	321.575	128.746	1218.992	258.089	31.152	1182.854	293.851	105.193	1122.779	325.002	172.532	1056.476	292.200	105.905	1002.030	267.444	157.953	1024.321
302.374	555.767	1100.377	341.674	574.012	915.241	228.278	518.849	1037.184	303.899	220.133	1099.464	318.292	199.606	951.449	235.051	258.262	1038.405	419.102	445.349	1084.626	422.031	387.630	1110.957	424.016	331.773	1085.098	348.239	570.972	792.086	274.765	588.941	807.619	259.462	592.703	684.153	324.264	575.225	670.115	249.137	572.903	511.353	253.260	440.262	490.786	337.414	583.854	395.798	266.124	582.827	383.695	293.473	584.984	276.914	352.371	585.298	290.863	428.810	532.889	78.595	381.616	569.362	105.037	353.062	482.619	103.225	212.829	597.596	34.697	205.711	503.276	39.401	333.976	197.649	782.331	258.374	200.434	793.094	245.209	195.905	670.576	304.669	193.745	658.713	280.257	200.553	515.089	272.797	325.456	471.617	342.181	180.909	371.075	268.087	210.165	365.108	288.495	208.955	258.923	347.628	189.764	262.673	428.853	239.415	67.939	372.281	205.209	100.182	344.773	298.607	106.702	209.742	187.993	36.685	196.888	266.718	42.472	389.448	390.417	1240.954	308.511	388.432	1559.598	382.650	471.883	1412.670	379.152	306.745	1400.311	186.376	386.342	1809.574	55.019	358.715	1732.159	171.804	285.187	1702.499	137.058	478.364	1719.664	219.702	572.737	1541.562	229.012	661.988	1355.397	315.642	707.701	1443.580	308.324	730.971	1341.287	327.302	764.002	1286.178	405.963	687.113	1276.070	279.294	662.588	1202.590	331.304	777.092	1167.607	302.356	695.363	1110.492	341.710	599.395	1068.471	284.809	665.662	1034.861	266.330	607.559	1042.202	217.691	214.589	1549.599	205.562	133.776	1356.524	279.129	52.274	1428.714	267.510	54.851	1326.552	297.573	1.891	1257.791	384.150	70.188	1265.505	321.450	128.707	1218.807	257.924	31.241	1182.418	294.057	105.194	1122.464	325.577	172.480	1056.274	292.819	105.932	1001.754	268.149	157.998	1024.006
302.996	555.736	1100.181	342.422	574.091	915.011	229.012	518.790	1036.812	304.584	220.121	1099.301	319.292	199.515	951.405	236.001	258.317	1038.085	419.932	445.369	1084.656	422.683	387.675	1111.019	424.837	331.804	1085.120	348.771	571.007	791.773	275.292	588.923	807.345	259.883	593.007	683.895	324.614	574.890	670.028	249.014	572.987	511.247	253.228	440.362	490.686	337.277	583.889	395.671	265.990	582.901	383.539	293.396	585.062	276.729	352.286	585.328	290.747	428.852	532.898	78.545	381.668	569.388	105.019	353.145	482.642	103.220	212.879	597.600	34.741	205.779	503.287	39.413	334.321	197.620	782.046	258.748	200.480	793.090	245.150	195.907	670.604	304.591	193.700	658.555	279.788	200.475	514.986	272.352	325.414	471.610	341.733	180.828	371.040	267.679	210.151	364.927	288.234	208.960	258.746	347.332	189.751	262.620	428.834	239.418	67.926	372.241	205.200	100.177	344.764	298.608	106.717	209.750	187.985	36.682	196.906	266.714	42.441	389.669	390.499	1241.128	307.372	388.469	1559.343	382.050	471.976	1412.737	378.539	306.757	1400.376	184.981	386.371	1808.832	53.742	358.726	1731.449	170.546	285.249	1701.830	135.744	478.384	1718.899	218.544	572.775	1540.972	228.435	661.997	1354.851	314.691	707.787	1443.304	307.713	731.055	1341.004	326.839	764.090	1285.950	405.663	687.275	1276.136	278.889	662.075	1202.449	331.270	777.107	1167.337	302.696	695.351	1110.174	341.050	599.402	1068.151	285.454	665.607	1034.491	267.036	607.507	1041.878	216.567	214.670	1549.172	204.933	133.908	1355.925	278.154	52.255	1428.372	266.810	54.841	1326.167	296.609	1.731	1257.731	383.800	70.074	1265.465	321.320	128.661	1218.609	257.766	31.327	1181.948	294.239	105.191	1122.106	326.201	172.414	1056.086	293.479	105.966	1001.468	268.839	158.040	1023.710
303.587	555.688	1099.920	343.281	574.177	914.795	229.850	518.762	1036.382	305.278	220.159	1099.141	319.897	199.521	951.099	236.973	258.447	1037.747	420.670	445.390	1084.658	423.270	387.769	1111.027	425.649	331.737	1085.071	349.334	571.015	791.390	275.843	588.915	807.159	260.212	593.057	683.721	324.940	574.922	669.744	248.882	573.061	511.093	253.285	440.438	490.546	337.146	583.906	395.562	265.866	582.981	383.381	293.354	585.097	276.614	352.205	585.349	290.607	428.907	532.911	78.489	381.705	569.409	104.969	353.204	482.638	103.196	212.931	597.600	34.750	205.816	503.291	39.432	334.567	197.514	781.859	259.116	200.529	793.098	245.081	195.860	670.641	304.498	193.642	658.415	279.310	200.402	514.895	271.880	325.371	471.626	341.317	180.753	371.000	267.241	210.085	364.617	287.940	208.926	258.551	347.047	189.730	262.586	428.854	239.421	67.944	372.236	205.194	100.173	344.747	298.600	106.726	209.746	187.998	36.691	196.877	266.700	42.489	389.881	390.590	1241.296	306.222	388.571	1559.065	381.428	472.103	1412.739	379.907	306.906	1401.891	183.630	386.445	1808.102	52.428	358.766	1730.660	169.258	285.263	1701.180	134.382	478.452	1718.107	217.292	572.779	1540.331	227.805	661.999	1354.264	313.751	707.895	1443.057	307.079	731.138	1340.683	326.381	764.160	1285.647	405.296	687.429	1276.197	278.902	662.017	1202.029	331.206	777.154	1167.041	302.987	695.324	1109.880	341.593	599.395	1067.935	286.159	665.516	1034.111	267.720	607.442	1041.554	215.409	214.759	1548.605	204.345	134.065	1355.414	277.106	52.205	1427.973	266.160	54.874	1325.741	296.059	1.738	1257.464	383.400	69.953	1265.528	321.176	128.613	1218.390	257.597	31.403	1181.495	294.442	105.196	1121.778	326.835	172.371	1055.849	294.193	106.009	1001.133	269.496	158.019	1023.372
304.183	555.668	1099.610	344.172	574.241	914.449	230.646	518.713	1036.013	306.078	220.181	1098.964	320.668	199.505	950.831	237.957	258.503	1037.422	421.458	445.413	1084.673	423.932	387.792	1111.145	426.439	331.697	1085.055	349.903	571.044	791.049	276.457	588.952	806.943	260.518	593.090	683.534	325.253	574.961	669.432	248.746	573.147	510.976	253.252	440.502	490.470	336.997	583.940	395.418	265.725	583.051	383.247	293.268	585.127	276.499	352.123	585.368	290.533	428.943	532.942	78.416	381.766	569.412	104.921	353.252	482.665	103.181	212.935	597.591	34.781	205.853	503.271	39.470	334.813	197.437	781.617	259.479	200.570	793.085	245.003	195.850	670.703	304.391	193.591	658.235	278.813	200.298	514.799	271.429	325.321	471.614	340.866	180.693	370.951	266.768	210.031	364.499	287.632	208.871	258.428	346.649	189.636	262.444	428.829	239.401	67.962	372.199	205.184	100.198	344.736	298.582	106.750	209.743	187.989	36.682	196.892	266.708	42.496	390.073	390.647	1241.422	305.076	388.643	1558.804	380.804	472.236	1412.823	379.738	306.922	1402.267	182.288	386.559	1807.512	51.079	358.835	1729.827	167.995	285.277	1700.507	133.109	478.500	1717.381	216.119	572.815	1539.734	227.188	661.969	1353.602	312.754	707.993	1442.719	306.432	731.207	1340.268	325.968	764.239	1285.415	404.961	687.594	1276.278	278.920	661.984	1201.614	331.145	777.162	1166.720	303.309	695.305	1109.562	342.183	599.421	1067.729	286.755	665.427	1033.741	268.402	607.378	1041.223	214.205	214.860	1548.057	203.758	134.209	1354.794	276.083	52.164	1427.638	265.507	54.930	1325.333	295.517	1.753	1257.155	382.983	69.807	1265.498	321.081	128.579	1218.166	257.480	31.481	1181.008	294.688	105.202	1121.481	327.458	172.326	1055.600	294.824	106.027	1000.829	270.190	158.069	1023.097
304.753	555.614	1099.372	344.939	574.281	914.191	231.428	518.666	1035.609	306.708	220.227	1098.826	321.508	199.515	950.427	238.816	258.490	1037.088	422.297	445.444	1084.654	424.655	387.813	1111.238	427.234	331.697	1085.090	350.451	571.070	790.649	277.081	588.935	806.672	261.162	592.772	683.381	325.523	574.989	669.148	248.596	573.231	510.829	253.235	440.592	490.371	336.852	583.947	395.279	265.571	583.146	383.067	293.235	585.161	276.389	352.038	585.414	290.428	429.007	532.959	78.384	381.761	569.450	104.806	353.300	482.683	103.165	212.946	597.604	34.673	205.889	503.277	39.472	335.072	197.343	781.380	259.834	200.626	793.062	244.957	195.829	670.747	304.289	193.505	658.068	278.327	200.218	514.673	270.927	325.269	471.577	340.419	180.607	370.889	266.300	209.967	364.340	287.356	208.833	258.339	346.334	189.604	262.398	428.838	239.403	67.941	372.200	205.185	100.204	344.714	298.570	106.767	209.745	187.974	36.675	196.898	266.713	42.483	390.267	390.727	1241.480	303.926	388.695	1558.541	380.138	472.342	1412.899	379.271	306.922	1402.395	180.940	386.654	1806.750	49.764	358.874	1728.952	166.684	285.363	1699.733	131.770	478.529	1716.610	214.894	572.837	1539.128	226.592	661.972	1352.901	311.819	708.078	1442.347	305.751	731.277	1339.936	325.503	764.325	1285.152	404.577	687.757	1276.339	278.918	661.950	1201.194	331.126	777.203	1166.456	303.654	695.287	1109.192	342.816	599.488	1067.524	287.347	665.374	1033.352	269.137	607.316	1040.854	213.033	214.957	1547.492	203.106	134.335	1354.183	275.071	52.168	1427.244	264.828	54.951	1324.928	295.039	1.753	1256.827	382.621	69.641	1265.520	320.939	128.544	1217.932	257.334	31.582	1180.495	294.937	105.220	1121.118	328.085	172.303	1055.360	295.534	106.072	1000.499	270.935	158.106	1022.783
305.369	555.596	1099.195	345.753	574.323	913.805	232.335	518.620	1035.138	307.426	220.256	1098.623	322.369	199.496	950.290	239.647	258.552	1036.766	423.412	445.487	1084.679	425.417	387.860	1111.356	428.257	331.609	1085.054	351.007	571.133	790.288	277.682	588.894	806.401	261.357	593.240	683.525	325.805	575.046	668.877	248.444	573.326	510.682	253.191	440.689	490.299	336.662	583.984	395.150	265.410	583.222	382.911	293.120	585.191	276.213	351.949	585.471	290.351	429.022	532.986	78.313	381.800	569.456	104.771	353.332	482.698	103.148	212.965	597.605	34.799	205.917	503.266	39.519	335.529	197.392	780.987	260.203	200.623	793.040	244.855	195.811	670.791	304.164	193.442	657.876	277.803	200.151	514.566	270.435	325.218	471.538	339.984	180.520	370.806	265.910	209.920	364.204	287.071	208.798	258.238	346.038	189.566	262.295	428.841	239.386	67.932	372.177	205.165	100.201	344.722	298.563	106.789	209.761	187.982	36.689	196.900	266.701	42.504	390.413	390.770	1241.568	302.761	388.730	1558.175	379.414	472.445	1412.943	378.661	306.927	1402.416	179.691	386.765	1805.936	48.444	358.934	1728.162	165.343	285.401	1698.915	130.503	478.599	1715.876	213.643	572.854	1538.491	225.978	661.992	1352.396	310.796	708.207	1442.033	305.100	731.368	1339.621	325.006	764.414	1284.875	404.480	687.827	1276.401	278.954	661.943	1200.739	331.087	777.266	1166.269	303.996	695.282	1108.838	343.458	599.485	1067.323	287.984	665.336	1032.947	269.839	607.279	1040.494	211.851	215.052	1546.948	202.488	134.457	1353.600	274.011	52.128	1426.792	264.153	55.004	1324.476	294.535	1.758	1256.459	382.188	69.476	1265.541	320.802	128.503	1217.644	257.162	31.683	1179.989	295.207	105.248	1120.741	328.779	172.252	1055.088	296.177	106.091	1000.155	271.749	158.190	1022.425
305.991	555.540	1098.941	346.567	574.385	913.530	233.160	518.560	1034.701	308.067	220.289	1098.446	323.190	199.412	950.153	240.604	258.655	1036.387	424.198	445.505	1084.633	426.262	387.880	1111.358	428.950	331.679	1084.895	351.584	571.163	789.856	278.218	588.832	806.214	261.649	593.305	683.431	326.075	575.119	668.539	248.295	573.418	510.558	253.143	440.775	490.209	336.382	584.039	395.089	265.265	583.307	382.761	293.061	585.248	276.092	351.842	585.521	290.261	429.055	533.027	78.285	381.817	569.470	104.725	353.386	482.703	103.148	212.993	597.607	34.833	205.969	503.282	39.525	335.942	197.395	780.689	260.547	200.639	792.974	244.778	195.759	670.820	304.068	193.393	657.667	277.285	200.048	514.453	269.938	325.148	471.455	339.542	180.441	370.690	265.486	209.899	364.065	286.781	208.786	258.110	345.732	189.508	262.179	428.835	239.381	67.938	372.150	205.149	100.209	344.700	298.519	106.794	209.760	187.978	36.684	196.922	266.699	42.527	390.584	390.860	1241.660	301.600	388.783	1557.803	378.758	472.567	1412.889	378.039	307.007	1402.464	178.250	386.821	1805.228	47.068	359.013	1727.251	164.110	285.450	1698.227	129.100	478.649	1714.945	212.398	572.868	1537.811	225.298	661.996	1351.808	309.824	708.314	1441.721	304.509	731.485	1339.302	324.490	764.525	1284.544	403.858	688.124	1276.370	278.955	661.918	1200.313	331.101	777.330	1166.038	304.312	695.284	1108.512	344.253	599.535	1067.097	288.695	665.309	1032.473	270.512	607.219	1040.159	210.662	215.162	1546.336	201.844	134.597	1352.978	272.967	52.086	1426.346	263.492	55.031	1323.961	294.037	1.753	1256.057	381.769	69.284	1265.546	320.702	128.465	1217.373	256.983	31.786	1179.466	295.458	105.272	1120.392	329.453	172.203	1054.855	296.852	106.118	999.842	272.476	158.285	1022.209
306.649	555.480	1098.692	347.260	574.414	913.317	234.025	518.552	1034.227	308.856	220.302	1098.266	324.197	199.364	950.034	241.622	258.750	1035.980	425.094	445.548	1084.606	426.897	387.902	1111.342	429.766	331.705	1084.861	352.128	571.238	789.507	278.773	588.789	806.050	261.974	593.347	683.325	326.295	575.172	668.148	248.094	573.507	510.391	253.091	440.893	490.098	335.561	584.087	395.043	265.130	583.389	382.618	292.962	585.301	275.981	351.706	585.567	290.151	429.088	533.050	78.235	381.827	569.494	104.663	353.408	482.753	103.117	213.027	597.607	34.820	205.993	503.261	39.561	336.271	197.394	780.421	260.898	200.645	792.959	244.711	195.728	670.840	303.962	193.295	657.456	276.773	199.983	514.339	269.436	325.070	471.329	339.080	180.363	370.557	265.059	209.818	363.935	286.530	208.754	258.001	345.474	189.482	262.104	428.832	239.380	67.926	372.146	205.129	100.235	344.683	298.507	106.788	209.780	187.973	36.713	196.944	266.698	42.537	390.768	390.939	1241.726	300.413	388.842	1557.421	378.112	472.666	1412.911	377.328	307.018	1402.447	176.835	386.882	1804.412	45.757	359.067	1726.360	162.786	285.519	1697.462	127.853	478.709	1714.175	211.137	572.926	1537.245	224.683	661.993	1351.115	308.783	708.464	1441.312	303.841	731.564	1338.887	324.000	764.614	1284.189	403.771	688.223	1276.473	278.935	661.911	1199.839	331.120	777.397	1165.743	304.640	695.299	1108.114	345.057	599.573	1066.872	289.324	665.278	1031.969	271.230	607.179	1039.777	209.463	215.261	1545.705	201.248	134.735	1352.287	271.909	52.078	1425.958	262.843	55.041	1323.484	293.520	1.779	1255.625	381.409	69.159	1265.522	320.560	128.440	1217.119	256.841	31.884	1178.928	295.665	105.297	1120.073	330.119	172.156	1054.630	297.508	106.170	999.531	273.160	158.329	1021.951
307.289	555.464	1098.407	348.096	574.440	912.956	234.889	518.514	1033.762	309.587	220.296	1098.055	325.209	199.334	949.826	242.598	258.830	1035.614	425.922	445.593	1084.474	427.688	387.954	1111.461	430.561	331.712	1084.781	352.645	571.271	789.098	279.397	588.800	805.886	262.284	593.393	683.147	326.574	575.244	667.820	247.903	573.613	510.262	252.996	440.990	490.025	335.338	584.175	394.939	264.948	583.461	382.458	292.890	585.344	275.858	351.602	585.638	290.098	429.110	533.057	78.213	381.843	569.511	104.620	353.448	482.775	103.114	213.019	597.599	34.862	206.004	503.272	39.554	336.603	197.371	780.098	261.249	200.671	792.927	244.633	195.692	670.854	303.868	193.239	657.257	276.262	199.870	514.244	268.905	325.014	471.158	338.588	180.254	370.513	264.624	209.725	363.782	286.362	208.874	257.745	344.150	188.769	262.181	428.829	239.330	67.906	372.139	205.115	100.221	344.682	298.492	106.819	209.784	187.976	36.733	196.963	266.688	42.555	390.971	391.015	1241.777	299.224	388.866	1557.033	377.462	472.797	1412.940	377.081	307.024	1402.627	175.387	386.910	1803.612	44.385	359.117	1725.359	161.479	285.557	1696.664	126.455	478.748	1713.234	209.889	572.926	1536.522	224.030	661.971	1350.461	307.763	708.588	1440.888	303.134	731.621	1338.358	323.536	764.694	1283.859	403.434	688.376	1276.501	278.946	661.904	1199.381	331.119	777.470	1165.452	304.950	695.300	1107.764	347.875	599.485	1066.915	289.968	665.252	1031.537	272.028	607.153	1039.362	208.244	215.330	1545.036	200.571	134.845	1351.550	270.840	52.050	1425.460	262.157	55.070	1322.992	293.005	1.779	1255.152	381.037	69.021	1265.520	320.470	128.388	1216.852	256.752	31.955	1178.402	295.957	105.323	1119.650	330.787	172.106	1054.364	298.214	106.226	999.184	273.884	158.374	1021.631
307.957	555.457	1098.174	349.169	574.512	912.698	235.794	518.486	1033.314	310.256	220.341	1097.865	325.843	199.377	949.412	243.577	258.965	1035.219	426.796	445.639	1084.443	428.308	388.023	1111.467	431.379	331.707	1084.630	353.228	571.308	788.728	279.988	588.775	805.674	262.459	593.368	682.827	326.809	575.314	667.455	247.719	573.726	510.148	252.900	441.111	489.942	335.129	584.268	394.849	264.777	583.535	382.314	292.749	585.394	275.745	351.452	585.700	290.016	429.138	533.099	78.172	381.847	569.542	104.606	353.467	482.771	103.106	213.014	597.612	34.879	206.023	503.265	39.589	336.884	197.330	779.850	261.595	200.686	792.861	244.541	195.628	670.895	303.695	193.142	657.033	275.752	199.776	514.117	268.487	324.929	471.094	338.107	180.154	370.411	264.136	209.607	363.632	286.061	208.823	257.603	343.837	188.710	262.076	428.845	239.325	67.905	372.151	205.098	100.216	344.693	298.472	106.873	209.796	187.965	36.741	196.988	266.695	42.570	391.161	391.117	1241.856	298.030	388.964	1556.675	376.766	472.930	1412.942	376.432	307.149	1402.635	173.939	386.987	1802.786	43.018	359.163	1724.456	160.068	285.642	1695.772	125.112	478.804	1712.388	208.590	572.963	1535.751	223.397	661.940	1349.630	306.690	708.749	1440.523	302.463	731.750	1337.932	323.070	764.748	1283.450	402.773	688.674	1276.437	278.956	661.878	1198.825	331.117	777.539	1165.187	305.254	695.328	1107.404	348.493	599.534	1066.630	290.689	665.209	1031.103	272.724	607.138	1039.008	206.968	215.439	1544.379	199.919	134.952	1350.890	269.792	52.044	1424.977	261.512	55.123	1322.542	292.537	1.803	1254.801	380.577	68.865	1265.453	320.334	128.338	1216.551	256.608	32.062	1177.849	296.261	105.355	1119.266	331.474	172.061	1054.110	298.967	106.260	998.790	274.752	158.461	1021.220
308.626	555.398	1097.885	349.913	574.568	912.417	236.706	518.453	1032.797	310.920	220.290	1097.635	326.591	199.367	949.073	244.618	259.017	1034.791	427.602	445.673	1084.412	429.053	388.090	1111.518	432.204	331.763	1084.521	353.788	571.368	788.344	280.544	588.749	805.412	262.725	593.384	682.694	327.075	575.402	667.138	247.540	573.844	510.026	252.825	441.218	489.839	334.899	584.365	394.700	264.589	583.630	382.203	292.587	585.448	275.585	351.292	585.756	289.856	429.137	533.118	78.139	381.858	569.573	104.590	353.484	482.795	103.092	213.039	597.627	34.906	206.047	503.269	39.598	337.149	197.281	779.572	261.942	200.699	792.782	243.116	194.291	671.966	303.630	193.058	656.941	275.218	199.679	514.033	268.051	324.814	470.960	337.654	180.068	370.333	263.633	209.479	363.454	285.776	208.783	257.412	343.547	188.644	262.022	428.677	239.383	67.597	372.294	204.956	100.415	344.692	298.452	106.884	209.819	187.958	36.739	196.994	266.680	42.591	391.349	391.177	1241.891	296.845	389.037	1556.254	376.072	473.053	1412.886	375.763	307.182	1402.535	172.477	387.032	1801.875	41.607	359.203	1723.469	158.754	285.683	1694.899	123.745	478.833	1711.457	207.338	573.001	1534.996	222.785	661.931	1348.983	305.580	708.917	1440.098	301.781	731.867	1337.536	322.738	764.801	1283.102	402.439	688.899	1276.489	278.983	661.870	1198.232	331.132	777.611	1164.863	305.600	695.356	1107.016	349.102	599.620	1066.327	291.392	665.178	1030.663	273.457	607.113	1038.636	205.683	215.540	1543.655	199.290	135.097	1350.171	268.792	51.991	1424.538	260.821	55.126	1322.004	292.065	1.803	1254.463	380.161	68.724	1265.435	320.177	128.275	1216.187	256.494	32.153	1177.263	296.537	105.403	1118.897	332.178	172.037	1053.875	299.686	106.300	998.445	275.604	158.562	1020.826
309.293	555.360	1097.600	350.607	574.615	912.184	237.572	518.438	1032.376	311.689	220.285	1097.411	327.445	199.380	948.626	245.516	259.076	1034.442	428.439	445.723	1084.379	429.717	388.127	1111.381	432.957	331.759	1084.329	354.332	571.381	787.855	281.076	588.728	805.155	262.983	593.431	682.518	327.285	575.451	666.826	247.353	573.964	509.931	252.729	441.343	489.749	334.668	584.478	394.565	264.404	583.721	382.078	292.428	585.505	275.447	351.099	585.850	289.800	429.162	533.142	78.114	381.810	569.583	104.449	353.486	482.819	103.084	213.044	597.622	34.902	206.063	503.259	39.584	337.477	197.269	779.239	262.304	200.724	792.754	243.021	194.173	672.015	303.508	192.972	656.750	274.693	199.534	513.969	267.635	324.686	470.808	337.187	179.961	370.269	263.243	209.449	363.209	285.478	208.727	257.255	343.216	188.592	262.019	428.858	239.312	67.865	372.148	205.039	100.210	344.679	298.406	106.887	209.827	187.951	36.772	197.048	266.694	42.669	391.542	391.267	1241.927	295.585	389.075	1555.803	375.385	473.148	1412.835	375.068	307.211	1402.391	171.087	387.099	1801.050	40.203	359.217	1722.443	157.388	285.719	1694.016	122.406	478.797	1710.693	206.040	573.017	1534.228	222.128	661.907	1348.222	304.476	709.059	1439.640	301.043	731.953	1337.037	322.226	764.933	1282.754	402.273	689.326	1276.999	278.995	661.871	1197.639	331.074	777.708	1164.595	305.965	695.390	1106.563	349.690	599.708	1066.034	292.051	665.167	1030.210	274.254	607.103	1038.184	204.451	215.622	1542.959	198.675	135.201	1349.514	267.706	51.998	1423.988	260.160	55.140	1321.412	291.547	1.808	1254.045	379.722	68.550	1265.337	320.076	128.236	1215.898	256.319	32.251	1176.645	296.848	105.441	1118.504	332.903	172.021	1053.597	300.453	106.344	998.056	275.382	158.199	1020.489
310.021	555.330	1097.290	351.710	574.660	911.668	238.508	518.399	1031.879	312.429	220.270	1097.166	328.453	199.302	948.529	246.520	259.155	1033.946	429.393	445.771	1084.226	430.651	388.138	1111.573	433.742	331.786	1084.097	354.846	571.441	787.447	281.634	588.715	804.954	263.221	593.471	682.376	327.502	575.546	666.525	247.139	574.104	509.798	252.621	441.459	489.668	334.411	584.584	394.406	264.175	583.812	381.934	292.275	585.560	275.328	350.908	585.931	289.717	429.164	533.160	78.100	381.808	569.593	104.470	353.495	482.830	103.090	213.034	597.618	34.896	206.078	503.258	39.594	337.838	197.301	778.898	262.653	200.760	792.660	242.897	194.067	672.044	303.421	192.913	656.553	274.102	199.421	513.876	267.204	324.607	470.586	336.703	179.835	370.238	262.776	209.324	363.121	285.132	208.666	257.108	342.904	188.546	261.983	428.889	239.296	67.884	372.164	205.023	100.284	344.688	298.385	106.920	209.854	187.955	36.812	197.040	266.667	42.654	391.733	391.346	1241.946	294.404	389.110	1555.360	374.664	473.253	1412.708	374.379	307.289	1402.260	169.411	386.932	1800.240	38.834	359.284	1721.484	156.047	285.749	1693.117	120.974	478.928	1709.545	204.870	573.071	1533.515	221.458	661.908	1347.454	303.399	709.206	1439.173	300.374	732.074	1336.608	321.697	765.057	1282.375	401.865	689.518	1276.981	278.990	661.888	1197.149	331.082	777.778	1164.323	306.330	695.407	1106.093	350.310	599.828	1065.727	292.695	665.163	1029.773	275.006	607.089	1037.754	203.174	215.738	1542.232	198.008	135.315	1348.678	266.683	51.979	1423.455	259.467	55.176	1320.860	291.044	1.798	1253.514	379.305	68.401	1265.225	319.991	128.179	1215.627	256.226	32.358	1176.005	297.156	105.495	1118.127	333.644	171.999	1053.320	301.168	106.397	997.704	275.952	158.197	1020.108
310.706	555.309	1096.929	352.587	574.729	911.327	239.437	518.376	1031.318	313.073	220.247	1096.954	329.225	199.320	948.295	247.477	259.181	1033.535	430.153	445.802	1084.025	431.302	388.204	1111.486	434.515	331.833	1083.864	355.352	571.475	787.050	282.198	588.716	804.790	263.447	593.494	682.160	327.704	575.579	666.113	246.921	574.245	509.690	252.518	441.597	489.555	334.148	584.700	394.322	263.933	583.903	381.775	292.084	585.612	275.227	350.744	586.009	289.653	429.176	533.173	78.066	381.791	569.605	104.414	353.499	482.830	103.105	213.060	597.621	34.922	206.090	503.245	39.604	337.792	196.947	778.482	263.018	200.772	792.592	242.805	194.021	671.945	303.212	192.807	656.212	273.540	199.310	513.748	266.766	324.529	470.441	336.261	179.794	370.159	262.329	209.232	362.954	284.832	208.596	256.946	342.602	188.492	261.900	428.891	239.276	67.884	372.174	204.987	100.260	344.679	298.360	106.939	209.869	187.956	36.821	197.086	266.671	42.724	391.909	391.431	1241.971	293.154	389.194	1554.843	373.947	473.367	1412.667	373.596	307.321	1402.081	167.955	387.007	1799.345	37.410	359.314	1720.402	154.600	285.760	1692.148	119.572	478.962	1708.635	203.530	573.096	1532.652	220.871	661.882	1346.672	302.275	709.344	1438.693	299.619	732.185	1336.080	321.180	765.178	1281.983	401.462	689.742	1276.953	278.990	661.906	1196.585	331.072	777.862	1163.937	306.692	695.391	1105.518	350.879	599.943	1065.470	293.392	665.196	1029.280	275.755	607.097	1037.294	201.887	215.822	1541.446	197.301	135.406	1347.830	265.624	51.953	1422.903	258.778	55.214	1320.356	290.508	1.825	1253.013	378.941	68.271	1265.133	319.924	128.156	1215.363	256.106	32.456	1175.391	297.438	105.495	1117.734	334.361	171.990	1053.074	301.911	106.471	997.337	276.713	158.235	1019.674
311.413	555.270	1096.557	353.076	574.841	910.918	240.310	518.334	1030.780	313.811	220.226	1096.700	330.149	199.269	947.959	248.476	259.231	1033.073	430.985	445.840	1083.910	432.062	388.244	1111.543	435.317	331.866	1083.615	355.868	571.535	786.680	282.746	588.697	804.568	263.685	593.560	681.998	327.924	575.704	665.822	246.699	574.377	509.604	252.393	441.748	489.465	333.884	584.853	394.238	263.659	583.997	381.634	291.916	585.646	275.079	350.539	586.100	289.568	429.165	533.172	78.098	381.791	569.614	104.405	353.512	482.840	103.101	213.044	597.618	34.921	206.086	503.231	39.616	338.416	197.227	778.096	263.403	200.813	792.497	242.690	193.900	671.930	303.070	192.702	656.002	272.949	199.190	513.547	266.302	324.444	470.164	335.779	179.702	370.068	261.843	209.149	362.771	284.553	208.544	256.804	342.317	188.446	261.865	428.899	239.262	67.869	372.164	204.962	100.289	344.694	298.328	106.962	209.891	187.945	36.841	197.104	266.675	42.741	392.072	391.490	1241.959	291.950	389.251	1554.370	373.237	473.490	1412.531	372.831	307.344	1402.042	166.458	387.049	1798.418	35.991	359.357	1719.340	153.197	285.830	1691.145	118.141	478.982	1707.551	202.202	573.116	1531.834	220.202	661.841	1345.905	301.130	709.521	1438.189	298.912	732.314	1335.569	320.669	765.274	1281.562	401.088	689.969	1276.920	279.002	661.940	1196.094	330.996	777.910	1163.365	307.052	695.384	1105.000	351.464	600.016	1065.119	294.020	665.191	1028.795	276.517	607.058	1036.823	200.549	215.913	1540.601	196.675	135.497	1347.124	264.566	51.946	1422.359	258.131	55.210	1319.722	290.001	1.830	1252.549	378.496	68.091	1265.100	319.839	128.102	1215.038	255.990	32.545	1174.717	297.760	105.522	1117.268	335.131	171.985	1052.805	302.749	106.539	996.947	277.477	158.299	1019.264
312.163	555.237	1096.239	354.149	574.884	910.441	241.314	518.339	1030.174	314.600	220.194	1096.409	331.011	199.278	947.595	249.416	259.290	1032.674	431.731	445.894	1083.748	432.722	388.293	1111.468	436.176	331.882	1083.482	356.435	571.603	786.231	283.325	588.689	804.327	263.926	593.618	681.824	328.133	575.756	665.430	246.456	574.527	509.508	252.264	441.867	489.368	333.618	584.954	394.071	263.399	584.076	381.487	291.708	585.692	274.970	350.348	586.175	289.452	429.199	533.194	78.059	381.782	569.635	104.409	353.531	482.852	103.094	213.067	597.606	34.930	206.107	503.225	39.632	338.645	197.131	777.737	263.752	200.826	792.396	242.609	193.838	671.886	302.958	192.611	655.729	272.331	198.974	513.340	265.845	324.360	469.992	335.252	179.570	369.995	261.369	209.044	362.481	284.249	208.508	256.652	342.044	188.403	261.783	428.918	239.256	67.868	372.174	204.936	100.324	344.669	298.292	106.996	209.905	187.936	36.865	197.138	266.672	42.764	392.288	391.580	1241.997	290.673	389.329	1553.877	372.530	473.591	1412.370	372.108	307.376	1401.924	164.912	387.121	1797.456	34.566	359.434	1718.224	151.868	285.864	1690.210	116.733	479.045	1706.488	200.891	573.144	1530.968	220.150	661.760	1344.701	300.076	709.637	1437.702	298.153	732.429	1335.034	320.178	765.374	1281.066	400.679	690.171	1276.882	279.012	661.947	1195.526	330.997	778.008	1163.006	307.426	695.427	1104.512	352.123	600.126	1064.773	294.720	665.197	1028.295	277.314	607.039	1036.337	199.362	216.000	1539.904	196.055	135.597	1346.327	263.499	51.961	1421.710	257.381	55.212	1319.143	289.495	1.827	1252.048	378.036	67.892	1265.027	320.422	127.960	1214.706	255.889	32.630	1174.108	298.084	105.560	1116.811	335.875	171.965	1052.496	303.539	106.590	996.533	278.237	158.323	1018.890
312.878	555.219	1095.914	354.995	575.016	910.023	242.260	518.349	1029.661	315.299	220.216	1096.178	331.729	199.294	947.159	250.408	259.334	1032.234	432.731	445.963	1083.613	433.475	388.327	1111.417	437.020	331.884	1083.380	356.973	571.632	785.731	283.898	588.700	804.097	264.134	593.708	681.682	328.323	575.850	665.077	246.177	574.683	509.396	252.133	442.055	489.280	333.339	585.089	393.978	263.144	584.155	381.357	291.467	585.813	274.781	350.118	586.279	289.371	429.183	533.182	78.072	381.764	569.638	104.406	353.516	482.852	103.098	213.073	597.602	34.940	206.110	503.228	39.614	338.952	197.078	777.321	264.141	200.826	792.306	242.527	193.730	671.855	302.807	192.487	655.458	271.727	198.858	513.178	265.606	324.523	469.666	334.776	179.484	369.914	260.970	208.965	362.115	283.963	208.442	256.582	341.745	188.366	261.709	428.728	239.253	67.564	372.312	204.789	100.517	344.649	298.248	107.022	209.916	187.931	36.862	197.152	266.664	42.790	392.430	391.622	1241.987	289.434	389.388	1553.366	371.792	473.694	1412.266	371.322	307.373	1401.753	163.417	387.154	1796.416	33.127	359.515	1717.119	150.434	285.928	1689.200	115.372	479.078	1705.533	199.603	573.173	1530.125	219.500	661.738	1343.888	298.936	709.812	1437.158	297.409	732.567	1334.476	319.654	765.461	1280.610	400.249	690.385	1276.839	279.028	661.970	1194.870	330.977	778.098	1162.561	307.756	695.475	1104.066	352.676	600.220	1064.428	295.390	665.200	1027.784	278.075	607.020	1035.877	198.013	216.114	1539.051	195.241	135.696	1345.773	262.420	51.934	1421.100	256.687	55.226	1318.488	289.000	1.810	1251.460	377.651	67.689	1264.919	320.364	127.914	1214.360	255.819	32.718	1173.400	298.400	105.580	1116.320	336.646	171.958	1052.193	304.379	106.632	996.047	279.001	158.394	1018.553
313.566	555.202	1095.556	355.717	575.150	909.743	243.189	518.348	1029.150	316.005	220.203	1095.915	332.634	199.254	946.900	251.625	259.495	1031.738	433.634	446.018	1083.585	434.221	388.364	1111.276	437.987	331.873	1083.212	357.427	571.710	785.344	284.446	588.706	803.876	264.321	593.753	681.469	328.483	575.964	664.745	245.904	574.816	509.299	251.995	442.198	489.202	333.041	585.245	393.931	262.839	584.247	381.219	291.264	585.838	274.685	349.927	586.382	289.343	429.187	533.200	78.074	381.742	569.638	104.354	353.520	482.877	103.111	213.075	597.593	34.959	206.116	503.216	39.631	339.367	197.087	776.756	263.743	200.230	792.587	242.415	193.587	671.844	302.646	192.357	655.181	271.165	198.710	512.982	265.074	324.402	469.554	334.284	179.383	369.863	260.341	208.806	361.975	283.662	208.377	256.462	341.447	188.332	261.586	428.737	239.250	67.566	372.293	204.761	100.472	344.637	298.240	107.045	209.919	187.923	36.898	197.170	266.654	42.820	392.553	391.694	1241.932	288.127	389.463	1552.784	371.057	473.787	1412.122	370.535	307.378	1401.543	161.887	387.189	1795.392	31.701	359.564	1715.909	149.061	285.862	1688.244	113.947	479.131	1704.445	198.247	573.194	1529.218	218.810	661.728	1343.029	297.765	710.008	1436.493	296.655	732.678	1333.935	319.079	765.583	1280.096	399.818	690.614	1276.769	279.033	661.974	1194.265	330.975	778.262	1162.397	308.086	695.522	1103.600	353.242	600.312	1064.156	296.043	665.210	1027.295	278.865	606.980	1035.354	196.666	216.232	1538.186	194.727	135.809	1344.601	261.364	51.940	1420.515	256.062	55.229	1317.817	288.519	1.788	1250.928	377.230	67.477	1264.738	320.252	127.877	1213.976	255.701	32.810	1172.685	298.646	105.585	1115.865	337.424	171.946	1051.907	305.168	106.690	995.648	279.845	158.436	1018.132
314.360	555.193	1095.136	356.669	575.347	909.377	244.180	518.346	1028.549	316.736	220.206	1095.600	333.743	199.216	946.632	252.489	259.482	1031.268	434.432	446.060	1083.427	434.912	388.383	1111.216	439.526	331.838	1083.568	358.148	571.765	784.733	284.960	588.715	803.667	264.515	593.843	681.318	328.649	576.074	664.376	245.584	574.978	509.206	251.885	442.348	489.136	332.736	585.375	393.844	262.505	584.350	381.056	291.045	585.868	274.553	349.714	586.476	289.275	429.173	533.177	78.028	381.735	569.654	104.397	353.531	482.885	103.106	213.081	597.583	34.955	206.125	503.210	39.637	339.729	197.096	776.372	264.099	200.231	792.415	242.335	193.500	671.800	302.521	192.250	654.864	270.520	198.589	512.872	264.575	324.356	469.445	333.745	179.291	369.823	259.866	208.724	361.760	283.338	208.332	256.247	341.084	188.246	261.531	428.931	239.194	67.860	372.136	204.859	100.339	344.652	298.192	107.067	209.941	187.920	36.902	197.170	266.656	42.861	392.754	391.743	1241.925	286.863	389.508	1552.246	370.274	473.897	1411.924	369.779	307.419	1401.338	160.353	387.212	1794.337	30.247	359.626	1714.823	147.602	286.059	1687.101	112.535	479.212	1703.319	196.871	573.185	1528.270	218.179	661.669	1342.175	296.636	710.154	1435.936	295.902	732.783	1333.365	318.525	765.712	1279.647	399.415	690.861	1276.696	279.051	662.033	1193.606	330.966	778.340	1161.955	308.515	695.566	1103.110	353.934	600.425	1063.823	296.689	665.206	1026.770	279.685	606.983	1034.865	195.361	216.374	1537.296	193.864	135.965	1344.015	260.244	51.903	1419.884	255.328	55.178	1317.160	288.015	1.775	1250.365	376.812	67.367	1264.609	320.156	127.813	1213.589	255.601	32.929	1171.943	298.984	105.624	1115.353	338.183	171.916	1051.620	306.083	106.789	995.161	280.923	158.581	1017.750
315.095	555.164	1094.776	357.507	575.421	909.026	245.143	518.354	1027.936	317.586	220.236	1095.242	334.471	199.243	946.229	253.489	259.548	1030.754	435.320	446.128	1083.283	435.701	388.448	1111.242	440.451	331.888	1083.462	358.668	571.861	784.279	285.514	588.774	803.468	264.693	593.913	681.125	328.801	576.221	664.023	245.219	575.118	509.023	251.760	442.487	489.053	332.390	585.505	393.775	262.161	584.448	380.922	290.845	585.959	274.440	349.469	586.592	289.242	429.184	533.200	78.064	381.702	569.654	104.379	353.527	482.902	103.111	213.093	597.612	34.883	206.115	503.211	39.651	340.089	197.131	775.931	264.452	200.241	792.276	242.243	193.389	671.749	302.382	192.092	654.606	269.873	198.470	512.766	263.797	324.240	469.295	333.209	179.187	369.767	259.329	208.599	361.579	282.863	208.155	256.201	341.726	188.799	261.309	428.730	239.217	67.547	372.249	204.715	100.497	344.636	298.172	107.083	209.945	187.922	36.897	197.190	266.645	42.864	392.904	391.813	1241.878	285.596	389.607	1551.682	369.520	474.036	1411.765	369.046	307.400	1401.159	158.787	387.209	1793.287	28.750	359.669	1713.557	146.205	285.945	1686.084	111.269	479.229	1702.460	195.534	573.184	1527.307	217.502	661.667	1341.200	295.473	710.339	1435.518	295.149	732.922	1332.812	317.995	765.867	1279.198	400.171	691.128	1277.466	279.004	662.053	1192.888	330.971	778.403	1161.465	308.888	695.637	1102.622	354.579	600.552	1063.476	297.371	665.219	1026.279	280.574	606.942	1034.336	194.067	216.443	1536.453	193.248	136.039	1343.151	259.134	51.854	1419.158	254.638	55.172	1316.439	287.496	1.769	1249.853	376.358	67.169	1264.430	320.045	127.749	1213.183	255.491	33.021	1171.128	299.281	105.639	1114.825	339.001	171.897	1051.278	306.903	106.858	994.753	281.881	158.711	1017.357
315.869	555.133	1094.383	358.418	575.535	908.497	246.095	518.362	1027.298	318.437	220.291	1094.884	335.368	199.241	945.793	254.630	259.674	1030.152	436.229	446.196	1083.104	436.400	388.469	1111.156	441.323	331.907	1083.306	358.984	571.925	783.879	286.077	588.821	803.207	264.764	593.918	680.814	328.918	576.348	663.603	244.855	575.253	508.895	251.592	442.638	488.989	332.004	585.690	393.685	261.826	584.575	380.775	290.594	586.004	274.269	349.228	586.703	289.153	429.148	533.198	78.029	381.691	569.684	104.400	353.511	482.909	103.108	213.109	597.592	34.990	206.134	503.198	39.654	340.334	197.013	775.572	264.812	200.248	792.113	242.163	193.279	671.678	302.262	191.994	654.309	269.233	198.341	512.562	262.415	324.098	469.352	332.657	179.081	369.698	258.790	208.500	361.464	282.501	208.107	256.036	341.392	188.759	261.238	428.723	239.211	67.565	372.240	204.683	100.572	344.606	298.139	107.133	209.957	187.924	36.911	197.199	266.659	42.878	393.043	391.831	1241.835	284.347	389.680	1551.073	368.807	474.108	1411.580	368.274	307.475	1400.973	157.268	387.234	1792.143	27.298	359.732	1712.270	144.813	286.032	1684.943	109.693	479.227	1701.214	194.185	573.202	1526.324	216.852	661.661	1340.313	294.262	710.446	1434.765	294.366	733.009	1332.152	317.429	766.035	1278.696	399.939	691.269	1277.590	279.051	662.092	1192.268	330.907	778.645	1161.411	309.272	695.688	1102.105	355.187	600.654	1063.147	298.029	665.223	1025.741	281.414	606.920	1033.821	192.724	216.556	1535.463	192.606	136.129	1342.133	258.029	51.870	1418.479	253.947	55.169	1315.650	286.952	1.779	1249.194	375.894	66.996	1264.154	319.989	127.664	1212.772	255.414	33.105	1170.428	299.617	105.670	1114.351	339.815	171.859	1050.935	307.726	106.908	994.226	283.674	159.180	1016.865
316.693	555.122	1093.961	359.293	575.649	908.078	247.115	518.416	1026.674	320.522	221.011	1094.298	336.299	199.263	945.258	255.636	259.738	1029.592	437.017	446.240	1082.930	437.002	388.551	1110.851	442.233	331.931	1083.086	359.485	571.979	783.403	286.643	588.858	802.961	264.940	594.016	680.614	329.054	576.524	663.188	244.527	575.418	508.764	251.474	442.801	488.934	331.603	585.845	393.594	261.477	584.700	380.596	290.395	586.075	274.134	348.976	586.841	289.123	429.177	533.229	78.082	381.662	569.703	104.402	353.520	482.927	103.118	213.101	597.587	35.007	206.139	503.208	39.653	340.589	196.930	775.134	265.227	200.275	791.903	242.087	193.175	671.590	302.061	191.847	653.959	268.598	198.219	512.418	261.720	323.973	469.278	332.076	178.964	369.605	258.248	208.416	361.239	282.128	208.077	255.828	341.054	188.713	261.216	428.936	239.249	67.806	372.200	204.666	100.518	344.611	298.099	107.191	209.955	187.931	36.908	197.226	266.657	42.904	393.205	391.890	1241.791	283.006	389.745	1550.440	368.045	474.202	1411.350	367.467	307.459	1400.705	155.724	387.296	1791.040	25.799	359.773	1711.095	143.365	286.056	1683.817	108.297	479.261	1700.172	192.836	573.235	1525.398	216.143	661.640	1339.331	293.005	710.597	1434.145	293.589	733.122	1331.515	316.848	766.150	1278.132	399.596	691.520	1277.512	279.095	662.132	1191.620	330.943	778.685	1160.660	309.657	695.735	1101.594	355.863	600.758	1062.778	298.679	665.223	1025.158	282.238	606.903	1033.283	191.356	216.673	1534.527	191.968	136.183	1341.373	256.927	51.845	1417.756	253.238	55.188	1314.945	286.415	1.768	1248.514	375.447	66.763	1263.964	319.844	127.619	1212.375	255.378	33.202	1169.723	299.973	105.699	1113.835	340.549	171.843	1050.592	308.517	106.946	993.807	284.714	159.293	1016.358
317.456	555.112	1093.516	360.103	575.842	907.683	248.083	518.426	1026.000	321.367	221.087	1093.926	337.145	199.252	945.002	256.636	259.793	1029.067	437.825	446.268	1082.761	437.833	388.560	1110.983	443.632	331.297	1083.397	359.881	572.189	783.252	287.185	588.898	802.772	264.963	593.971	679.964	329.041	576.638	662.500	244.160	575.614	508.631	251.270	442.961	488.886	331.224	586.006	393.471	261.105	584.814	380.408	290.118	586.120	274.014	348.689	586.931	289.033	429.175	533.240	78.079	381.638	569.720	104.417	353.504	482.926	103.128	213.108	597.592	34.879	206.145	503.201	39.650	341.151	197.012	774.545	265.604	200.306	791.726	242.023	193.035	671.625	301.903	191.728	653.709	267.947	198.103	512.249	260.869	323.833	469.237	331.444	178.829	369.495	257.737	208.352	361.054	281.839	208.167	255.465	339.590	188.023	261.281	428.936	239.236	67.809	372.216	204.656	100.598	344.575	298.068	107.209	209.972	187.908	36.943	197.239	266.664	42.922	393.381	391.899	1241.727	281.755	389.818	1549.808	367.283	474.325	1411.061	366.689	307.505	1400.513	154.136	387.339	1789.970	24.340	359.799	1709.724	141.846	286.075	1682.596	106.801	479.240	1698.928	191.429	573.248	1524.294	215.424	661.662	1338.471	291.784	710.821	1433.521	292.804	733.257	1330.902	316.328	766.302	1277.614	399.256	691.759	1277.428	279.085	662.177	1190.985	330.914	778.792	1160.165	310.013	695.800	1101.071	356.591	600.867	1062.314	299.421	665.237	1024.545	283.428	606.843	1032.681	190.003	216.768	1533.546	191.240	136.277	1340.241	255.837	51.823	1417.036	252.496	55.191	1314.335	285.896	1.791	1247.891	375.006	66.622	1263.770	319.728	127.567	1211.874	255.251	33.341	1168.888	300.310	105.719	1113.340	341.318	171.811	1050.270	309.560	107.059	993.276	285.697	159.396	1015.860
318.220	555.110	1093.116	361.102	575.869	907.153	249.072	518.422	1025.374	322.237	221.111	1093.515	338.189	199.212	944.685	257.797	259.861	1028.464	438.761	446.331	1082.611	438.542	388.606	1110.899	444.538	331.246	1083.313	360.347	572.318	782.742	287.723	588.949	802.529	265.107	594.093	679.783	329.163	576.805	662.119	243.770	575.774	508.483	251.095	443.132	488.839	330.854	586.145	393.394	260.723	584.936	380.233	289.887	586.189	273.873	348.437	587.056	289.003	429.149	533.225	78.051	381.601	569.732	104.430	353.499	482.950	103.133	213.099	597.593	35.004	206.154	503.206	39.646	341.475	196.942	774.065	266.043	200.305	791.598	241.959	192.972	671.484	301.753	191.573	653.396	267.266	198.002	512.124	260.143	323.703	469.080	330.819	178.712	369.333	257.188	208.321	360.798	281.450	208.149	255.306	339.100	187.913	261.212	428.946	239.225	67.843	372.135	204.601	100.550	344.547	298.037	107.265	209.983	187.912	36.954	197.232	266.659	42.927	393.482	391.919	1241.618	280.441	389.873	1549.088	366.554	474.442	1410.829	365.935	307.483	1400.275	152.563	387.339	1788.698	22.802	359.867	1708.376	140.386	286.103	1681.420	105.319	479.278	1697.702	190.095	573.312	1523.304	214.734	661.600	1337.418	290.578	710.975	1432.774	292.001	733.384	1330.174	315.754	766.430	1277.002	398.878	691.961	1277.332	279.092	662.204	1190.215	330.884	778.867	1159.609	310.414	695.849	1100.534	357.250	600.948	1061.968	300.157	665.251	1023.973	284.345	606.828	1032.114	188.676	216.871	1532.563	190.600	136.393	1339.260	254.731	51.826	1416.278	251.841	55.201	1313.423	285.399	1.838	1247.221	374.566	66.441	1263.555	319.713	127.537	1211.422	255.134	33.480	1167.976	300.722	105.778	1112.785	342.089	171.749	1049.889	310.397	107.105	992.808	286.584	159.465	1015.407
319.012	555.123	1092.668	361.938	575.969	906.677	250.138	518.428	1024.659	323.130	221.187	1093.120	339.043	199.252	944.066	258.760	259.903	1027.956	439.608	446.403	1082.389	439.319	388.631	1110.881	445.418	331.358	1082.999	360.743	572.433	782.257	288.251	588.991	802.255	265.250	594.192	679.571	329.231	576.978	661.689	243.368	575.943	508.342	250.877	443.310	488.789	330.489	586.334	393.298	260.382	585.056	380.094	289.595	586.239	273.747	348.143	587.168	288.888	429.137	533.230	78.047	381.586	569.731	104.425	353.494	482.972	103.145	213.115	597.594	35.015	206.152	503.203	39.675	341.705	196.810	773.653	266.504	200.361	791.360	241.894	192.880	671.405	301.620	191.477	653.067	266.508	197.881	511.948	259.537	323.590	468.859	330.217	178.603	369.163	256.660	208.270	360.581	281.083	208.129	255.145	338.653	187.831	261.142	428.937	239.213	67.869	372.110	204.587	100.567	344.541	298.027	107.276	209.987	187.920	36.954	197.231	266.669	42.961	393.584	391.946	1241.509	279.132	389.971	1548.415	365.760	474.527	1410.616	365.112	307.504	1400.039	150.971	387.427	1787.554	21.314	359.879	1707.015	138.888	286.124	1680.207	103.855	479.327	1696.550	188.726	573.352	1522.248	214.111	661.601	1336.310	289.351	711.143	1432.161	291.152	733.511	1329.475	315.161	766.546	1276.427	398.463	692.265	1277.136	279.057	662.246	1189.572	330.842	778.967	1158.985	310.801	695.872	1099.878	357.831	601.076	1061.688	300.857	665.216	1023.386	285.172	606.801	1031.578	187.270	216.962	1531.503	189.944	136.505	1338.249	253.587	51.802	1415.471	251.112	55.200	1312.709	284.879	1.852	1246.553	374.132	66.215	1263.282	319.612	127.506	1210.984	255.072	33.593	1167.149	301.099	105.824	1112.203	342.949	171.703	1049.501	311.246	107.173	992.341	287.512	159.536	1014.892
319.755	555.081	1092.117	362.599	576.039	906.266	251.150	518.429	1023.946	323.899	221.220	1092.715	339.702	199.311	943.457	259.746	259.892	1027.406	440.451	446.461	1082.189	440.075	388.672	1110.776	446.332	331.339	1082.846	361.146	572.381	781.797	288.980	589.257	802.089	265.316	594.297	679.282	329.298	577.129	661.210	242.962	576.125	508.225	250.639	443.515	488.732	330.139	586.495	393.231	260.002	585.195	379.936	289.268	586.378	273.541	347.880	587.304	288.854	429.154	533.250	78.064	381.557	569.749	104.407	353.493	482.983	103.157	213.111	597.605	35.030	206.157	503.207	39.685	341.975	196.707	773.231	266.954	200.359	791.143	241.816	192.798	671.315	301.501	191.328	652.789	265.829	197.754	511.703	258.817	323.459	468.770	329.603	178.480	369.035	256.136	208.276	360.348	280.693	208.119	254.963	338.171	187.726	261.106	428.930	239.188	67.865	372.111	204.573	100.644	344.526	297.990	107.306	209.987	187.927	36.973	197.230	266.659	42.970	393.742	391.947	1241.383	277.824	390.025	1547.641	364.933	474.629	1410.289	364.330	307.504	1399.730	149.337	387.411	1786.239	19.799	359.985	1705.609	137.451	286.193	1678.871	102.308	479.379	1695.124	187.303	573.325	1521.045	213.500	661.611	1335.430	288.138	711.319	1431.415	290.411	733.659	1328.832	314.544	766.693	1275.794	398.012	692.525	1277.003	279.116	662.270	1188.776	330.778	779.086	1158.479	311.191	695.917	1099.187	358.597	601.219	1061.305	301.649	665.207	1022.815	286.092	606.829	1031.018	185.904	217.081	1530.477	189.194	136.564	1337.228	252.493	51.805	1414.671	250.418	55.183	1311.799	284.329	1.852	1245.810	373.635	66.005	1263.048	319.513	127.410	1210.450	255.029	33.722	1166.330	301.447	105.866	1111.627	343.837	171.663	1049.113	312.125	107.232	991.833	288.578	159.635	1014.340
320.553	555.063	1091.584	363.737	576.124	905.713	252.163	518.430	1023.231	324.763	221.236	1092.212	340.952	199.230	943.229	260.906	259.947	1026.764	441.310	446.506	1081.952	440.850	388.705	1110.630	447.212	331.337	1082.730	361.637	572.513	781.228	289.485	589.270	801.869	265.431	594.435	679.165	329.338	577.371	660.802	242.487	576.323	508.057	250.344	443.703	488.679	329.819	586.649	393.156	259.622	585.323	379.755	289.017	586.407	273.506	347.607	587.434	288.834	429.147	533.251	78.050	381.535	569.781	104.390	353.498	483.010	103.181	213.120	597.616	34.949	206.189	503.203	39.680	342.502	196.708	772.594	267.374	200.366	790.959	241.784	192.719	671.210	301.390	191.217	652.455	265.140	197.618	511.438	258.164	323.358	468.678	328.961	178.365	368.997	255.486	208.176	360.090	280.285	208.101	254.829	337.777	187.677	261.043	428.941	239.190	67.897	372.057	204.562	100.598	344.510	297.979	107.325	209.988	187.933	36.982	197.284	266.686	42.946	393.872	391.973	1241.222	276.480	390.059	1546.921	364.139	474.687	1410.018	363.490	307.450	1399.358	147.647	387.420	1785.020	18.263	360.044	1704.231	135.907	286.232	1677.664	100.843	479.459	1693.910	185.917	573.364	1519.993	212.705	661.593	1334.292	286.910	711.486	1430.687	289.564	733.781	1328.036	313.983	766.817	1275.143	397.580	692.773	1276.810	279.141	662.340	1188.029	330.771	779.205	1157.911	311.568	695.956	1098.595	359.302	601.294	1060.925	302.349	665.217	1022.235	286.912	606.746	1030.467	184.507	217.176	1529.354	188.581	136.676	1336.161	251.395	51.791	1413.875	249.670	55.192	1310.904	283.771	1.871	1245.023	374.791	65.782	1263.984	319.437	127.356	1209.985	254.916	33.853	1165.402	301.849	105.899	1110.987	344.653	171.611	1048.734	313.186	107.303	991.208	289.421	159.674	1013.848
321.335	555.035	1091.052	364.547	576.234	905.301	253.165	518.442	1022.516	325.589	221.259	1091.755	341.951	199.245	942.812	261.855	259.958	1026.170	442.277	446.570	1081.745	441.629	388.707	1110.537	448.104	331.439	1082.485	362.135	572.709	780.761	290.000	589.296	801.617	265.504	594.548	678.996	329.376	577.628	660.466	242.013	576.523	507.864	250.116	443.901	488.611	329.431	586.825	393.107	259.259	585.508	379.618	288.709	586.591	273.294	347.329	587.581	288.794	429.168	533.280	78.085	381.527	569.816	104.422	353.511	483.060	103.161	213.126	597.604	35.042	206.187	503.209	39.694	342.949	196.637	771.975	267.804	200.396	790.709	241.724	192.657	671.123	301.272	191.110	652.061	264.428	197.516	511.312	257.408	323.233	468.477	328.327	178.247	368.889	254.998	208.146	359.854	279.917	208.089	254.699	337.356	187.614	260.933	428.941	239.172	67.917	372.011	204.538	100.617	344.485	297.959	107.351	209.996	187.940	36.997	197.263	266.682	42.978	393.957	391.964	1241.001	275.190	390.142	1546.190	363.335	474.756	1409.704	362.635	307.440	1399.026	146.014	387.461	1783.733	16.762	360.113	1702.694	134.494	286.284	1676.344	99.349	479.506	1692.575	184.539	573.345	1518.788	212.073	661.708	1333.158	285.679	711.655	1429.860	288.794	733.912	1327.290	313.444	766.959	1274.523	397.126	693.012	1276.593	279.148	662.347	1187.233	330.758	779.317	1157.371	311.949	696.035	1098.060	360.049	601.393	1060.557	303.081	665.215	1021.571	287.749	606.735	1029.917	183.163	217.252	1528.292	187.936	136.786	1335.044	250.221	51.774	1412.931	248.981	55.211	1310.136	283.267	1.880	1244.317	374.450	65.659	1263.881	319.370	127.334	1209.485	254.838	33.988	1164.521	302.236	105.957	1110.293	345.477	171.569	1048.316	314.043	107.382	990.759	290.379	159.719	1013.307
322.058	555.017	1090.485	365.602	576.364	904.676	254.184	518.424	1021.799	326.344	221.263	1091.287	342.631	199.299	942.212	262.890	259.996	1025.512	443.144	446.611	1081.623	442.360	388.713	1110.356	449.026	331.456	1082.206	362.590	572.866	780.297	290.523	589.317	801.383	265.586	594.691	678.892	329.373	577.847	659.984	241.541	576.709	507.700	249.825	444.090	488.541	329.012	587.008	393.023	258.924	585.674	379.478	288.510	586.709	273.132	347.041	587.717	288.730	429.154	533.291	78.101	381.506	569.821	104.400	353.502	483.076	103.166	213.140	597.616	35.028	206.194	503.215	39.718	343.267	196.553	771.516	268.249	200.385	790.486	241.673	192.568	670.981	301.096	190.986	651.694	263.740	197.435	511.098	256.823	323.120	468.364	327.729	178.140	368.818	254.411	208.061	359.612	279.543	208.071	254.537	336.902	187.533	260.865	428.929	239.141	67.938	372.032	204.516	100.668	344.454	297.936	107.373	210.004	187.954	36.994	197.300	266.686	42.944	394.087	391.967	1240.827	273.784	390.223	1545.383	362.504	474.884	1409.385	361.812	307.426	1398.698	144.385	387.455	1782.392	15.219	360.166	1701.214	132.980	286.375	1674.957	97.847	479.559	1691.140	183.111	573.363	1517.575	211.387	661.626	1332.140	284.488	711.798	1429.143	287.977	734.037	1326.459	312.812	767.075	1273.867	396.647	693.323	1276.305	279.146	662.370	1186.482	330.759	779.425	1156.876	312.382	696.060	1097.353	360.815	601.531	1060.153	303.923	665.232	1020.905	288.722	606.785	1029.235	181.789	217.382	1527.118	187.197	136.863	1333.898	249.075	51.753	1412.040	248.264	55.233	1309.257	282.777	1.893	1243.462	374.022	65.367	1263.507	319.323	127.301	1208.884	254.782	34.146	1163.480	302.616	105.982	1109.660	346.364	171.532	1047.868	315.020	107.447	990.158	291.482	159.795	1012.665
322.809	555.010	1089.974	366.487	576.458	904.221	255.292	518.429	1021.020	327.155	221.267	1090.777	343.587	199.333	941.552	264.011	260.042	1024.836	444.005	446.650	1081.380	443.060	388.721	1110.206	449.923	331.418	1081.966	363.027	573.007	779.761	291.085	589.363	801.060	265.637	594.818	678.693	329.395	578.103	659.640	241.045	576.914	507.526	249.530	444.288	488.473	328.607	587.174	392.928	258.531	585.850	379.349	288.257	586.808	272.996	346.800	587.833	288.677	429.145	533.310	78.065	381.478	569.866	104.416	353.487	483.095	103.182	213.150	597.629	34.941	206.219	503.222	39.736	343.628	196.436	770.938	268.679	200.382	790.253	241.626	192.466	670.935	300.983	190.907	651.335	263.050	197.337	510.973	256.129	323.035	468.164	327.164	178.022	368.790	253.957	208.058	359.349	279.150	208.078	254.391	336.511	187.511	260.805	428.888	239.217	67.860	371.995	204.497	100.703	344.449	297.918	107.406	210.014	187.958	36.991	197.269	266.691	43.021	394.211	391.937	1240.611	272.490	390.257	1544.543	361.678	474.954	1409.075	361.003	307.404	1398.325	142.692	387.500	1781.090	13.663	360.192	1699.641	131.473	286.434	1673.605	96.394	479.631	1689.790	181.760	573.369	1516.382	210.652	661.616	1331.037	283.185	711.972	1428.226	287.164	734.176	1325.649	312.182	767.258	1273.218	396.203	693.549	1276.110	279.185	662.411	1185.682	330.686	779.530	1156.296	312.795	696.106	1096.739	361.510	601.649	1059.775	304.761	665.224	1020.277	289.572	606.783	1028.668	180.417	217.513	1525.962	186.568	136.986	1332.859	247.927	51.733	1411.151	247.551	55.221	1308.294	282.242	1.902	1242.644	373.676	65.102	1263.184	319.312	127.231	1208.304	254.750	34.284	1162.566	302.984	106.000	1109.000	347.187	171.500	1047.445	316.041	107.556	989.525	292.382	159.818	1012.141
323.586	554.972	1089.508	367.267	576.572	903.881	256.338	518.396	1020.195	328.005	221.284	1090.222	344.686	199.266	941.325	264.991	260.052	1024.162	444.947	446.711	1081.045	443.886	388.745	1109.984	450.781	331.460	1081.727	363.478	573.175	779.162	291.583	589.390	800.805	265.680	594.953	678.597	329.399	578.336	659.231	240.561	577.134	507.378	249.206	444.497	488.422	328.184	587.347	392.809	258.104	586.024	379.182	288.021	586.929	272.891	346.525	587.971	288.625	429.131	533.318	78.079	381.460	569.895	104.423	353.479	483.125	103.202	213.157	597.651	34.934	206.226	503.230	39.731	344.009	196.371	770.223	269.164	200.379	790.038	241.593	192.405	670.813	300.743	190.748	650.935	262.368	197.188	510.788	255.359	322.900	468.066	326.442	177.855	368.694	253.418	207.987	359.073	278.791	208.096	254.192	336.117	187.447	260.743	428.952	239.139	67.967	371.975	204.467	100.714	344.435	297.892	107.429	210.008	187.954	37.024	197.273	266.693	43.019	394.284	391.936	1240.355	271.116	390.345	1543.762	360.869	475.044	1408.671	360.218	307.390	1397.914	141.010	387.553	1779.629	12.141	360.200	1698.110	130.014	286.448	1672.165	94.863	479.678	1688.410	180.281	573.380	1515.142	209.900	661.714	1329.844	281.951	712.138	1427.524	286.387	734.332	1324.913	311.538	767.411	1272.459	395.687	693.818	1275.817	279.238	662.455	1184.832	330.565	779.646	1155.476	313.145	696.155	1096.137	362.203	601.760	1059.377	305.539	665.229	1019.640	290.475	606.763	1028.077	179.051	217.611	1524.726	185.910	137.108	1331.627	246.763	51.698	1410.220	246.769	55.227	1307.469	281.720	1.936	1241.753	373.229	64.941	1262.918	319.179	127.186	1207.712	254.683	34.442	1161.639	303.401	106.040	1108.350	348.032	171.483	1046.998	317.058	107.636	988.869	293.323	159.861	1011.564
324.349	554.999	1088.925	368.433	576.671	903.321	257.415	518.365	1019.349	328.766	221.305	1089.700	345.542	199.270	940.817	266.052	260.083	1023.414	445.790	446.755	1080.727	444.602	388.738	1109.794	451.725	331.505	1081.401	363.944	573.371	778.672	292.058	589.377	800.586	265.719	595.106	678.472	329.395	578.606	658.725	240.061	577.371	507.248	248.896	444.706	488.352	327.774	587.540	392.713	257.698	586.162	378.966	287.764	587.031	272.803	346.229	588.143	288.564	429.141	533.353	78.109	381.425	569.921	104.428	353.493	483.164	103.221	213.164	597.665	35.062	206.245	503.245	39.756	344.401	196.279	769.712	269.666	200.319	789.794	241.521	192.396	670.629	300.584	190.628	650.618	261.689	197.038	510.619	254.771	322.815	468.003	325.874	177.750	368.531	252.904	207.926	358.909	278.417	208.093	254.003	335.698	187.388	260.580	428.921	239.113	67.947	371.908	204.450	100.679	344.433	297.855	107.434	210.024	187.969	37.030	197.337	266.699	42.993	394.397	391.917	1240.121	269.753	390.367	1542.793	360.019	475.119	1408.258	359.421	307.360	1397.482	139.361	387.599	1778.263	10.560	360.297	1696.507	128.450	286.536	1670.719	93.262	479.719	1686.859	178.851	573.363	1513.829	209.136	661.714	1328.711	280.699	712.288	1426.567	285.555	734.481	1324.095	310.747	767.593	1271.677	395.230	694.088	1275.541	279.247	662.485	1184.002	330.548	779.709	1154.724	313.541	696.182	1095.440	362.905	601.854	1058.915	306.992	665.234	1018.776	291.379	606.736	1027.392	177.654	217.742	1523.534	185.156	137.261	1330.464	245.559	51.677	1409.184	246.077	55.310	1306.359	281.184	1.950	1240.955	372.685	64.718	1262.486	319.071	127.143	1207.057	254.602	34.576	1160.589	303.855	106.094	1107.669	348.939	171.473	1046.511	317.952	107.664	988.269	294.409	159.928	1010.917
325.349	554.788	1088.357	369.298	576.792	902.711	258.454	518.392	1018.610	329.589	221.336	1089.111	346.518	199.311	940.122	267.174	260.124	1022.656	446.689	446.803	1080.561	445.245	388.734	1109.549	452.678	331.770	1080.911	364.451	573.526	778.109	292.579	589.390	800.378	265.745	595.226	678.349	329.348	578.889	658.275	239.567	577.597	507.083	248.528	444.936	488.259	327.281	587.731	392.572	257.278	586.326	378.775	287.507	587.142	272.727	345.925	588.251	288.497	429.137	533.380	78.120	381.388	569.959	104.412	353.477	483.191	103.249	213.159	597.654	34.963	206.245	503.260	39.780	344.735	196.161	769.185	270.184	200.292	789.550	241.500	192.279	670.569	300.436	190.510	650.287	260.991	196.917	510.486	254.121	322.718	467.842	325.256	177.638	368.408	252.259	207.816	358.728	278.042	208.080	253.817	335.322	187.341	260.469	428.929	239.092	67.981	371.905	204.425	100.727	344.423	297.834	107.486	210.024	187.954	37.018	197.290	266.707	43.082	394.568	391.909	1239.919	268.384	390.448	1541.936	359.206	475.191	1407.887	358.620	307.375	1397.101	137.702	387.638	1776.784	9.022	360.324	1694.866	126.921	286.566	1669.285	91.734	479.756	1685.348	177.502	573.427	1512.599	208.400	661.713	1327.462	279.475	712.482	1425.715	284.733	734.621	1323.171	310.133	767.737	1270.975	394.719	694.380	1275.208	279.219	662.499	1183.158	330.550	779.839	1154.219	313.944	696.224	1094.734	363.741	601.901	1058.295	307.896	665.245	1018.057	292.281	606.706	1026.710	176.245	217.883	1522.297	184.547	137.372	1329.300	244.400	51.645	1408.175	245.343	55.273	1305.336	280.814	2.068	1240.065	372.179	64.474	1262.003	319.033	127.108	1206.435	254.567	34.733	1159.580	304.215	106.135	1106.984	349.912	171.468	1045.980	318.990	107.704	987.581	295.352	159.949	1010.326
326.152	554.745	1087.796	370.137	577.000	902.093	259.564	518.390	1017.773	330.376	221.328	1088.532	347.398	199.310	939.619	268.363	260.249	1021.821	447.620	446.852	1080.318	446.049	388.756	1109.388	453.580	331.797	1080.660	364.860	573.693	777.414	293.075	589.386	800.044	265.727	595.380	678.186	329.337	579.187	657.887	239.012	577.812	506.917	248.190	445.181	488.151	326.785	587.916	392.453	256.837	586.462	378.577	287.697	587.174	272.608	345.644	588.383	288.460	429.128	533.397	78.111	381.363	570.004	104.413	353.460	483.233	103.255	213.173	597.657	35.089	206.276	503.263	39.787	345.140	196.059	768.656	270.685	200.238	789.276	241.482	192.212	670.451	300.352	190.448	649.876	260.243	196.857	510.414	253.517	322.601	467.707	324.653	177.498	368.325	251.699	207.728	358.560	277.657	208.071	253.665	334.906	187.257	260.365	429.071	239.047	68.188	371.720	204.526	100.499	344.420	297.792	107.513	210.042	187.980	37.023	197.293	266.713	43.099	394.675	391.908	1239.659	267.033	390.464	1540.971	358.357	475.280	1407.410	357.812	307.398	1396.621	136.021	387.682	1775.352	7.410	360.360	1693.147	125.403	286.573	1667.793	90.213	479.777	1683.821	176.059	573.416	1511.204	207.590	661.686	1326.280	278.190	712.589	1424.717	283.908	734.745	1322.263	309.529	767.862	1270.163	394.187	694.663	1274.883	279.308	662.514	1182.264	330.529	779.962	1153.628	314.345	696.258	1094.013	364.464	602.015	1057.826	308.696	665.253	1017.385	293.219	606.641	1025.983	174.862	217.973	1520.967	183.870	137.472	1327.915	243.269	51.629	1407.144	244.567	55.286	1304.354	280.281	2.099	1239.104	371.807	64.312	1261.669	318.993	127.052	1205.812	254.532	34.888	1158.499	304.686	106.167	1106.225	350.743	171.410	1045.469	320.043	107.745	986.879	296.480	159.967	1009.660
326.943	554.716	1087.221	371.319	577.081	901.377	260.642	518.320	1016.895	331.232	221.375	1087.953	348.684	199.264	939.294	269.393	260.285	1021.032	448.519	446.903	1079.989	446.966	388.755	1109.189	454.489	331.881	1080.290	365.244	573.862	776.804	293.643	589.423	799.681	265.756	595.525	678.062	329.329	579.470	657.424	238.480	577.999	506.747	247.742	445.388	487.956	326.301	588.093	392.390	256.407	586.600	378.358	286.930	587.381	272.455	345.322	588.519	288.387	429.091	533.385	78.071	381.328	570.052	104.436	353.466	483.248	103.279	213.170	597.680	34.979	206.288	503.262	39.779	345.694	196.067	767.982	270.697	200.013	789.108	241.410	192.179	670.262	300.229	190.350	649.517	259.600	196.740	510.237	252.764	322.478	467.587	324.066	177.372	368.232	251.402	207.777	358.187	277.336	208.072	253.481	334.491	187.190	260.304	429.041	239.088	68.090	371.682	204.500	100.479	344.403	297.783	107.546	210.039	187.978	37.025	197.335	266.727	43.106	394.737	391.895	1239.365	265.666	390.505	1540.000	357.495	475.351	1406.979	357.027	307.315	1396.073	134.272	387.736	1773.792	5.835	360.431	1691.487	123.865	286.623	1666.208	88.672	479.836	1682.261	174.706	573.453	1509.902	206.822	661.690	1325.023	276.902	712.752	1423.920	283.034	734.889	1321.371	308.979	767.980	1269.356	393.678	694.967	1274.495	279.364	662.548	1181.410	330.417	780.064	1152.917	314.773	696.289	1093.221	365.163	602.070	1057.349	309.458	665.222	1016.654	294.122	606.608	1025.322	173.493	218.061	1519.654	183.238	137.630	1326.739	242.082	51.615	1406.086	243.882	55.315	1303.286	279.779	2.141	1238.225	371.304	64.144	1261.217	318.927	127.044	1205.189	254.522	35.028	1157.430	305.116	106.215	1105.409	351.669	171.369	1044.943	320.965	107.781	986.245	297.506	160.032	1008.968
327.684	554.691	1086.666	372.149	577.226	900.893	261.820	518.303	1015.999	332.066	221.445	1087.286	349.451	199.320	938.587	270.507	260.331	1020.243	449.413	446.945	1079.729	447.681	388.758	1108.933	455.417	331.840	1080.018	365.699	574.130	776.252	294.160	589.406	799.382	265.756	595.670	677.795	329.236	579.743	656.877	237.951	578.227	506.559	247.361	445.623	487.813	325.859	588.267	392.361	255.941	586.757	378.189	287.124	587.411	272.300	344.995	588.621	288.294	429.118	533.418	78.114	381.295	570.070	104.424	353.470	483.280	103.288	213.197	597.690	34.972	206.299	503.265	39.794	346.149	196.006	767.457	271.126	199.915	788.918	241.395	192.040	670.187	300.123	190.225	649.245	258.961	196.617	510.008	252.068	322.340	467.404	323.516	177.255	368.159	251.792	207.905	357.674	276.968	208.030	253.230	334.154	187.138	260.186	428.918	239.088	67.864	371.852	204.369	100.728	344.412	297.760	107.549	210.054	187.983	37.030	197.343	266.725	43.109	394.853	391.869	1239.009	264.283	390.569	1539.001	356.646	475.405	1406.425	356.178	307.338	1395.611	132.605	387.753	1772.321	4.294	360.537	1689.752	122.335	286.710	1664.699	87.133	479.850	1680.664	173.293	573.437	1508.501	206.064	661.684	1323.730	275.617	712.906	1422.801	282.196	735.057	1320.472	308.270	768.120	1268.515	393.168	695.279	1274.138	279.305	662.546	1180.586	330.416	780.167	1152.257	315.150	696.321	1092.436	365.884	602.137	1056.851	310.213	665.239	1015.896	295.029	606.563	1024.680	172.061	218.174	1518.302	182.547	137.783	1325.361	240.880	51.610	1404.948	243.150	55.386	1302.067	279.239	2.186	1237.177	370.810	63.967	1260.757	318.870	127.029	1204.482	254.471	35.183	1156.288	305.545	106.253	1104.607	352.657	171.336	1044.354	321.928	107.798	985.588	298.480	160.069	1008.308
328.428	554.637	1085.956	373.163	577.326	900.326	263.200	518.246	1015.215	332.874	221.503	1086.596	350.258	199.333	937.853	271.608	260.410	1019.446	450.282	446.960	1079.393	448.371	388.736	1108.691	456.287	331.846	1079.653	366.180	574.344	775.554	294.605	589.411	799.142	265.781	595.820	677.596	329.214	580.094	656.414	237.391	578.460	506.347	246.947	445.835	487.679	325.403	588.451	392.268	255.496	586.934	377.971	286.313	587.543	272.206	344.621	588.686	288.092	429.105	533.439	78.131	381.263	570.102	104.435	353.444	483.292	103.303	213.205	597.703	34.991	206.304	503.260	39.808	346.647	195.963	766.910	271.600	199.826	788.660	241.368	191.958	670.053	299.547	190.209	649.141	258.359	196.463	509.765	251.303	322.214	467.249	322.951	177.142	368.025	251.222	207.831	357.433	276.637	208.020	253.002	333.807	187.060	260.024	428.919	239.072	67.850	371.815	204.340	100.656	344.386	297.729	107.577	210.074	187.987	37.047	197.383	266.733	43.084	394.928	391.842	1238.597	262.942	390.614	1537.932	355.770	475.447	1405.908	355.391	307.340	1395.087	130.850	387.749	1770.678	2.673	360.600	1687.930	120.809	286.757	1663.043	85.556	479.909	1678.965	172.148	573.570	1507.112	205.244	661.701	1322.562	274.344	713.050	1421.849	281.350	735.223	1319.500	307.528	768.302	1267.725	392.634	695.524	1273.756	279.367	662.560	1179.539	330.339	780.238	1151.399	315.513	696.329	1091.737	366.583	602.243	1056.396	310.914	665.238	1015.183	295.911	606.507	1023.944	170.669	218.236	1516.930	181.891	137.941	1324.084	239.708	51.629	1403.856	242.409	55.396	1301.058	278.716	2.211	1236.177	370.337	63.690	1260.197	318.787	126.942	1203.654	254.497	35.341	1155.234	306.033	106.329	1103.778	353.510	171.317	1043.793	323.021	107.841	984.838	299.607	160.118	1007.523
329.226	554.615	1085.306	374.097	577.360	899.702	264.368	518.218	1014.291	333.615	221.496	1085.973	351.662	199.265	937.577	272.619	260.404	1018.675	451.224	447.017	1078.999	451.576	388.716	1109.776	457.234	331.872	1079.319	366.584	574.512	774.952	295.094	589.405	798.884	265.798	596.018	677.421	329.185	580.403	655.933	236.823	578.691	506.171	246.497	446.077	487.519	324.896	588.648	392.157	255.020	587.113	377.735	286.458	587.551	271.957	344.279	588.823	288.036	429.098	533.452	78.133	381.242	570.132	104.461	353.443	483.316	103.339	213.219	597.694	35.016	206.333	503.261	39.820	347.060	195.887	766.391	272.162	199.738	788.342	241.364	191.881	669.900	299.434	190.095	648.814	257.701	196.320	509.541	250.685	322.088	467.152	322.368	177.015	367.914	250.779	207.810	357.119	276.279	207.962	252.849	333.470	187.002	259.925	428.931	239.063	67.844	371.786	204.307	100.642	344.404	297.716	107.576	210.083	187.982	37.045	197.396	266.726	43.103	395.001	391.821	1238.199	261.527	390.617	1536.879	354.904	475.518	1405.418	354.607	307.303	1394.556	129.138	387.796	1769.109	1.109	360.640	1686.107	119.249	286.780	1661.400	84.019	479.986	1677.359	170.626	573.491	1505.605	204.570	661.603	1321.007	273.047	713.225	1420.880	280.502	735.329	1318.395	306.928	768.429	1266.809	392.105	695.837	1273.329	279.442	662.586	1178.593	330.242	780.347	1150.620	315.902	696.365	1090.988	367.252	602.319	1055.884	311.772	665.223	1014.379	296.824	606.457	1023.279	169.227	218.420	1515.495	181.226	138.114	1322.687	238.421	51.580	1402.610	241.653	55.437	1299.900	278.208	2.262	1235.138	369.791	63.449	1259.560	318.652	126.932	1202.909	254.450	35.490	1154.020	306.501	106.411	1102.998	354.413	171.278	1043.257	323.984	107.895	984.143	300.609	160.148	1006.856
330.022	554.591	1084.706	375.185	577.428	899.214	265.476	518.161	1013.387	334.486	221.562	1085.250	352.565	199.233	937.021	273.781	260.465	1017.788	452.118	447.048	1078.684	452.075	388.654	1109.353	458.114	331.927	1079.004	366.974	574.641	774.372	295.600	589.413	798.549	265.812	596.170	677.230	329.171	580.739	655.547	236.227	578.913	505.968	246.017	446.289	487.356	324.378	588.860	392.076	254.537	587.300	377.563	286.158	587.628	271.811	343.925	588.964	287.984	429.084	533.445	78.143	381.215	570.151	104.451	353.437	483.332	103.353	213.240	597.689	35.050	206.346	503.268	39.853	347.495	195.838	765.736	272.697	199.684	788.009	241.353	191.808	669.694	299.317	189.984	648.399	257.087	196.222	509.374	250.091	321.967	467.038	321.822	176.893	367.809	250.297	207.709	356.866	275.947	207.915	252.617	333.151	186.933	259.840	429.058	239.002	68.068	371.646	204.401	100.492	344.382	297.680	107.607	210.106	187.978	37.062	197.364	266.741	43.169	395.127	391.802	1237.822	260.177	390.699	1535.820	354.022	475.552	1404.813	353.720	307.319	1393.940	127.411	387.809	1767.424	-0.483	360.696	1684.253	117.692	286.865	1659.746	82.515	480.049	1675.660	169.309	573.500	1504.152	203.791	661.632	1319.781	271.759	713.411	1419.816	279.723	735.446	1317.477	306.298	768.537	1265.897	391.541	696.119	1272.861	279.484	662.590	1177.706	330.160	780.423	1149.787	316.310	696.384	1090.133	367.901	602.385	1055.310	312.617	665.208	1013.618	297.739	606.388	1022.523	167.881	218.495	1514.043	180.540	138.234	1321.245	237.195	51.559	1401.421	240.947	55.516	1298.591	277.696	2.302	1234.117	369.237	63.404	1259.115	318.595	126.907	1202.167	254.429	35.659	1152.814	306.978	106.449	1102.141	355.359	171.234	1042.673	325.063	107.956	983.384	301.667	160.178	1006.171
330.823	554.574	1084.047	376.014	577.479	898.619	266.613	518.126	1012.420	335.330	221.608	1084.534	353.489	199.257	936.102	274.817	260.482	1017.007	452.985	447.079	1078.289	452.332	388.616	1108.810	459.010	331.932	1078.679	367.421	574.858	773.637	296.196	589.454	798.252	265.792	596.342	677.067	329.086	581.035	655.026	235.600	579.133	505.716	245.597	446.558	487.237	323.863	589.044	391.969	254.031	587.476	377.396	285.875	587.744	271.573	343.581	589.090	287.945	429.064	533.451	78.147	381.185	570.168	104.456	353.428	483.358	103.372	213.248	597.696	35.033	206.368	503.273	39.854	347.848	195.724	765.102	273.186	199.618	787.733	241.325	191.702	669.497	299.189	189.863	647.931	256.456	196.070	509.087	249.561	321.838	466.919	321.246	176.768	367.599	249.782	207.622	356.669	275.607	207.878	252.418	332.843	186.883	259.718	428.977	238.939	67.990	371.778	204.268	100.632	344.395	297.664	107.608	210.096	187.979	37.068	197.380	266.727	43.186	395.268	391.767	1237.506	258.794	390.717	1534.646	353.156	475.608	1404.279	352.922	307.296	1393.353	125.675	387.887	1765.833	-2.089	360.715	1682.410	116.180	286.906	1658.055	80.924	480.095	1673.875	167.815	573.481	1502.543	203.051	661.564	1318.336	270.485	713.536	1418.693	278.845	735.546	1316.344	305.690	768.659	1264.966	390.985	696.453	1272.363	279.448	662.581	1176.844	330.089	780.551	1149.114	316.691	696.430	1089.417	368.582	602.492	1054.760	313.451	665.150	1012.854	298.678	606.345	1021.819	166.425	218.657	1512.594	179.890	138.397	1319.872	235.941	51.506	1400.162	240.125	55.547	1297.503	277.154	2.325	1232.971	368.681	63.199	1258.536	318.570	126.878	1201.416	254.445	35.850	1151.721	307.449	106.522	1101.299	356.310	171.145	1042.075	326.180	108.015	982.625	302.774	160.206	1005.327
331.600	554.530	1083.338	377.155	577.624	897.967	267.728	518.074	1011.490	336.100	221.684	1083.851	354.694	199.204	935.790	275.835	260.497	1016.216	454.016	447.141	1078.030	451.599	388.755	1107.644	459.958	331.940	1078.258	367.839	575.082	773.013	296.675	589.428	797.944	265.786	596.508	676.898	328.986	581.391	654.582	234.968	579.364	505.542	245.158	446.823	487.093	323.337	589.232	391.822	253.481	587.641	377.188	285.557	587.805	271.416	343.244	589.216	287.876	429.046	533.465	78.135	381.163	570.206	104.467	353.429	483.370	103.390	213.257	597.665	35.174	206.386	503.264	39.868	348.355	195.728	764.370	273.660	199.591	787.440	241.338	191.601	669.309	299.085	189.748	647.537	255.905	195.920	508.933	248.933	321.737	466.769	320.684	176.610	367.430	249.296	207.533	356.357	275.303	207.856	252.210	332.497	186.844	259.490	428.954	238.983	67.850	371.768	204.231	100.630	344.404	297.623	107.698	210.128	187.975	37.090	197.391	266.727	43.190	395.366	391.732	1237.136	257.398	390.779	1533.510	352.217	475.657	1403.557	352.131	307.306	1392.787	124.006	387.910	1764.073	-3.674	360.779	1680.471	114.615	286.909	1656.330	79.403	480.154	1672.264	166.524	573.493	1501.114	202.275	661.599	1317.022	269.230	713.710	1417.651	278.003	735.726	1315.399	305.023	768.803	1263.913	390.440	696.749	1271.853	279.567	662.591	1175.653	330.039	780.646	1148.279	317.081	696.449	1088.555	370.088	602.641	1054.023	314.339	665.133	1012.038	299.621	606.295	1021.054	164.941	218.779	1510.990	179.253	138.557	1318.320	234.691	51.509	1398.894	239.440	55.570	1296.199	276.643	2.360	1231.908	368.299	62.878	1257.911	318.491	126.871	1200.597	254.419	36.029	1150.397	307.891	106.578	1100.442	357.240	171.075	1041.437	327.280	108.077	981.822	303.761	160.207	1004.588
332.549	554.371	1082.554	377.383	577.537	896.800	268.852	518.033	1010.511	336.879	221.754	1083.127	355.971	199.109	935.438	277.032	260.538	1015.117	454.868	447.154	1077.630	452.378	388.752	1107.298	460.850	331.913	1077.897	368.244	575.285	772.396	297.123	589.397	797.669	265.763	596.694	676.749	328.914	581.728	654.173	234.332	579.627	505.369	244.702	447.066	486.934	322.827	589.419	391.703	252.981	587.806	376.945	285.284	588.021	271.150	342.938	589.345	287.813	429.030	533.463	78.138	381.129	570.244	104.488	353.422	483.406	103.422	213.281	597.680	35.195	206.409	503.264	39.885	348.708	195.646	763.822	274.156	199.547	787.163	241.363	191.518	669.115	299.000	189.641	647.170	255.337	195.786	508.781	248.248	321.601	466.589	320.136	176.476	367.299	248.787	207.431	356.131	274.981	207.808	252.065	332.158	186.765	259.411	428.953	238.966	67.821	371.756	204.201	100.627	344.399	297.601	107.710	210.127	187.977	37.105	197.427	266.727	43.199	395.374	391.693	1236.627	256.018	390.773	1532.240	351.352	475.659	1402.978	351.225	307.310	1392.113	122.282	387.933	1762.368	-5.277	360.834	1678.590	113.006	286.931	1654.574	77.733	480.158	1670.330	165.028	573.454	1499.479	201.599	661.530	1315.555	267.933	713.834	1416.455	277.233	735.235	1313.712	304.305	768.978	1262.996	389.865	697.036	1271.324	279.622	662.617	1174.662	329.967	780.705	1147.302	317.452	696.445	1087.673	371.111	602.814	1053.338	315.044	665.102	1011.169	300.523	606.256	1020.324	163.568	218.829	1509.493	178.542	138.738	1316.920	233.443	51.509	1397.488	238.725	55.647	1294.884	276.081	2.407	1230.731	367.775	62.695	1257.249	318.400	126.819	1199.722	254.415	36.191	1149.151	308.371	106.627	1099.449	358.207	171.044	1040.747	328.329	108.143	981.108	304.868	160.212	1003.768
333.204	554.430	1081.791	378.322	577.603	895.962	270.003	517.946	1009.516	337.632	221.813	1082.390	356.531	199.167	934.186	278.065	260.565	1014.296	455.762	447.223	1077.146	453.103	388.749	1106.980	461.733	331.948	1077.510	368.654	575.457	771.631	297.594	589.358	797.361	265.714	596.841	676.621	328.852	582.036	653.631	233.674	579.896	505.164	244.116	447.319	486.725	322.289	589.602	391.636	252.442	587.999	376.715	284.935	588.122	270.981	342.570	589.511	287.805	429.023	533.469	78.149	381.096	570.271	104.498	353.410	483.420	103.453	213.288	597.692	35.113	206.425	503.266	39.904	349.189	195.647	763.161	274.660	199.498	786.868	241.383	191.446	668.955	298.987	189.543	646.756	254.767	195.600	508.588	247.671	321.516	466.464	319.614	176.353	367.200	248.242	207.305	355.904	274.663	207.756	251.910	332.984	187.359	259.358	429.109	238.922	68.059	371.610	204.297	100.441	344.412	297.579	107.724	210.138	187.980	37.099	197.431	266.727	43.242	395.448	391.655	1236.100	254.604	390.822	1530.995	350.428	475.689	1402.235	350.389	307.262	1391.370	120.533	387.949	1760.576	-6.866	360.888	1676.634	111.417	286.977	1652.815	76.278	480.221	1668.599	164.736	573.603	1497.806	200.902	661.524	1314.158	266.580	713.994	1415.394	276.401	735.371	1312.595	303.654	769.121	1261.997	389.260	697.382	1270.698	279.651	662.603	1173.641	329.846	780.805	1146.487	317.778	696.455	1086.807	371.547	603.131	1052.639	315.877	665.059	1010.352	301.417	606.184	1019.512	162.165	218.944	1507.868	178.280	139.197	1315.196	232.195	51.478	1396.163	237.958	55.702	1293.542	275.560	2.460	1229.600	367.239	62.586	1256.570	318.356	126.821	1198.830	254.432	36.376	1147.929	308.856	106.678	1098.512	359.070	170.971	1040.066	329.366	108.172	980.278	305.897	160.224	1003.070
334.025	554.391	1081.063	379.931	577.906	895.829	271.139	517.916	1008.560	338.414	221.863	1081.616	357.767	199.070	933.891	279.193	260.631	1013.322	456.721	447.260	1076.739	453.744	388.785	1106.563	462.643	332.008	1077.046	369.016	575.622	771.029	298.115	589.348	797.047	265.672	596.996	676.451	328.720	582.363	653.122	233.008	580.155	504.940	243.595	447.576	486.584	321.749	589.784	391.546	251.943	588.184	376.463	284.019	588.214	270.798	342.204	589.661	287.781	429.004	533.467	78.147	381.067	570.305	104.503	353.403	483.451	103.474	213.308	597.675	35.246	206.447	503.275	39.916	349.728	195.628	762.427	275.219	199.455	786.533	241.424	191.355	668.770	298.918	189.441	646.360	254.206	195.422	508.384	246.923	321.390	466.202	319.136	176.248	367.118	247.771	207.213	355.727	274.374	207.709	251.636	332.727	187.344	259.280	429.119	238.902	68.039	371.529	204.277	100.244	344.397	297.528	107.733	210.154	187.970	37.131	197.450	266.721	43.255	395.545	391.672	1235.584	253.214	390.851	1529.752	349.533	475.720	1401.537	349.569	307.283	1390.700	118.799	387.962	1758.780	-8.472	360.979	1674.592	109.878	287.010	1650.931	74.620	480.221	1666.632	163.652	573.631	1496.127	200.303	661.502	1312.675	265.296	714.178	1414.109	275.580	735.515	1311.421	303.062	769.260	1260.914	388.687	697.677	1270.118	279.732	662.613	1172.669	329.769	780.880	1145.549	318.167	696.448	1085.814	372.721	603.090	1052.070	316.622	665.054	1009.541	302.324	606.116	1018.667	160.777	219.075	1506.330	177.585	139.394	1313.648	230.931	51.434	1394.779	237.233	55.780	1292.189	275.050	2.500	1228.366	366.727	62.372	1255.965	318.242	126.845	1197.910	254.425	36.548	1146.602	309.249	106.706	1097.617	360.035	170.941	1039.403	330.484	108.235	979.313	307.053	160.251	1002.223
334.864	554.339	1080.329	381.016	578.031	895.100	272.285	517.846	1007.613	339.251	221.937	1080.811	358.956	198.968	933.182	280.454	260.701	1012.319	457.602	447.301	1076.424	454.425	388.805	1106.070	463.532	332.016	1076.673	369.406	575.798	770.417	298.620	589.309	796.519	265.605	597.139	676.282	328.563	582.684	652.591	232.329	580.375	504.727	242.968	447.800	486.408	321.162	589.980	391.459	251.425	588.344	376.221	284.146	588.297	270.704	341.799	589.776	287.680	428.981	533.499	78.156	381.046	570.338	104.506	353.412	483.487	103.491	213.319	597.685	35.253	206.455	503.281	39.928	350.207	195.558	761.835	275.781	199.407	786.183	241.475	191.276	668.549	298.845	189.360	645.896	253.645	195.302	508.186	246.360	321.235	466.011	318.637	176.119	367.017	247.318	207.105	355.556	274.050	207.635	251.398	332.397	187.267	259.215	429.134	238.867	68.048	371.538	204.250	100.234	344.369	297.495	107.742	210.169	187.971	37.120	197.466	266.720	43.257	395.661	391.634	1235.130	251.795	390.819	1528.413	348.613	475.751	1400.762	348.677	307.252	1389.938	117.035	387.997	1756.997	-10.055	361.044	1672.627	108.254	287.021	1649.069	72.988	480.267	1664.793	162.448	573.651	1494.388	199.748	661.575	1311.269	263.993	714.353	1413.003	274.671	735.642	1310.245	302.353	769.380	1259.814	388.105	698.051	1269.447	279.756	662.563	1171.432	329.738	781.003	1144.750	318.519	696.473	1084.978	373.516	603.280	1051.435	317.387	665.061	1008.563	303.263	606.040	1017.876	159.288	219.184	1504.603	176.956	139.552	1312.069	229.674	51.456	1393.346	236.482	55.828	1290.815	274.495	2.540	1227.062	366.173	62.246	1255.185	318.209	126.794	1196.989	254.470	36.754	1145.252	309.795	106.771	1096.648	360.946	170.913	1038.717	331.394	108.274	978.570	308.083	160.256	1001.393
335.648	554.335	1079.603	381.320	577.958	893.923	273.396	517.785	1006.555	339.931	221.972	1080.014	359.666	199.034	932.315	281.579	260.753	1011.237	460.944	447.466	1077.208	455.218	388.825	1105.740	464.405	332.065	1076.284	369.845	575.979	769.634	299.063	589.215	796.040	265.518	597.260	676.016	328.460	583.008	652.172	231.656	580.610	504.534	242.395	448.078	486.289	320.572	590.172	391.355	250.918	588.531	376.050	283.826	588.417	270.621	341.381	589.914	287.648	428.935	533.512	78.200	381.042	570.377	104.619	353.380	483.506	103.540	213.346	597.715	35.151	206.483	503.272	39.951	350.627	195.437	761.106	276.261	199.362	785.798	241.526	191.199	668.364	298.838	189.247	645.475	253.014	195.109	507.976	245.765	321.088	465.815	318.122	176.006	366.869	246.881	206.934	355.162	273.717	207.552	251.198	331.979	187.152	259.177	428.980	238.871	67.790	371.658	204.091	100.374	344.377	297.481	107.778	210.183	187.960	37.140	197.477	266.723	43.274	395.810	391.576	1234.698	250.364	390.871	1527.107	347.717	475.791	1400.044	347.834	307.241	1389.112	115.328	388.001	1755.050	-11.675	361.161	1670.528	106.681	287.111	1647.213	71.520	480.334	1662.749	161.144	573.639	1492.740	199.050	661.587	1309.825	262.645	714.502	1411.582	273.785	735.767	1308.951	301.696	769.501	1258.706	387.536	698.357	1268.809	279.761	662.575	1170.351	329.610	781.078	1143.707	318.878	696.508	1084.100	374.320	603.379	1050.740	318.185	665.027	1007.687	304.175	605.939	1017.056	157.873	219.333	1502.922	176.284	139.752	1310.339	228.383	51.457	1391.901	235.756	55.906	1289.365	274.018	2.583	1225.909	365.612	62.155	1254.492	318.143	126.790	1196.054	254.527	36.925	1143.921	310.255	106.836	1095.684	361.907	170.839	1038.003	332.394	108.309	977.806	309.108	160.294	1000.629
336.416	554.389	1078.815	382.241	578.072	893.169	274.752	517.722	1005.458	340.616	222.030	1079.197	361.168	198.856	931.897	282.721	260.811	1010.241	462.016	447.561	1076.769	455.945	388.835	1105.389	465.324	332.072	1075.805	370.239	576.192	768.960	299.475	589.104	795.624	265.461	597.403	675.789	328.362	583.349	651.688	230.978	580.860	504.244	241.906	448.371	486.116	319.995	590.370	391.267	250.339	588.718	375.857	283.552	588.548	270.533	340.988	590.047	287.608	428.934	533.543	78.181	380.998	570.432	104.639	353.380	483.548	103.565	213.341	597.716	35.187	206.503	503.287	39.945	351.090	195.417	760.466	276.742	199.304	785.422	241.578	191.135	668.129	298.794	189.120	645.047	252.447	194.953	507.724	245.188	320.951	465.630	317.616	175.895	366.699	246.388	206.793	354.829	273.400	207.463	251.032	331.658	187.071	259.103	429.012	238.846	67.785	371.643	204.049	100.372	344.374	297.442	107.792	210.196	187.954	37.159	197.506	266.711	43.289	395.757	391.517	1234.032	248.980	390.879	1525.715	347.049	475.994	1399.215	346.921	307.245	1388.329	113.602	388.063	1753.226	-13.286	361.208	1668.383	105.135	287.144	1645.259	70.007	480.382	1660.900	159.840	573.627	1490.991	198.335	661.512	1308.217	261.383	714.682	1410.279	272.984	735.919	1307.791	300.992	769.683	1257.611	386.908	698.707	1268.060	279.860	662.571	1169.237	329.490	781.135	1142.700	319.256	696.512	1083.106	375.162	603.562	1050.021	319.034	664.943	1006.756	305.063	605.852	1016.180	156.401	219.431	1501.166	175.219	139.555	1308.832	227.155	51.437	1390.440	235.052	55.988	1287.945	273.481	2.625	1224.531	365.149	61.818	1253.689	318.148	126.777	1195.119	254.565	37.131	1142.630	310.750	106.900	1094.586	362.806	170.784	1037.276	333.552	108.372	976.836	310.209	160.329	999.708
337.152	554.437	1077.887	383.866	578.416	892.627	275.848	517.678	1004.490	341.389	222.162	1078.356	361.977	198.864	931.041	283.878	260.835	1009.276	462.492	447.564	1076.206	456.720	388.877	1105.026	466.163	332.091	1075.395	370.583	576.381	768.235	299.972	589.070	795.277	265.388	597.550	675.551	328.040	583.605	651.245	230.251	581.119	504.017	241.318	448.630	485.960	319.404	590.540	391.141	249.754	588.889	375.631	283.318	588.774	270.398	340.603	590.177	287.574	428.883	533.556	78.208	381.175	570.062	104.987	353.343	483.576	103.588	213.377	597.725	35.216	206.511	503.311	39.980	351.564	195.392	759.850	277.264	199.272	785.073	241.636	191.042	667.933	298.742	189.036	644.647	251.880	194.768	507.462	244.522	320.817	465.529	317.105	175.772	366.620	245.850	206.629	354.609	273.061	207.361	250.931	331.359	187.004	258.938	429.017	238.852	67.775	371.647	204.031	100.407	344.364	297.413	107.798	210.235	187.955	37.151	197.534	266.717	43.314	395.745	391.459	1233.397	247.541	390.907	1524.263	346.251	476.047	1398.416	346.022	307.231	1387.459	111.820	388.060	1751.210	-14.903	361.242	1666.246	103.540	287.194	1643.314	68.450	480.460	1658.922	158.622	573.694	1489.217	197.585	661.556	1306.786	260.116	714.850	1409.062	272.121	736.087	1306.493	300.403	769.795	1256.424	386.334	698.994	1267.397	279.914	662.536	1168.089	329.396	781.234	1141.701	319.603	696.503	1082.117	377.314	603.986	1049.208	319.819	664.910	1005.889	306.029	605.787	1015.309	154.982	219.524	1499.458	174.923	140.061	1307.171	225.903	51.411	1388.924	234.328	56.038	1286.427	272.996	2.662	1223.214	364.602	61.673	1252.892	318.044	126.794	1194.125	254.644	37.332	1141.173	311.247	106.971	1093.561	363.791	170.734	1036.517	334.545	108.428	975.882	311.264	160.373	998.815
337.796	554.447	1077.129	384.904	578.540	891.921	276.816	517.639	1003.363	342.299	222.228	1077.522	363.265	198.762	930.301	284.873	260.826	1008.168	462.907	447.561	1075.381	456.646	388.882	1104.058	467.747	332.528	1075.018	371.033	576.510	767.385	300.518	589.086	794.882	265.280	597.637	675.242	328.007	583.953	650.543	229.545	581.347	503.759	240.688	448.894	485.763	318.782	590.714	391.071	249.191	589.085	375.476	282.959	588.944	270.233	340.215	590.282	287.520	428.862	533.566	78.234	381.131	570.125	104.991	353.322	483.618	103.617	213.379	597.752	35.204	206.525	503.313	39.994	352.089	195.375	759.127	277.816	199.251	784.722	241.681	190.956	667.709	298.738	188.943	644.265	251.294	194.536	507.285	243.948	320.661	465.393	316.596	175.630	366.530	245.306	206.514	354.389	272.770	207.310	250.724	331.030	186.933	258.806	429.023	238.817	67.774	371.725	203.985	100.604	344.367	297.373	107.823	210.236	187.957	37.176	197.541	266.708	43.331	395.839	391.449	1232.865	246.183	390.922	1522.821	345.367	476.085	1397.527	345.149	307.209	1386.608	110.111	388.075	1749.210	-16.529	361.302	1664.054	101.881	287.261	1641.227	66.806	480.462	1656.808	157.180	573.626	1487.475	197.009	661.473	1304.993	258.754	715.028	1407.560	271.210	736.188	1305.125	299.696	769.908	1255.196	386.072	699.005	1266.724	279.899	662.527	1166.918	329.366	781.335	1140.764	320.591	696.811	1080.766	378.175	604.106	1048.524	320.424	664.730	1005.020	306.894	605.697	1014.494	153.538	219.633	1497.640	174.277	140.237	1305.329	224.641	51.393	1387.314	233.585	56.109	1284.846	272.523	2.707	1221.931	364.029	61.487	1252.019	317.988	126.765	1193.054	254.707	37.502	1139.799	311.723	107.019	1092.516	364.668	170.662	1035.766	335.636	108.473	974.964	312.338	160.428	997.875
338.359	554.561	1076.137	385.068	578.380	890.631	278.215	517.597	1002.104	343.123	222.318	1076.673	364.421	198.686	929.836	286.093	260.945	1007.056	463.143	447.590	1074.580	457.266	388.898	1103.600	468.802	332.689	1074.541	371.433	576.682	766.694	301.052	589.082	794.380	265.217	597.758	674.922	327.861	584.238	649.982	228.821	581.567	503.561	240.075	449.137	485.576	318.222	590.873	390.988	248.612	589.277	375.299	282.621	589.061	270.129	339.867	590.431	287.602	428.822	533.581	78.256	381.053	570.165	105.032	353.280	483.663	103.654	213.369	597.749	35.204	206.540	503.330	39.989	352.356	195.277	758.571	278.401	199.237	784.360	241.753	190.885	667.474	298.649	188.820	643.781	250.699	194.380	506.991	243.374	320.532	465.237	316.032	175.495	366.416	244.792	206.356	354.208	272.482	207.247	250.388	330.699	186.839	258.686	429.027	238.816	67.776	371.646	203.939	100.391	344.369	297.344	107.859	210.265	187.941	37.220	197.607	266.708	43.273	395.906	391.386	1232.243	244.765	390.947	1521.288	344.389	476.092	1396.562	344.122	307.117	1385.573	108.352	388.140	1747.220	-18.162	361.364	1661.859	100.359	287.281	1639.248	65.264	480.536	1654.750	155.795	573.557	1485.592	196.306	661.450	1303.403	257.461	715.195	1406.203	269.777	736.152	1303.722	299.006	769.977	1253.956	385.473	699.347	1265.978	280.014	662.499	1165.650	329.294	781.358	1139.703	321.024	696.830	1079.652	378.868	604.214	1047.845	321.170	664.690	1004.124	307.898	605.608	1013.603	152.068	219.768	1495.826	173.521	140.443	1303.590	223.323	51.428	1385.686	232.755	56.128	1283.503	272.005	2.732	1220.494	363.487	61.376	1251.249	317.970	126.756	1192.024	254.761	37.693	1138.331	312.209	107.077	1091.406	367.645	171.213	1034.778	336.672	108.529	974.125	313.409	160.473	996.993
338.908	554.652	1075.147	387.095	578.710	890.363	279.239	517.542	1001.057	343.829	222.445	1075.833	365.437	198.635	928.853	287.252	260.974	1005.944	463.487	447.586	1073.757	457.970	388.957	1103.167	469.710	332.741	1074.028	371.883	576.895	765.821	301.571	589.030	793.959	265.169	597.915	674.698	327.545	584.464	649.615	228.076	581.852	503.427	239.456	449.389	485.347	317.616	591.042	390.928	248.050	589.472	375.078	282.259	589.189	270.005	339.471	590.565	287.555	428.783	533.588	78.302	381.001	570.220	105.047	353.235	483.701	103.687	213.358	597.783	35.212	206.529	503.357	40.010	352.939	195.360	757.674	278.911	199.239	783.981	241.822	190.782	667.218	298.600	188.693	643.335	250.103	194.140	506.793	242.631	320.386	464.961	315.477	175.358	366.295	244.295	206.221	353.898	272.139	207.163	250.212	330.312	186.716	258.555	429.047	238.795	67.786	371.736	203.917	100.609	344.381	297.346	107.897	210.295	187.952	37.250	197.626	266.694	43.311	395.944	391.359	1231.560	243.310	390.992	1519.808	344.784	476.544	1396.706	343.245	307.106	1384.609	106.625	388.131	1745.105	-19.750	361.434	1659.661	98.785	287.296	1637.098	63.676	480.544	1652.654	154.445	573.524	1483.770	195.556	661.448	1301.759	256.131	715.393	1404.869	268.877	736.327	1302.334	298.418	770.117	1252.679	384.855	699.685	1265.195	279.993	662.472	1164.423	329.086	781.497	1138.515	321.335	696.834	1078.730	379.570	604.327	1046.957	321.939	664.645	1003.105	308.845	605.523	1012.662	150.588	219.869	1493.960	172.956	140.576	1301.773	222.052	51.394	1384.136	232.099	56.212	1281.912	271.499	2.805	1219.137	362.929	61.243	1250.391	318.015	126.795	1191.039	254.815	37.889	1136.883	312.674	107.141	1090.333	368.790	171.301	1033.962	337.810	108.636	973.144	314.568	160.565	996.032
339.574	554.662	1074.249	388.058	578.814	889.803	280.391	517.522	999.930	344.713	222.518	1074.908	366.517	198.622	928.241	288.449	261.057	1004.687	463.798	447.672	1072.858	458.689	389.039	1102.648	470.592	332.710	1073.571	372.290	577.108	765.009	302.093	589.008	793.557	265.110	598.042	674.455	327.342	584.777	649.004	227.372	582.116	503.285	238.768	449.641	485.097	316.980	591.256	390.870	247.447	589.662	374.809	281.845	589.372	269.716	339.077	590.694	287.532	428.749	533.607	78.330	380.939	570.266	105.071	353.197	483.737	103.728	213.363	597.790	35.219	206.542	503.363	40.006	353.090	195.120	757.133	279.486	199.219	783.596	241.872	190.677	666.962	298.537	188.552	642.830	249.462	193.939	506.605	242.058	320.239	464.817	314.929	175.213	366.083	243.758	206.062	353.639	271.811	207.066	250.056	329.946	186.615	258.480	429.049	238.763	67.797	371.741	203.883	100.617	344.397	297.330	107.985	210.324	187.958	37.276	197.663	266.707	43.311	395.909	391.328	1230.861	241.892	391.018	1518.232	343.854	476.564	1395.762	342.312	307.065	1383.607	104.862	388.155	1743.104	-21.369	361.465	1657.331	97.158	287.343	1634.987	62.103	480.613	1650.518	153.229	573.634	1481.967	194.880	661.420	1299.984	254.841	715.545	1403.331	267.901	736.446	1300.896	297.596	770.294	1251.428	384.233	700.006	1264.351	280.126	662.423	1163.155	329.083	781.557	1137.488	321.721	696.819	1077.654	380.378	604.396	1046.137	322.671	664.608	1001.979	309.740	605.443	1011.814	149.141	220.009	1491.994	172.230	140.713	1300.005	220.812	51.370	1382.494	231.341	56.299	1280.368	271.024	2.862	1217.667	362.391	60.967	1249.377	317.958	126.740	1189.883	254.965	37.987	1135.479	313.182	107.266	1089.343	369.817	171.302	1033.143	338.803	108.735	972.204	315.638	160.622	995.163
340.002	554.773	1073.302	389.330	578.983	889.002	281.480	517.523	998.848	345.441	222.629	1073.984	367.822	198.523	927.503	289.506	261.092	1003.705	464.157	447.762	1072.060	459.354	389.083	1102.138	471.390	332.730	1073.082	372.656	577.321	764.205	302.681	589.061	793.095	265.034	598.161	674.188	327.211	585.040	648.419	226.605	582.355	503.009	238.131	449.856	484.916	316.346	591.440	390.850	246.857	589.815	374.536	281.374	589.439	269.536	338.711	590.861	287.549	428.715	533.603	78.340	380.869	570.327	105.113	353.132	483.776	103.751	213.368	597.818	35.227	206.519	503.383	40.023	353.479	195.059	756.489	280.008	199.219	783.202	241.928	190.568	666.732	298.503	188.361	642.349	248.831	193.687	506.429	241.388	320.045	464.679	314.359	175.072	365.966	243.200	205.903	353.414	271.493	206.980	249.858	329.591	186.532	258.425	429.057	238.765	67.790	371.773	203.852	100.706	344.606	297.227	107.996	210.349	187.964	37.281	197.700	266.709	43.340	395.975	391.296	1230.275	240.441	391.031	1516.666	343.029	476.646	1394.781	341.422	307.071	1382.538	103.094	388.141	1740.953	-22.989	361.539	1654.959	95.534	287.355	1632.819	60.465	480.577	1648.283	151.719	573.512	1480.003	194.154	661.464	1298.285	253.537	715.715	1401.848	267.199	736.718	1299.608	296.932	770.387	1249.999	383.642	700.363	1263.419	280.201	662.436	1161.926	328.963	781.626	1136.308	322.155	696.819	1076.482	381.069	604.510	1045.280	323.535	664.545	1000.957	310.730	605.356	1010.743	147.639	220.125	1489.949	171.559	140.876	1298.077	219.590	51.376	1380.764	230.627	56.359	1278.647	270.501	2.934	1216.167	361.851	60.887	1248.424	317.892	126.733	1188.763	255.045	38.155	1133.852	313.721	107.324	1088.242	370.774	171.261	1032.324	339.919	108.850	971.221	316.759	160.663	994.156
340.549	554.807	1072.384	390.194	579.081	888.036	282.657	517.511	997.609	346.238	222.723	1073.008	368.613	198.576	926.573	290.794	261.162	1002.527	464.659	447.850	1071.256	460.025	389.140	1101.568	472.165	332.813	1072.528	373.187	577.557	763.177	303.261	589.105	792.520	264.996	598.306	673.953	327.056	585.316	647.779	225.870	582.560	502.726	237.466	450.090	484.704	315.686	591.605	390.709	246.268	590.006	374.262	281.007	589.578	269.379	338.240	590.956	287.380	428.671	533.595	78.380	380.804	570.364	105.108	353.104	483.817	103.765	213.355	597.823	35.225	206.510	503.410	40.032	354.016	195.043	755.730	280.525	199.177	782.816	242.000	190.394	666.489	298.439	188.221	641.912	248.211	193.514	506.202	240.656	319.871	464.538	313.767	174.924	365.791	242.611	205.736	353.228	271.182	206.889	249.555	329.259	186.454	258.356	429.089	238.757	67.812	371.770	203.828	100.718	344.596	297.186	108.032	210.364	187.971	37.308	197.699	266.696	43.363	395.914	391.287	1229.424	239.043	391.080	1515.011	342.169	476.596	1393.635	340.534	307.036	1381.482	101.307	388.141	1738.658	-24.584	361.592	1652.536	94.161	287.249	1630.603	59.009	480.634	1646.144	150.475	573.593	1478.038	193.536	661.427	1296.436	252.194	715.889	1400.280	266.098	736.746	1298.015	296.379	770.406	1248.695	383.016	700.655	1262.512	280.217	662.377	1160.613	328.869	781.703	1135.094	322.555	696.815	1075.256	381.821	604.601	1044.447	324.273	664.497	999.958	311.600	605.276	1009.720	146.191	220.229	1487.923	170.906	141.040	1296.191	218.271	51.384	1378.983	229.921	56.424	1277.004	270.062	2.970	1214.684	361.317	60.693	1247.397	317.955	126.719	1187.596	255.150	38.362	1132.389	314.178	107.392	1087.045	371.723	171.256	1031.464	341.065	108.919	970.122	317.817	160.717	993.165
341.525	554.685	1071.489	391.392	579.166	887.080	283.769	517.511	996.296	347.084	222.853	1072.039	370.133	198.456	926.006	291.953	261.262	1001.280	465.416	447.908	1070.582	460.822	389.201	1101.045	472.867	332.848	1071.916	373.629	577.733	762.305	303.438	589.384	792.291	264.944	598.405	673.628	326.914	585.621	647.169	225.151	582.745	502.417	236.732	450.331	484.479	315.107	591.797	390.592	245.654	590.195	374.041	280.595	589.670	269.235	337.743	591.099	287.289	428.643	533.552	78.361	380.736	570.404	105.117	353.042	483.843	103.772	213.335	597.851	35.232	206.526	503.439	40.021	354.540	195.090	755.087	281.100	199.123	782.343	242.062	190.231	666.235	298.354	187.989	641.471	247.580	193.286	505.966	239.935	319.690	464.291	313.220	174.775	365.739	242.052	205.598	352.969	270.866	206.798	249.361	328.934	186.390	258.298	429.092	238.737	67.807	371.752	203.782	100.740	344.620	297.156	108.102	210.383	187.972	37.329	197.737	266.709	43.360	395.918	391.312	1228.628	237.614	391.072	1513.324	341.187	476.641	1392.510	339.609	307.014	1380.364	99.576	388.149	1736.486	-26.188	361.676	1650.143	92.426	287.444	1628.395	57.357	480.730	1643.835	149.088	573.593	1476.089	192.821	661.375	1294.680	250.954	716.053	1398.740	265.318	736.929	1296.538	295.711	770.254	1247.080	382.407	701.032	1261.585	280.383	662.348	1159.281	328.737	781.747	1133.809	322.869	696.795	1074.145	382.562	604.697	1043.595	325.160	664.444	998.813	312.531	605.211	1008.748	144.717	220.334	1485.880	170.183	141.196	1294.365	217.046	51.411	1377.305	229.205	56.480	1275.248	269.582	3.041	1213.190	360.719	60.600	1246.505	317.867	126.715	1186.544	255.146	38.555	1130.842	314.632	107.479	1085.868	372.559	171.221	1030.632	342.062	108.982	969.074	318.910	160.787	992.141
344.396	554.328	1070.327	392.226	579.312	886.230	284.847	517.515	995.099	347.848	222.969	1071.062	370.945	198.489	925.101	293.000	261.319	999.994	466.277	447.969	1069.951	461.427	389.271	1100.449	473.555	332.878	1071.260	374.123	577.942	761.317	304.055	589.510	791.901	264.892	598.533	673.284	326.756	585.856	646.446	224.467	582.987	502.265	236.068	450.592	484.314	314.497	591.983	390.431	245.048	590.389	373.816	280.244	589.788	269.071	337.218	591.212	287.031	428.802	533.569	78.545	380.687	570.451	105.136	352.988	483.862	103.793	213.321	597.863	35.241	206.491	503.453	40.033	354.343	195.004	754.712	281.684	199.027	781.838	242.106	190.026	665.973	298.273	187.764	640.952	246.892	193.098	505.773	239.157	319.507	464.118	312.590	174.640	365.631	241.438	205.438	352.713	270.557	206.738	249.149	328.594	186.312	258.261	429.093	238.727	67.810	371.733	203.739	100.748	344.586	297.122	108.091	210.409	187.974	37.322	197.734	266.712	43.384	395.983	391.330	1227.889	236.136	391.097	1511.602	338.700	475.941	1390.303	338.682	306.996	1379.191	97.857	388.178	1734.248	-27.782	361.702	1647.624	90.835	287.551	1626.053	55.865	480.794	1641.558	147.659	573.543	1474.046	192.132	661.368	1292.882	249.632	716.227	1397.107	264.566	737.071	1295.037	294.985	770.410	1245.636	381.758	701.401	1260.613	280.384	662.338	1157.987	328.607	781.828	1132.554	323.316	696.805	1073.004	383.331	604.815	1042.729	325.966	664.414	997.760	313.441	605.141	1007.736	143.215	220.481	1483.845	169.563	141.310	1292.359	215.780	51.430	1375.451	228.477	56.554	1273.561	269.104	3.104	1211.539	360.161	60.381	1245.406	319.919	126.842	1185.366	255.281	38.746	1129.140	315.190	107.582	1084.712	373.437	171.173	1029.731	343.110	109.073	968.108	319.943	160.845	991.122
345.198	554.317	1069.251	393.470	579.408	885.149	285.956	517.516	993.809	348.563	223.034	1070.078	372.351	198.422	924.386	294.228	261.404	998.704	467.119	448.073	1069.356	462.090	389.343	1099.824	474.239	332.979	1070.633	374.525	578.162	760.476	304.725	589.607	791.335	264.892	598.672	673.015	326.597	586.057	645.842	223.674	583.200	501.933	235.433	450.866	484.146	313.878	592.189	390.236	244.474	590.524	373.553	280.324	590.216	268.842	336.804	591.361	286.950	428.765	533.576	78.557	380.622	570.467	105.137	352.947	483.879	103.797	213.320	597.867	35.329	206.490	503.459	40.066	354.821	194.961	753.902	282.267	198.946	781.376	242.154	189.807	665.666	298.151	187.464	640.322	246.176	192.907	505.525	238.398	319.368	463.885	311.959	174.472	365.546	240.860	205.281	352.416	270.207	206.598	249.018	328.200	186.223	258.162	429.091	238.705	67.819	371.696	203.712	100.782	344.538	297.084	108.120	210.433	187.974	37.321	197.745	266.696	43.393	395.838	391.334	1226.989	234.733	391.122	1509.895	337.715	475.982	1389.109	337.737	306.975	1378.059	96.095	388.216	1731.946	-29.400	361.779	1645.081	89.261	287.544	1623.730	54.393	480.865	1639.285	146.256	573.479	1471.922	191.453	661.358	1291.033	248.339	716.425	1395.472	263.552	737.188	1293.441	294.308	770.552	1244.220	381.150	701.696	1259.613	280.544	662.271	1156.505	328.524	781.904	1131.346	323.727	696.807	1071.762	384.081	604.937	1041.881	326.771	664.362	996.517	314.343	605.064	1006.720	141.726	220.613	1481.704	168.883	141.463	1290.363	214.546	51.449	1373.621	227.750	56.634	1271.771	268.708	3.131	1210.001	359.614	60.169	1244.307	319.991	126.874	1184.196	255.357	38.944	1127.624	315.687	107.645	1083.465	372.603	170.608	1028.964	344.304	109.211	967.057	321.063	160.945	989.969
346.038	554.343	1068.032	394.450	579.613	884.244	287.030	517.535	992.576	349.351	223.109	1069.035	373.155	198.478	923.459	295.349	261.442	997.503	467.905	448.145	1068.647	462.813	389.450	1099.187	474.919	333.057	1069.932	374.997	578.263	759.464	305.338	589.674	790.892	264.930	598.819	672.668	326.443	586.294	645.180	222.967	583.435	501.671	234.763	451.093	483.901	313.276	592.404	390.108	243.889	590.657	373.255	279.660	590.115	268.679	336.382	591.503	286.885	428.763	533.583	78.574	380.581	570.489	105.143	352.927	483.913	103.791	213.321	597.886	35.238	206.510	503.486	40.041	355.069	194.782	753.291	282.772	198.832	780.972	242.214	189.585	665.415	298.099	187.238	639.814	245.454	192.654	505.213	237.660	319.169	463.720	311.353	174.335	365.459	240.266	205.127	352.160	269.855	206.528	248.765	327.826	186.132	258.087	429.089	238.664	67.852	371.690	203.672	100.764	344.519	297.049	108.171	210.435	187.966	37.350	197.757	266.692	43.402	395.832	391.409	1226.116	233.316	391.152	1508.095	336.707	475.964	1387.812	336.818	306.954	1376.828	94.365	388.224	1729.663	-31.016	361.801	1642.592	87.712	287.601	1621.299	52.714	480.878	1636.810	144.927	573.464	1469.893	190.671	661.369	1289.172	247.059	716.635	1393.819	262.694	737.338	1291.754	293.642	770.640	1242.636	380.512	702.028	1258.562	280.906	662.203	1155.337	328.421	781.954	1129.980	324.059	696.797	1070.476	384.813	605.047	1040.902	327.522	664.334	995.341	315.290	604.985	1005.602	140.268	220.720	1479.581	168.221	141.620	1288.323	213.226	51.442	1371.674	227.039	56.673	1269.909	268.177	3.221	1208.350	359.038	60.064	1243.255	319.995	126.849	1182.970	255.445	39.165	1125.903	316.215	107.742	1082.204	373.494	170.570	1028.025	345.303	109.284	965.993	322.157	161.049	988.944
346.792	554.398	1066.982	395.665	579.839	883.287	288.198	517.532	991.235	350.128	223.184	1067.961	374.512	198.382	922.561	296.519	261.523	996.173	468.824	448.248	1067.998	463.468	389.507	1098.575	475.603	333.165	1069.227	375.483	578.461	758.653	305.977	589.782	790.445	264.952	598.934	672.249	326.331	586.550	644.529	222.305	583.653	501.423	234.045	451.348	483.702	312.619	592.605	389.967	243.343	590.837	373.036	279.172	590.174	268.394	335.954	591.677	286.864	428.737	533.572	78.589	380.527	570.517	105.139	352.890	483.913	103.788	213.312	597.887	35.324	206.498	503.481	40.045	355.486	194.687	752.397	283.331	198.731	780.474	242.269	189.362	665.163	298.059	187.008	639.372	244.714	192.431	504.935	236.790	318.947	463.560	310.693	174.173	365.311	239.642	204.950	351.845	269.423	206.426	248.591	327.443	186.043	257.980	429.069	238.665	67.828	371.651	203.651	100.759	344.503	297.032	108.183	210.429	187.964	37.344	197.745	266.684	43.403	395.880	391.432	1225.233	231.846	391.153	1506.230	335.769	476.030	1386.645	335.873	306.930	1375.578	92.569	388.229	1727.344	-32.615	361.856	1640.085	86.112	287.653	1618.960	51.157	480.908	1634.332	143.514	573.436	1467.718	189.980	661.381	1287.283	245.762	716.802	1392.069	261.905	737.540	1290.222	293.038	770.725	1241.136	379.900	702.388	1257.473	281.052	662.179	1153.853	328.292	782.030	1128.544	324.490	696.782	1069.155	385.465	605.174	1039.940	328.324	664.309	994.190	316.249	604.930	1004.415	138.745	220.820	1477.349	168.533	141.993	1285.961	211.958	51.506	1369.859	226.300	56.733	1268.135	267.767	3.271	1206.716	358.472	60.036	1242.187	318.575	126.515	1181.661	255.530	39.355	1124.198	316.768	107.850	1080.878	374.365	170.585	1027.110	346.299	109.361	964.906	323.277	161.139	987.839
347.695	554.455	1065.765	396.693	580.016	882.349	289.295	517.520	989.847	350.864	223.267	1066.842	375.420	198.433	921.693	297.772	261.616	994.867	469.637	448.335	1067.332	464.121	389.565	1097.880	476.307	333.233	1068.434	375.979	578.638	757.792	306.689	589.942	789.901	264.980	599.099	671.936	326.244	586.714	643.770	221.635	583.893	501.186	233.356	451.582	483.435	312.002	592.800	389.807	242.746	590.992	372.808	278.852	590.266	268.179	335.542	591.829	286.784	428.739	533.552	78.554	380.497	570.519	105.129	352.869	483.916	103.768	213.304	597.897	35.285	206.491	503.488	40.039	356.031	194.675	751.494	283.916	198.600	779.939	242.313	189.159	664.922	297.990	186.745	638.866	243.965	192.202	504.605	235.974	318.746	463.340	310.055	174.013	365.150	239.017	204.784	351.564	269.033	206.321	248.330	327.094	185.951	257.870	429.069	238.664	67.840	371.490	203.610	100.478	344.460	297.005	108.194	210.437	187.963	37.374	197.776	266.685	43.404	395.845	391.475	1224.295	230.397	391.157	1504.345	334.774	476.057	1385.240	334.936	306.914	1374.266	90.797	388.208	1724.871	-34.199	361.914	1637.352	84.714	287.472	1616.538	49.570	480.930	1631.929	142.125	573.419	1465.614	189.350	661.388	1285.265	244.496	716.965	1390.353	260.855	737.599	1288.439	292.387	770.848	1239.519	379.263	702.740	1256.404	281.162	662.151	1152.343	328.214	782.078	1127.347	324.837	696.787	1067.898	386.220	605.262	1038.893	329.172	664.274	992.913	317.224	604.897	1003.193	137.300	220.961	1475.249	167.857	142.135	1283.838	210.710	51.507	1367.847	225.579	56.737	1266.261	267.333	3.342	1204.960	357.889	59.833	1240.895	318.534	126.470	1180.392	255.608	39.565	1122.493	317.258	107.950	1079.692	375.248	170.603	1026.121	347.394	109.444	963.749	324.484	161.294	986.738
348.460	554.499	1064.571	397.841	580.127	881.466	290.354	517.503	988.379	351.612	223.328	1065.699	376.644	198.389	920.629	298.923	261.665	993.526	470.484	448.460	1066.550	464.828	389.639	1097.140	477.022	333.322	1067.714	376.445	578.788	756.735	307.299	590.042	789.280	265.052	599.258	671.613	326.217	586.933	643.147	220.968	584.147	500.929	232.718	451.802	483.190	311.407	592.996	389.661	242.193	591.146	372.537	278.449	590.362	267.932	335.127	591.926	286.624	428.713	533.537	78.556	380.443	570.532	105.108	352.868	483.929	103.744	213.328	597.888	35.262	206.501	503.494	40.056	356.247	194.443	750.852	284.494	198.497	779.456	242.447	189.076	664.435	297.824	186.494	638.290	243.150	191.959	504.400	235.193	318.530	463.190	309.430	173.840	365.038	238.366	204.604	351.247	268.679	206.263	248.113	326.617	185.820	257.730	429.047	238.649	67.852	371.450	203.600	100.493	344.420	296.964	108.244	210.442	187.970	37.379	197.772	266.680	43.400	395.784	391.532	1223.386	229.014	391.200	1502.503	333.839	476.121	1383.889	333.996	306.863	1372.955	89.270	388.426	1722.214	-35.814	361.974	1634.735	82.967	287.729	1614.060	48.075	480.996	1629.498	140.654	573.370	1463.290	188.692	661.296	1283.246	243.158	717.172	1388.504	260.189	737.917	1286.804	291.757	770.935	1237.963	378.627	703.062	1255.232	281.289	662.131	1150.879	328.154	782.160	1125.799	325.302	696.814	1066.565	386.898	605.419	1037.841	329.964	664.247	991.749	318.143	604.869	1002.070	135.793	221.097	1472.954	167.217	142.267	1281.759	209.568	51.544	1365.936	224.894	56.836	1264.389	266.856	3.407	1203.206	357.342	59.562	1239.681	318.436	126.382	1178.992	255.734	39.734	1120.731	317.794	108.050	1078.246	376.069	170.619	1025.141	348.588	109.582	962.473	325.557	161.384	985.575
349.170	554.563	1063.320	398.805	580.241	880.144	291.477	517.493	986.998	352.164	223.246	1064.697	377.771	198.358	919.933	300.036	261.728	992.056	471.231	448.595	1065.798	465.481	389.752	1096.524	477.796	333.434	1067.012	376.912	578.887	755.805	307.855	590.095	788.561	265.097	599.437	671.246	326.136	587.155	642.458	220.300	584.410	500.690	232.134	452.037	482.980	310.835	593.188	389.482	241.612	591.284	372.225	278.157	590.476	267.714	334.700	592.079	286.505	428.723	533.540	78.537	380.425	570.551	105.106	352.850	483.936	103.722	213.334	597.871	35.262	206.496	503.480	40.027	356.727	194.360	749.929	284.979	198.389	779.028	242.480	188.897	664.179	297.754	186.267	637.714	242.401	191.738	504.195	234.388	318.345	463.007	308.757	173.662	364.842	237.754	204.443	350.944	268.273	206.181	247.880	326.161	185.738	257.576	429.035	238.616	67.836	371.425	203.560	100.500	344.401	296.940	108.242	210.443	187.966	37.361	197.775	266.671	43.407	398.079	391.636	1223.447	227.596	391.255	1500.559	332.657	476.120	1382.405	333.050	306.853	1371.585	87.553	388.461	1719.859	-37.399	362.033	1632.094	81.768	287.475	1611.477	46.288	480.988	1626.889	139.377	573.399	1461.202	188.007	661.330	1281.296	241.957	717.334	1386.752	259.139	737.943	1284.932	291.036	771.059	1236.264	378.006	703.394	1254.064	281.255	662.050	1149.353	328.010	782.198	1124.393	325.678	696.812	1065.084	387.617	605.505	1036.793	330.777	664.238	990.354	319.071	604.812	1000.863	134.290	221.207	1470.609	166.527	142.405	1279.477	208.325	51.553	1363.949	224.206	56.863	1262.384	266.415	3.457	1201.482	356.776	59.462	1238.514	318.381	126.412	1177.701	255.840	39.919	1118.943	318.246	108.122	1076.917	377.080	170.639	1024.087	349.566	109.713	961.434	326.950	161.524	984.227
350.026	554.586	1061.946	399.687	580.377	879.121	292.613	517.496	985.554	352.934	223.309	1063.503	378.942	198.344	918.743	301.154	261.792	990.852	472.026	448.720	1064.999	466.186	389.803	1095.755	478.582	333.508	1066.231	377.418	578.970	754.702	308.523	590.235	787.838	265.202	599.640	670.838	326.041	587.325	641.687	219.657	584.626	500.412	231.489	452.255	482.820	310.259	593.402	389.301	241.032	591.418	371.906	277.802	590.618	267.461	334.257	592.213	286.343	428.722	533.537	78.499	380.399	570.559	105.077	352.850	483.939	103.697	213.353	597.891	35.264	206.516	503.488	40.052	357.066	194.258	749.266	285.477	198.299	778.480	242.493	188.711	663.891	297.663	186.042	637.219	241.659	191.546	503.949	233.513	318.120	462.770	308.063	173.462	364.643	237.106	204.254	350.681	267.844	206.098	247.676	325.685	185.601	257.471	429.018	238.618	67.852	371.452	203.582	100.379	344.324	296.906	108.275	210.453	187.963	37.379	197.779	266.673	43.400	398.358	391.655	1222.591	226.182	391.251	1498.572	331.708	476.184	1381.021	332.105	306.847	1370.202	85.822	388.487	1717.310	-38.965	362.096	1629.329	80.219	287.559	1608.965	44.805	481.038	1624.352	137.915	573.336	1458.803	187.314	661.300	1279.217	240.631	717.546	1384.897	258.391	738.177	1283.275	290.463	771.166	1234.651	377.368	703.717	1252.890	281.439	662.038	1147.770	327.948	782.316	1123.035	326.029	696.803	1063.672	388.350	605.622	1035.855	331.615	664.247	989.075	320.021	604.794	999.546	132.841	221.308	1468.280	165.940	142.533	1277.292	207.112	51.571	1361.787	223.453	56.925	1260.451	266.028	3.514	1199.673	356.200	59.357	1237.206	318.274	126.377	1176.274	256.014	40.098	1117.123	318.803	108.222	1075.523	378.001	170.603	1023.065	350.775	109.877	960.241	327.992	161.569	983.034
350.725	554.586	1060.713	400.922	580.521	877.985	293.707	517.464	984.036	353.686	223.388	1062.311	380.286	198.274	918.035	302.503	261.957	989.259	472.858	448.821	1064.225	466.816	389.878	1094.982	479.405	333.611	1065.464	377.963	579.134	753.866	309.239	590.396	787.275	265.276	599.802	670.314	326.069	587.532	641.021	219.012	584.825	500.060	230.868	452.490	482.643	309.686	593.616	389.112	240.487	591.572	371.560	277.399	590.630	267.205	333.899	592.350	286.242	428.736	533.533	78.496	380.373	570.572	105.051	352.855	483.953	103.699	213.371	597.880	35.292	206.565	503.485	40.052	357.469	194.175	748.645	286.008	198.260	777.928	242.521	188.545	663.549	297.574	185.850	636.738	240.875	191.287	503.610	232.777	317.922	462.478	307.453	173.303	364.369	236.478	204.122	350.305	267.469	206.027	247.493	325.241	185.510	257.379	429.003	238.606	67.873	371.361	203.517	100.499	344.288	296.867	108.299	210.470	187.988	37.385	197.796	266.672	43.412	398.332	391.687	1221.611	224.723	391.244	1496.555	330.672	476.243	1379.575	331.121	306.812	1368.798	84.118	388.567	1714.771	-40.530	362.146	1626.566	78.658	287.607	1606.383	43.304	481.117	1621.818	136.520	573.280	1456.452	186.634	661.288	1277.124	239.337	717.756	1383.021	257.523	738.316	1281.370	289.758	771.226	1232.842	376.727	704.042	1251.671	281.592	662.047	1146.162	327.845	782.383	1121.460	326.405	696.841	1062.368	389.015	605.754	1034.638	332.402	664.261	987.813	320.907	604.787	998.244	131.316	221.418	1465.865	165.384	142.633	1274.988	205.903	51.605	1359.769	222.765	56.982	1258.446	265.556	3.546	1197.824	355.619	59.192	1235.878	318.112	126.353	1174.841	256.141	40.277	1115.187	319.256	108.324	1074.145	378.970	170.661	1021.982	351.727	109.908	959.024	329.115	161.716	981.830
351.440	554.646	1059.379	401.994	580.751	877.025	294.774	517.478	982.425	354.423	223.457	1060.967	381.043	198.372	916.676	303.576	262.038	987.883	473.461	448.781	1063.381	467.515	389.976	1094.241	480.236	333.740	1064.657	378.481	579.282	752.799	309.918	590.548	786.614	265.356	599.974	669.838	326.049	587.731	640.299	218.420	585.054	499.768	230.299	452.686	482.429	309.129	593.794	388.948	239.983	591.724	371.245	277.048	590.735	266.948	333.517	592.481	286.135	428.760	533.528	78.459	380.383	570.585	105.040	352.851	483.951	103.656	213.367	597.872	35.300	206.551	503.471	40.061	357.940	194.113	747.729	286.513	198.205	777.414	242.517	188.379	663.195	297.441	185.612	636.186	240.095	191.078	503.262	231.985	317.705	462.172	306.939	173.165	364.133	235.784	203.962	349.976	267.017	206.003	247.217	324.825	185.414	257.237	428.999	238.574	67.885	371.266	203.458	100.363	344.243	296.827	108.301	210.462	187.971	37.364	197.792	266.669	43.408	398.319	391.674	1220.497	223.310	391.265	1494.474	329.736	476.273	1378.067	330.197	306.776	1367.283	82.407	388.593	1712.168	-42.115	362.170	1623.814	77.197	287.630	1603.822	41.820	481.195	1619.199	135.110	573.256	1454.137	185.943	661.332	1275.155	238.056	717.928	1381.089	256.598	738.390	1279.597	289.151	771.366	1231.118	376.131	704.367	1250.351	281.528	661.990	1144.499	327.767	782.434	1119.895	326.937	696.896	1060.878	389.697	605.892	1033.425	333.246	664.259	986.448	321.864	604.784	996.909	129.820	221.527	1463.386	164.640	142.810	1272.789	204.738	51.645	1357.595	222.094	57.049	1256.332	265.228	3.640	1195.942	355.031	59.054	1234.562	318.051	126.347	1173.395	256.324	40.442	1113.397	319.785	108.404	1072.632	379.888	170.685	1020.926	352.770	110.026	957.791	330.275	161.863	980.582
351.948	554.676	1058.026	403.005	580.924	876.001	295.993	517.494	980.917	355.221	223.554	1059.690	382.889	198.176	916.242	304.708	262.104	986.322	474.298	448.897	1062.594	468.167	390.027	1093.361	481.065	333.834	1063.843	378.967	579.403	751.797	310.587	590.678	785.897	265.525	600.188	669.398	326.066	587.914	639.491	217.825	585.293	499.367	229.758	452.928	482.218	308.574	593.970	388.783	239.470	591.876	370.964	276.840	590.965	266.634	333.180	592.609	286.060	428.772	533.536	78.425	380.357	570.603	104.965	352.868	483.958	103.626	213.400	597.881	35.316	206.582	503.478	40.070	358.377	194.058	746.781	286.938	198.126	776.951	242.520	188.197	662.851	297.290	185.390	635.616	239.310	190.882	503.012	231.298	317.513	461.975	306.338	173.003	363.866	235.138	203.823	349.797	266.556	205.962	246.940	324.328	185.274	257.090	429.005	238.580	67.926	371.211	203.428	100.379	344.200	296.801	108.321	210.482	187.985	37.383	197.798	266.669	43.421	398.216	391.667	1219.392	221.888	391.283	1492.428	328.718	476.344	1376.566	329.263	306.810	1365.837	80.635	388.616	1709.577	-43.665	362.222	1620.980	75.591	287.726	1601.136	40.220	481.224	1616.540	133.711	573.241	1451.750	185.314	661.243	1272.877	236.811	718.115	1379.106	255.731	738.551	1277.710	288.527	771.489	1229.319	375.507	704.679	1249.089	281.815	662.061	1142.881	327.693	782.535	1118.321	327.293	696.907	1059.252	390.405	606.010	1032.258	334.049	664.281	985.035	322.796	604.778	995.664	128.411	221.635	1461.009	164.132	142.892	1270.430	203.495	51.638	1355.401	221.406	57.070	1254.260	264.809	3.667	1194.000	354.510	58.944	1233.098	317.946	126.287	1171.862	256.451	40.573	1111.419	320.287	108.470	1071.192	380.904	170.753	1019.807	353.851	110.134	956.413	331.375	161.977	979.390
352.682	554.706	1056.758	404.215	581.100	874.783	297.002	517.442	979.457	355.935	223.614	1058.398	383.356	198.287	914.663	305.936	262.207	984.925	475.149	449.011	1061.807	468.800	390.112	1092.632	481.930	333.924	1063.004	379.514	579.497	750.792	311.220	590.833	785.291	265.731	600.419	668.892	326.068	588.092	638.686	217.258	585.514	498.971	229.247	453.178	482.015	308.038	594.138	388.529	238.986	592.020	370.653	276.491	591.036	266.383	332.820	592.701	285.858	428.782	533.536	78.287	380.355	570.623	104.946	352.882	483.975	103.611	213.412	597.872	35.326	206.600	503.498	40.080	358.653	193.967	745.982	287.431	198.048	776.404	242.541	188.035	662.495	297.182	185.169	635.015	238.583	190.689	502.708	230.555	317.332	461.690	305.643	172.854	363.459	234.475	203.701	349.461	266.156	205.910	246.635	323.895	185.174	256.932	428.982	238.545	67.924	371.240	203.442	100.248	344.173	296.763	108.347	210.491	187.976	37.419	197.812	266.657	43.426	398.051	391.697	1218.222	220.447	391.294	1490.276	327.745	476.417	1374.993	328.284	306.749	1364.267	78.932	388.607	1706.994	-45.247	362.262	1618.104	74.091	287.754	1598.502	38.600	481.280	1613.761	132.357	573.246	1449.425	184.633	661.276	1270.761	235.523	718.288	1377.106	254.866	738.633	1275.714	287.834	771.618	1227.499	374.838	705.001	1247.788	281.863	662.005	1141.065	327.559	782.616	1116.770	327.695	696.913	1057.790	391.127	606.150	1031.086	334.840	664.326	983.579	323.702	604.749	994.287	126.907	221.727	1458.439	163.567	142.990	1267.710	202.366	51.703	1353.217	220.757	57.140	1252.105	264.769	4.223	1191.739	353.954	58.806	1231.799	317.757	126.315	1170.375	256.615	40.741	1109.535	320.825	108.524	1069.683	381.766	170.754	1018.643	354.890	110.243	955.200	332.436	162.081	978.098
353.407	554.759	1055.352	405.195	581.336	873.687	298.105	517.434	977.828	356.633	223.710	1057.056	384.795	198.214	913.729	307.109	262.310	983.371	475.991	449.098	1060.957	469.523	390.191	1091.725	482.751	334.018	1062.203	380.071	579.638	749.816	311.961	590.952	784.442	265.911	600.646	668.388	326.162	588.292	637.950	216.735	585.745	498.652	228.748	453.409	481.741	307.527	594.308	388.302	238.456	592.166	370.362	276.187	591.103	266.120	332.495	592.849	285.744	428.818	533.572	78.334	380.349	570.654	104.880	352.902	483.979	103.590	213.435	597.871	35.337	206.633	503.501	40.118	358.996	193.837	745.076	287.906	197.960	775.832	242.567	187.865	662.136	297.058	184.984	634.439	237.887	190.456	502.362	229.798	317.179	461.426	304.590	172.671	363.403	233.845	203.591	349.167	265.764	205.892	246.286	323.445	185.076	256.816	428.987	238.510	67.912	371.145	203.345	100.405	344.105	296.738	108.385	210.499	187.988	37.445	197.811	266.655	43.458	397.306	391.994	1216.971	219.033	391.322	1488.092	326.727	476.483	1373.425	327.347	306.774	1362.730	77.217	388.666	1704.331	-46.776	362.313	1615.291	72.508	287.774	1595.874	37.073	481.358	1611.039	130.891	573.215	1446.850	183.995	661.240	1268.445	234.209	718.482	1375.022	254.088	738.848	1273.789	287.231	771.725	1225.756	374.192	705.317	1246.368	281.981	662.072	1139.395	327.514	782.759	1115.185	328.116	697.004	1056.314	391.865	606.311	1029.984	335.702	664.366	982.154	324.660	604.787	992.864	125.417	221.858	1455.863	162.884	143.147	1265.638	201.172	51.730	1350.945	220.099	57.161	1249.989	264.392	4.303	1189.798	353.341	58.631	1230.320	317.613	126.272	1168.828	256.782	40.853	1107.503	321.320	108.599	1068.152	382.692	170.783	1017.426	356.106	110.377	953.826	333.539	162.219	976.697
354.095	554.842	1053.867	406.152	581.497	872.323	299.250	517.453	976.083	357.403	223.729	1055.621	385.921	198.144	912.655	308.164	262.365	981.941	476.667	449.267	1059.976	470.110	390.243	1090.850	483.619	334.141	1061.325	380.659	579.739	748.761	312.657	591.069	783.797	266.066	600.878	667.853	326.197	588.478	637.173	216.273	586.009	498.332	228.224	453.660	481.444	306.989	594.481	388.119	237.969	592.311	370.006	275.915	591.217	265.933	332.120	592.942	285.440	428.842	533.592	78.296	380.350	570.675	104.834	352.912	483.996	103.568	213.448	597.879	35.347	206.650	503.488	40.121	359.336	193.784	744.250	288.245	197.907	775.134	242.578	187.662	661.806	296.969	184.804	633.843	237.128	190.232	502.058	229.107	316.978	461.229	303.879	172.450	363.285	233.173	203.440	348.884	265.312	205.827	246.076	323.389	185.104	256.474	428.958	238.485	67.910	371.109	203.302	100.401	344.056	296.710	108.394	210.515	187.986	37.460	197.836	266.663	43.467	397.153	392.045	1215.733	217.611	391.342	1485.999	325.727	476.578	1371.756	326.433	306.765	1361.047	75.512	388.692	1701.570	-48.314	362.351	1612.483	71.025	287.824	1593.081	35.502	481.405	1608.299	129.501	573.207	1444.415	183.250	661.296	1266.337	232.931	718.677	1372.959	253.170	738.972	1271.823	286.627	771.806	1223.748	373.557	705.666	1244.980	282.137	662.071	1137.656	327.368	782.819	1113.485	328.544	697.025	1054.607	392.595	606.457	1028.707	336.781	664.558	980.536	325.556	604.789	991.339	123.908	221.944	1453.291	162.301	143.236	1262.835	200.060	51.756	1348.727	219.382	57.189	1247.804	264.008	4.304	1187.707	352.769	58.552	1228.920	317.479	126.211	1167.201	256.970	40.989	1105.412	321.278	108.652	1066.600	383.630	170.815	1016.295	357.165	110.501	952.517	334.638	162.335	975.379
354.760	554.849	1052.509	407.299	581.705	871.142	300.379	517.503	974.546	358.091	223.742	1054.207	387.005	198.087	911.481	309.445	262.512	980.201	477.513	449.423	1059.050	470.806	390.348	1090.002	484.463	334.226	1060.383	381.147	579.868	747.807	313.470	591.340	783.177	266.284	601.140	667.280	326.246	588.650	636.275	215.776	586.301	497.977	227.758	453.923	481.248	306.452	594.630	387.925	237.471	592.449	369.642	275.636	591.329	265.727	331.783	593.048	285.299	428.877	533.607	78.222	380.351	570.712	104.816	352.941	484.011	103.522	213.486	597.878	35.352	206.690	503.504	40.140	359.864	193.763	743.299	288.492	197.780	774.532	242.606	187.491	661.460	296.805	184.589	633.307	236.409	190.064	501.773	228.375	316.793	460.948	303.171	172.269	363.136	232.538	203.326	348.543	264.920	205.779	245.911	322.944	184.986	256.326	428.954	238.473	67.912	371.061	203.262	100.393	343.998	296.659	108.380	210.532	187.982	37.475	197.838	266.660	43.460	397.015	392.050	1214.470	216.216	391.406	1483.754	324.724	476.637	1370.120	325.466	306.762	1359.464	73.826	388.737	1698.816	-49.879	362.436	1609.514	69.463	287.855	1590.323	33.986	481.419	1605.527	128.112	573.227	1441.791	182.574	661.306	1263.986	231.645	718.880	1370.787	252.312	739.126	1269.794	286.011	771.959	1221.915	372.926	705.987	1243.587	282.139	662.064	1135.833	327.398	782.936	1111.864	328.963	697.094	1052.956	393.351	606.727	1027.338	337.548	664.612	979.087	326.467	604.833	989.938	122.439	222.026	1450.646	161.669	143.363	1260.424	198.791	51.743	1346.320	218.720	57.254	1245.544	263.622	4.382	1185.714	352.222	58.354	1227.285	317.266	126.210	1165.588	257.133	41.094	1103.347	321.736	108.697	1064.917	384.596	170.845	1015.119	358.207	110.646	951.110	335.778	162.487	974.085
355.543	554.863	1051.032	408.260	581.843	870.008	301.748	517.349	972.698	358.768	223.789	1052.804	388.288	198.040	910.420	310.610	262.625	978.674	478.269	449.531	1058.148	471.410	390.413	1089.014	485.258	334.370	1059.473	381.703	579.949	746.566	314.275	591.570	782.521	266.521	601.425	666.671	326.337	588.823	635.484	215.198	586.579	497.497	227.349	454.158	481.050	305.913	594.810	387.712	236.961	592.617	369.305	275.321	591.436	265.502	331.454	593.152	285.163	428.866	533.589	78.111	380.371	570.745	104.766	352.984	484.035	103.496	213.498	597.890	35.380	206.728	503.515	40.180	360.027	193.548	742.551	288.935	197.708	773.838	242.610	187.284	661.124	296.697	184.402	632.693	235.702	189.851	501.482	227.604	316.596	460.669	302.484	172.097	362.981	231.909	203.222	348.143	264.520	205.751	245.745	322.484	184.895	256.120	428.971	238.446	67.934	371.031	203.230	100.409	343.937	296.623	108.402	210.549	188.002	37.486	197.850	266.657	43.492	396.889	392.078	1213.133	214.806	391.436	1481.542	323.726	476.727	1368.375	324.527	306.736	1357.820	72.168	388.829	1696.097	-51.438	362.496	1606.565	67.990	287.920	1587.660	32.443	481.467	1602.671	126.637	573.204	1439.148	181.941	661.346	1261.723	230.407	719.099	1368.675	251.416	739.222	1267.708	285.310	772.114	1219.947	372.304	706.251	1242.104	282.387	662.103	1134.077	327.308	782.986	1110.040	329.307	697.151	1051.469	394.106	606.893	1026.049	338.361	664.652	977.524	327.416	604.832	988.480	120.947	222.136	1447.934	161.086	143.490	1257.818	197.560	51.796	1343.941	218.068	57.324	1243.267	263.231	4.427	1183.545	352.712	58.528	1226.141	317.172	126.128	1163.907	257.302	41.263	1101.273	322.187	108.761	1063.324	385.669	170.871	1013.867	359.342	110.759	949.667	336.920	162.596	972.732
356.118	554.926	1049.499	409.290	581.983	868.779	302.867	517.373	970.985	359.461	223.805	1051.340	389.221	197.965	909.208	311.593	262.670	977.153	479.122	449.621	1057.232	472.113	390.520	1088.116	486.132	334.490	1058.499	382.276	580.042	745.606	314.869	591.668	781.570	266.771	601.670	666.077	326.437	588.993	634.651	214.670	586.820	497.078	226.920	454.423	480.820	305.394	594.975	387.540	236.509	592.801	369.029	275.044	591.539	265.259	331.047	593.297	284.961	428.916	533.585	78.041	380.359	570.796	104.711	353.005	484.049	103.475	213.531	597.905	35.400	206.742	503.518	40.197	360.381	193.487	741.634	289.447	197.651	773.191	242.618	187.079	660.749	296.564	184.246	632.026	234.976	189.624	501.143	226.920	316.434	460.412	301.762	171.901	362.730	231.277	203.170	347.791	264.093	205.691	245.543	321.977	184.758	255.979	428.969	238.413	67.953	371.004	203.209	100.394	343.893	296.593	108.429	210.574	188.001	37.518	197.875	266.657	43.512	396.704	392.116	1211.803	213.411	391.433	1479.316	322.721	476.838	1366.694	323.615	306.752	1356.108	70.524	388.903	1693.282	-52.950	362.591	1603.622	66.455	288.035	1584.768	30.773	481.466	1599.699	125.355	573.237	1436.626	181.322	661.298	1259.155	229.105	719.265	1366.456	250.660	739.379	1265.600	284.743	772.223	1218.095	371.659	706.600	1240.642	282.437	662.172	1132.171	327.207	783.092	1108.198	329.766	697.220	1049.790	394.855	607.099	1024.813	339.237	664.714	975.942	328.355	604.835	986.841	119.528	222.218	1445.254	160.455	143.600	1255.311	196.429	51.812	1341.557	217.394	57.323	1240.936	262.890	4.480	1181.483	352.402	58.536	1224.658	316.981	126.070	1162.213	257.448	41.363	1099.128	322.597	108.827	1061.706	386.436	170.832	1012.579	360.541	110.928	948.302	337.993	162.687	971.218
356.709	554.939	1048.025	410.334	582.155	867.581	304.013	517.370	969.228	359.985	223.780	1049.721	390.731	197.790	908.331	312.746	262.776	975.666	479.939	449.761	1056.288	473.570	390.489	1087.683	486.971	334.573	1057.500	382.896	580.110	744.410	315.606	591.858	780.611	267.027	601.973	665.527	326.530	589.139	633.711	214.168	587.082	496.703	226.482	454.677	480.532	304.871	595.139	387.393	236.021	592.977	368.712	274.765	591.704	264.942	330.707	593.417	284.773	428.958	533.618	78.015	380.383	570.822	104.645	353.030	484.076	103.460	213.545	597.907	35.420	206.785	503.516	40.198	360.821	193.450	740.712	290.012	197.518	772.629	242.656	186.879	660.323	296.421	184.036	631.402	234.286	189.488	500.789	226.180	316.295	460.095	301.005	171.682	362.522	230.667	203.081	347.471	263.630	205.573	245.282	321.540	184.629	255.811	428.941	238.377	67.907	370.969	203.184	100.386	343.840	296.560	108.445	210.573	187.995	37.533	197.885	266.655	43.504	396.574	392.137	1210.422	211.959	391.510	1476.956	321.739	476.956	1364.883	322.666	306.746	1354.365	68.841	389.004	1690.407	-54.513	362.636	1600.564	64.882	288.145	1581.949	29.319	481.577	1596.906	123.924	573.240	1433.977	180.666	661.304	1256.834	227.803	719.452	1364.177	249.773	739.510	1263.466	284.161	772.282	1215.911	371.017	706.936	1239.139	282.561	662.211	1130.294	327.207	783.212	1106.608	330.124	697.264	1048.036	395.655	607.256	1023.513	340.130	664.787	974.456	329.276	604.883	985.267	118.027	222.266	1442.554	160.234	143.982	1252.357	195.252	51.846	1339.115	216.768	57.373	1238.647	262.500	4.538	1179.336	351.819	58.202	1222.975	316.839	125.987	1160.409	257.605	41.510	1096.950	323.105	108.869	1059.891	387.473	170.828	1011.249	361.537	111.018	946.926	339.085	162.786	969.857
357.480	554.940	1046.580	411.135	582.298	866.138	305.118	517.403	967.507	360.640	223.791	1048.246	391.333	197.810	906.757	313.948	262.882	973.870	480.627	449.924	1055.175	474.255	390.639	1086.758	487.651	334.851	1056.657	383.396	580.220	743.369	316.259	592.019	779.845	267.282	602.272	664.938	326.630	589.315	632.920	213.737	587.348	496.237	226.062	454.975	480.287	304.340	595.315	387.168	235.528	593.150	368.368	274.479	591.815	264.654	330.379	593.552	284.604	428.993	533.636	77.954	380.371	570.872	104.572	353.059	484.087	103.426	213.569	597.908	35.423	206.804	503.540	40.219	361.216	193.311	739.729	291.145	197.375	772.142	242.639	186.658	659.946	296.275	183.832	630.789	233.603	189.294	500.493	225.571	316.138	459.853	300.281	171.485	362.276	230.030	202.966	347.173	263.260	205.562	244.964	321.078	184.522	255.644	428.965	238.352	67.921	370.942	203.153	100.384	343.790	296.547	108.448	210.597	187.988	37.573	197.875	266.658	43.540	396.397	392.153	1208.992	210.502	391.561	1474.648	320.716	477.050	1363.128	321.739	306.726	1352.558	67.179	389.028	1687.543	-56.066	362.715	1597.500	63.425	288.202	1579.031	27.756	481.679	1594.010	122.530	573.273	1431.249	179.981	661.355	1254.406	226.503	719.647	1361.949	249.008	739.690	1261.314	283.561	772.442	1213.929	370.365	707.239	1237.562	282.571	662.195	1128.420	327.079	783.338	1104.686	330.552	697.350	1046.439	396.305	607.456	1022.079	340.976	664.850	972.751	330.214	604.876	983.793	116.558	222.372	1439.681	159.711	144.114	1249.671	194.131	51.867	1336.590	216.127	57.433	1236.185	262.139	4.569	1177.116	351.058	58.048	1221.365	316.688	125.929	1158.721	257.769	41.644	1094.783	323.574	108.962	1058.256	388.496	170.834	1009.944	362.669	111.154	945.303	340.208	162.867	968.390
358.055	554.932	1044.970	412.212	582.492	864.931	306.245	517.418	965.767	361.318	223.776	1046.799	392.716	197.652	905.834	316.230	263.686	972.235	481.432	450.060	1054.206	474.835	390.790	1085.770	488.640	334.769	1055.463	383.934	580.268	742.144	317.051	592.267	778.976	267.543	602.545	664.276	326.753	589.481	632.017	213.206	587.652	495.796	225.594	455.266	480.010	303.792	595.484	386.954	234.999	593.300	367.975	274.140	591.933	264.262	330.071	593.693	284.498	429.013	533.656	77.910	380.362	570.917	104.539	353.070	484.111	103.402	213.599	597.928	35.429	206.850	503.559	40.211	361.594	193.179	738.783	291.652	197.245	771.421	242.374	186.370	659.677	296.179	183.641	630.385	232.862	189.117	500.122	224.972	316.020	459.564	299.628	171.313	362.124	229.400	202.879	346.840	262.841	205.533	244.689	320.590	184.402	255.560	428.958	238.318	67.940	370.934	203.141	100.374	343.727	296.492	108.389	210.617	187.985	37.580	197.920	266.648	43.529	396.263	392.157	1207.609	209.125	391.608	1472.288	319.720	477.160	1361.251	320.819	306.772	1350.795	65.514	389.107	1684.659	-57.632	362.769	1594.460	61.932	288.268	1576.202	26.339	481.739	1591.033	121.144	573.317	1428.498	179.369	661.400	1251.777	225.141	719.819	1359.623	248.052	739.728	1259.105	282.953	772.540	1211.828	369.723	707.576	1235.999	282.694	662.276	1126.299	327.055	783.454	1102.967	330.954	697.425	1044.641	397.046	607.634	1020.667	341.723	664.898	971.135	331.173	604.917	982.207	115.136	222.450	1436.917	159.192	144.253	1247.036	192.928	51.855	1334.068	215.456	57.431	1233.855	261.747	4.663	1174.891	350.186	57.853	1219.562	316.538	125.854	1156.893	257.920	41.783	1092.505	324.069	108.992	1056.467	388.280	170.480	1008.604	363.789	111.244	943.860	341.307	162.947	966.953
358.747	554.920	1043.394	413.287	582.690	863.653	307.378	517.438	963.878	362.026	223.813	1045.197	393.838	197.579	904.511	317.986	264.125	970.518	482.305	450.170	1053.217	475.277	390.893	1084.653	489.958	334.967	1055.428	384.463	580.347	741.071	317.767	592.453	778.153	267.732	602.806	663.575	326.832	589.606	631.104	212.700	587.953	495.370	225.152	455.567	479.749	303.222	595.660	386.663	234.492	593.479	367.595	273.642	591.979	263.904	329.757	593.841	284.389	429.052	533.671	77.887	380.380	570.974	104.502	353.098	484.145	103.371	213.624	597.918	35.446	206.882	503.570	40.270	361.946	193.019	737.956	292.215	197.090	770.831	242.404	186.172	659.278	296.065	183.441	629.743	232.093	188.913	499.797	224.335	315.890	459.349	298.901	171.109	361.949	228.751	202.750	346.515	262.485	205.505	244.432	320.183	184.301	255.404	428.935	238.306	67.921	370.894	203.108	100.357	343.723	296.502	108.454	210.638	187.975	37.608	197.920	266.645	43.552	396.078	392.202	1206.114	207.644	391.668	1469.939	318.744	477.280	1359.385	319.893	306.754	1348.955	63.816	389.113	1681.731	-59.155	362.810	1591.378	60.386	288.327	1573.226	24.778	481.791	1588.025	119.537	573.311	1425.604	178.576	661.332	1249.453	223.849	720.008	1357.246	247.177	739.853	1256.825	282.355	772.665	1209.783	369.075	707.864	1234.370	282.837	662.294	1124.529	327.023	783.552	1101.041	331.382	697.490	1042.877	397.781	607.783	1019.309	342.569	664.980	969.555	332.037	604.967	980.503	113.693	222.512	1434.089	158.618	144.376	1244.325	191.785	51.942	1331.446	214.690	57.399	1231.351	261.441	4.698	1172.646	349.348	57.499	1217.699	316.452	125.746	1155.030	258.134	41.879	1090.288	324.602	109.037	1054.605	389.521	170.255	1007.084	364.882	111.312	942.295	342.348	163.038	965.447
359.348	554.874	1041.906	414.347	582.936	862.433	308.324	517.429	962.007	362.776	223.836	1043.654	394.814	197.427	903.494	319.371	264.380	968.925	483.067	450.274	1052.153	475.774	390.940	1083.464	490.954	335.302	1054.602	385.104	580.482	739.992	318.493	592.710	777.209	267.979	603.098	662.962	326.946	589.800	630.217	212.141	588.247	494.900	224.739	455.844	479.507	302.696	595.837	386.430	234.015	593.701	367.284	273.315	592.058	263.630	329.407	594.001	284.236	429.078	533.680	77.791	380.380	570.991	104.449	353.101	484.153	103.381	213.642	597.952	35.436	206.918	503.600	40.282	362.332	192.863	737.056	292.690	196.928	770.264	242.427	185.997	658.864	295.977	183.239	629.094	231.415	188.693	499.492	223.670	315.731	459.101	298.201	170.926	361.705	228.166	202.700	346.134	262.093	205.474	244.178	319.757	184.227	255.234	428.949	238.302	67.886	370.864	203.070	100.334	343.624	296.447	108.392	210.645	187.987	37.612	197.928	266.643	43.557	395.943	392.199	1204.669	206.194	391.730	1467.458	317.714	477.398	1357.491	318.971	306.757	1347.120	62.112	389.185	1678.736	-60.659	362.825	1588.351	58.889	288.355	1570.289	23.288	481.861	1585.084	118.127	573.336	1422.778	178.118	661.351	1246.695	222.545	720.173	1354.899	247.274	740.271	1254.723	281.712	772.817	1207.664	368.439	708.200	1232.773	282.827	662.406	1122.406	326.992	783.679	1099.172	331.699	697.556	1041.179	398.578	607.954	1017.917	343.507	665.031	967.870	332.957	604.989	978.861	112.247	222.581	1431.153	158.023	144.488	1241.641	190.658	51.971	1328.808	214.861	57.998	1228.878	261.018	4.760	1170.264	348.511	57.452	1215.815	316.303	125.632	1153.105	258.325	41.985	1087.963	325.761	109.091	1052.830	392.109	170.735	1005.674	365.933	111.443	940.698	343.451	163.093	963.870
360.007	554.873	1040.336	415.240	583.165	860.941	309.475	517.426	960.198	364.059	223.906	1042.218	396.023	197.264	902.234	320.489	264.442	967.282	483.804	450.444	1050.996	475.936	390.964	1082.001	491.497	335.229	1053.234	385.605	580.590	738.881	319.221	592.988	776.518	268.259	603.400	662.274	326.997	589.933	629.261	211.549	588.555	494.572	224.280	456.167	479.226	302.132	596.067	386.203	233.460	593.912	366.957	273.204	592.274	263.354	329.055	594.173	284.160	429.089	533.706	77.801	380.363	571.060	104.423	353.105	484.181	103.361	213.653	597.950	35.466	206.935	503.605	40.301	362.698	192.753	736.058	293.307	196.785	769.623	242.512	185.824	658.423	295.809	182.980	628.387	230.724	188.536	499.186	222.961	315.607	458.777	297.554	170.750	361.521	227.590	202.643	345.811	261.734	205.439	243.939	319.329	184.139	255.094	428.948	238.281	67.900	370.840	203.056	100.310	343.592	296.428	108.400	210.669	187.980	37.617	197.963	266.635	43.537	395.760	392.239	1203.142	204.792	391.736	1464.933	316.706	477.485	1355.522	318.071	306.739	1345.195	60.517	389.247	1675.897	-62.219	362.787	1585.125	57.340	288.432	1567.318	21.725	481.900	1582.002	116.892	573.417	1420.032	177.439	661.379	1244.232	221.283	720.324	1352.492	245.590	740.213	1252.292	281.003	772.979	1205.441	367.781	708.505	1231.058	283.414	662.608	1120.380	326.974	783.788	1097.277	332.165	697.653	1039.321	399.276	608.147	1016.401	344.309	665.072	966.103	333.922	605.048	977.209	110.908	222.699	1428.137	157.453	144.669	1238.893	189.487	51.975	1326.169	214.196	58.017	1226.122	260.663	4.823	1168.030	347.743	57.222	1213.842	316.630	125.462	1151.381	258.491	42.123	1085.633	326.235	109.149	1050.986	393.050	170.667	1004.320	366.990	111.515	939.039	344.619	163.178	962.364
360.684	554.867	1038.686	416.269	583.376	859.651	310.566	517.439	958.268	364.900	223.950	1040.713	396.844	197.155	900.812	321.578	264.553	965.573	484.548	450.554	1049.930	476.552	391.065	1080.890	492.113	335.400	1051.956	386.099	580.699	737.578	320.000	593.230	775.631	268.494	603.668	661.660	327.116	590.103	628.378	210.714	588.885	494.339	223.824	456.509	478.889	301.599	596.258	386.006	232.909	594.109	366.626	272.899	592.432	263.107	328.690	594.333	284.020	429.102	533.718	77.740	380.351	571.099	104.367	353.114	484.222	103.339	213.677	597.977	35.471	206.923	503.624	40.312	363.171	192.640	735.002	293.917	196.620	768.878	242.606	185.678	657.993	295.770	182.752	627.728	230.042	188.371	498.849	222.259	315.457	458.559	296.838	170.554	361.332	226.966	202.543	345.453	261.379	205.399	243.674	318.873	184.031	254.954	428.946	238.256	67.882	370.812	203.048	100.276	343.528	296.423	108.372	210.687	187.972	37.651	197.963	266.619	43.554	395.603	392.249	1201.578	203.331	391.816	1462.398	315.715	477.607	1353.599	317.176	306.748	1343.292	58.861	389.323	1672.782	-63.740	362.853	1581.936	55.829	288.467	1564.273	20.167	481.965	1578.898	115.490	573.457	1417.089	176.838	661.388	1241.568	219.894	720.506	1349.951	244.720	740.405	1249.964	280.421	773.111	1203.227	367.121	708.830	1229.401	283.369	662.682	1118.108	326.928	783.929	1095.254	332.575	697.701	1037.389	400.042	608.299	1014.960	345.167	665.108	964.412	334.814	605.086	975.539	109.425	222.705	1425.293	157.048	144.767	1235.942	188.426	52.027	1323.521	213.601	58.059	1223.639	260.327	4.881	1165.659	347.030	57.110	1211.897	316.565	125.364	1149.489	258.689	42.240	1083.311	326.764	109.167	1049.037	394.068	170.652	1002.818	368.278	111.748	937.418	345.682	163.278	960.771
361.198	554.837	1037.059	417.204	583.514	858.249	311.647	517.445	956.477	365.694	223.970	1039.076	398.073	196.962	899.844	322.592	264.526	963.971	485.410	450.637	1048.822	477.144	391.100	1079.774	492.842	335.457	1050.590	387.503	581.986	736.306	320.625	593.413	774.698	268.706	603.965	661.009	326.541	589.641	627.584	209.397	589.035	494.381	223.342	456.845	478.496	301.076	596.474	385.823	232.360	594.338	366.288	272.520	592.544	262.884	328.262	594.474	283.747	429.109	533.749	77.730	380.328	571.145	104.327	353.076	484.261	103.311	213.701	598.005	35.476	206.957	503.671	40.331	363.555	192.548	734.019	294.396	196.397	768.276	242.715	185.472	657.518	295.771	182.549	627.065	229.367	188.196	498.445	221.626	315.307	458.344	296.150	170.407	361.037	226.322	202.459	345.117	260.998	205.430	243.342	318.467	183.948	254.814	428.959	238.247	67.902	370.784	203.019	100.262	343.458	296.388	108.360	210.705	187.967	37.647	197.972	266.605	43.570	395.447	392.309	1200.078	201.865	391.876	1459.900	314.690	477.735	1351.603	316.246	306.763	1341.393	57.258	389.378	1669.707	-65.267	362.952	1578.689	54.290	288.559	1561.198	18.722	482.041	1575.822	113.889	573.476	1414.024	176.134	661.371	1238.948	218.579	720.636	1347.488	243.839	740.515	1247.549	279.833	773.240	1200.971	366.464	709.142	1227.664	283.529	662.732	1116.097	327.085	784.033	1093.471	332.928	697.781	1035.707	400.799	608.494	1013.440	345.996	665.132	962.823	335.752	605.160	973.764	108.004	222.755	1422.355	156.491	144.894	1233.190	187.261	52.069	1320.798	212.984	58.110	1221.053	259.951	4.913	1163.232	346.393	56.926	1209.865	316.410	125.321	1147.565	258.890	42.369	1080.873	327.220	109.252	1047.182	394.963	170.589	1001.246	369.396	111.824	935.747	346.748	163.362	959.175
361.944	554.789	1035.537	418.077	583.592	856.792	312.769	517.422	954.689	366.363	223.955	1037.464	399.183	196.834	898.419	323.537	264.480	962.214	486.203	450.760	1047.821	477.809	391.196	1078.635	493.511	335.608	1049.271	388.177	582.182	735.217	321.389	593.656	773.750	268.996	604.297	660.360	326.576	589.744	626.611	208.754	589.372	493.977	222.859	457.147	478.095	300.511	596.701	385.656	231.837	594.532	366.008	272.188	592.690	262.678	327.867	594.657	283.621	429.094	533.756	77.677	380.268	571.192	104.298	353.059	484.261	103.307	213.698	598.022	35.462	206.969	503.693	40.321	364.045	192.435	733.018	295.005	196.256	767.486	242.764	185.238	657.081	295.760	182.321	626.446	228.657	188.004	498.003	220.901	315.147	458.154	295.502	170.252	360.843	225.696	202.354	344.795	260.623	205.397	243.035	318.025	183.836	254.627	429.084	238.225	68.100	370.655	203.160	100.144	343.428	296.388	108.347	210.731	187.954	37.666	197.990	266.605	43.568	395.341	392.360	1198.560	200.454	391.962	1457.382	313.697	477.817	1349.531	315.575	306.666	1339.606	55.596	389.455	1666.640	-66.778	363.038	1575.448	52.786	288.587	1558.099	17.134	482.058	1572.674	112.498	573.529	1411.072	175.498	661.430	1236.163	217.282	720.830	1344.902	242.958	740.621	1245.088	279.329	773.358	1198.723	365.822	709.494	1225.910	283.606	662.839	1113.784	327.099	784.150	1091.400	333.385	697.822	1033.611	401.592	608.642	1012.007	346.774	665.166	960.946	336.585	605.189	972.096	106.621	222.817	1419.295	155.935	145.045	1230.334	186.097	52.068	1317.964	212.424	58.208	1218.527	259.647	4.975	1160.821	345.714	56.845	1207.915	316.305	125.238	1145.504	259.130	42.507	1078.549	327.709	109.267	1045.207	395.915	170.587	999.804	370.384	111.936	934.111	347.858	163.432	957.542
362.566	554.778	1033.825	419.084	583.730	855.373	313.809	517.464	952.722	367.148	223.969	1036.009	399.921	196.717	897.128	324.469	264.426	960.541	486.906	450.881	1046.471	478.396	391.237	1077.491	494.120	335.631	1048.011	388.682	582.340	733.896	322.093	593.808	772.762	269.152	604.549	659.678	326.582	589.887	625.767	208.124	589.690	493.610	222.425	457.434	477.757	299.924	596.935	385.462	231.704	594.682	365.718	271.865	592.835	262.441	327.480	594.814	283.515	429.087	533.781	77.647	380.237	571.238	104.253	353.029	484.291	103.290	213.711	598.058	35.475	206.966	503.729	40.341	364.431	192.263	732.156	295.581	196.118	766.800	242.918	185.032	656.545	295.751	182.064	625.701	227.998	187.799	497.658	218.815	314.730	458.551	294.834	170.099	360.531	225.159	202.286	344.466	260.211	205.375	242.800	317.589	183.723	254.445	428.959	238.219	67.881	370.721	202.997	100.241	343.364	296.386	108.331	210.745	187.959	37.701	198.016	266.604	43.569	395.151	392.386	1196.952	198.972	391.995	1454.801	312.702	477.991	1347.525	314.688	306.630	1337.703	53.930	389.514	1663.592	-68.319	363.128	1572.238	51.306	288.654	1554.979	15.705	482.125	1569.577	111.120	573.600	1408.070	174.944	661.451	1233.294	215.896	720.981	1342.275	242.195	740.776	1242.733	278.611	773.541	1196.365	365.136	709.801	1224.077	283.599	662.847	1111.814	327.036	784.252	1089.328	333.811	697.909	1031.759	402.339	608.855	1010.464	347.732	665.233	959.154	337.490	605.257	970.385	105.323	222.958	1416.157	155.386	145.199	1227.357	185.050	52.094	1315.275	211.892	58.312	1215.847	259.324	5.062	1158.339	345.469	56.589	1206.250	316.226	125.164	1143.481	259.238	42.648	1076.039	328.191	109.315	1043.251	395.939	170.614	998.270	371.360	112.033	932.383	348.905	163.492	955.874
363.115	554.720	1032.136	420.058	583.918	854.047	314.890	517.460	950.949	367.971	224.011	1034.417	401.240	196.566	895.993	325.387	264.369	958.854	487.656	450.969	1045.427	479.042	391.312	1076.326	495.094	335.725	1046.862	389.158	582.452	732.746	322.818	594.048	771.942	269.310	604.809	659.024	326.595	590.057	624.832	207.469	590.026	493.262	222.073	457.724	477.368	299.313	597.184	385.241	231.168	594.895	365.416	271.489	592.991	262.232	327.127	595.024	283.429	429.079	533.773	77.635	380.192	571.307	104.235	352.988	484.317	103.263	213.725	598.083	35.452	206.953	503.753	40.360	364.913	192.199	731.167	296.094	195.956	766.098	243.070	184.831	656.024	295.756	181.821	624.886	227.375	187.654	497.356	217.990	314.523	458.190	294.227	169.948	360.354	224.521	202.185	344.195	259.835	205.355	242.516	317.151	183.626	254.238	429.092	238.225	68.072	370.591	203.153	100.118	343.339	296.393	108.318	210.771	187.952	37.699	198.014	266.594	43.580	395.006	392.461	1195.364	197.531	392.108	1452.205	311.694	478.128	1345.441	313.824	306.682	1335.690	52.280	389.535	1660.442	-69.844	363.200	1568.913	49.806	288.732	1551.877	14.252	481.989	1566.373	109.636	573.641	1405.041	174.259	661.509	1230.588	214.683	721.114	1339.760	241.336	740.894	1240.198	278.047	773.658	1194.072	364.461	710.158	1222.279	283.686	662.938	1109.540	326.987	784.351	1087.171	334.166	697.989	1029.889	403.103	609.011	1008.928	348.670	665.292	957.398	338.330	605.303	968.549	103.931	223.020	1413.054	154.909	145.311	1224.469	183.915	52.146	1312.407	211.288	58.382	1213.060	259.000	5.094	1155.825	344.963	56.420	1204.273	316.102	125.062	1141.352	259.469	42.804	1073.600	328.747	109.387	1041.267	397.013	170.595	996.669	372.489	112.178	930.760	349.998	163.572	954.235
363.901	554.704	1030.502	420.922	584.073	852.388	315.835	517.496	949.033	368.755	224.026	1032.738	402.171	196.402	894.466	326.325	264.274	957.141	488.578	451.035	1044.223	479.597	391.368	1075.163	495.752	335.803	1045.724	389.706	582.531	731.412	323.559	594.295	770.948	269.551	605.108	658.422	326.578	590.188	623.836	206.765	590.316	492.873	221.698	458.028	476.910	298.738	597.434	385.079	230.605	595.135	365.088	271.149	593.180	262.028	326.728	595.176	283.264	429.064	533.805	77.648	380.137	571.343	104.169	352.953	484.349	103.248	213.728	598.099	35.452	206.947	503.784	40.337	365.573	192.206	729.922	296.755	195.816	765.317	243.238	184.558	655.404	295.817	181.652	624.185	226.771	187.514	496.932	217.207	314.383	457.984	293.623	169.828	360.118	223.941	202.145	343.891	259.450	205.338	242.241	316.718	183.530	254.029	429.086	238.198	68.061	370.563	203.146	100.105	343.284	296.372	108.304	210.782	187.949	37.727	198.037	266.576	43.583	394.840	392.472	1193.800	196.107	392.187	1449.610	310.695	478.227	1343.333	312.933	306.699	1333.719	50.580	389.591	1657.239	-71.366	363.278	1565.530	48.291	288.786	1548.692	12.685	482.043	1563.137	108.261	573.702	1401.922	173.945	661.445	1227.521	213.403	721.268	1337.119	240.437	741.007	1237.692	277.348	773.765	1191.677	363.812	710.476	1220.378	283.863	662.970	1107.344	326.953	784.460	1085.038	334.549	698.027	1027.853	403.886	609.205	1007.401	349.548	665.310	955.497	339.121	605.357	966.825	102.482	223.019	1410.061	154.434	145.468	1221.601	182.804	52.191	1309.500	210.648	58.354	1210.429	258.661	5.187	1153.346	344.476	56.302	1202.282	317.430	125.565	1139.551	259.671	42.938	1071.155	329.179	109.421	1039.178	397.838	170.526	995.067	373.552	112.238	928.831	351.043	163.600	952.551
364.385	554.664	1028.783	421.980	584.299	850.971	317.001	517.532	947.307	369.451	224.058	1031.137	403.171	196.210	893.329	327.325	264.211	955.372	489.337	451.080	1043.058	480.247	391.450	1073.941	496.656	335.817	1044.436	390.206	582.599	730.272	324.265	594.530	770.100	269.781	605.420	657.792	326.602	590.369	622.975	206.138	590.639	492.536	221.266	458.320	476.502	298.106	597.681	384.769	230.063	595.358	364.699	270.778	593.353	261.719	326.535	595.723	282.944	429.044	533.778	77.642	380.082	571.395	104.165	352.922	484.373	103.233	213.715	598.116	35.455	207.015	503.757	40.333	365.928	192.025	728.859	297.363	195.640	764.593	243.415	184.338	654.942	295.855	181.425	623.426	226.163	187.277	496.528	216.548	314.208	457.831	292.979	169.663	359.881	223.355	202.048	343.553	259.087	205.305	241.968	316.305	183.447	253.828	429.086	238.188	68.060	370.542	203.145	100.088	343.227	296.398	108.288	210.791	187.939	37.745	198.052	266.567	43.598	394.689	392.518	1192.113	194.677	392.287	1446.920	309.673	478.404	1341.228	312.075	306.693	1331.631	48.987	389.610	1654.037	-72.872	363.371	1562.170	46.728	288.845	1545.547	11.187	482.122	1559.901	106.876	573.769	1398.818	172.922	661.596	1224.934	212.125	721.420	1334.464	239.584	741.206	1235.115	276.744	773.885	1189.212	363.131	710.808	1218.556	283.974	663.033	1105.114	326.920	784.552	1082.864	334.922	698.068	1025.927	404.691	609.399	1005.837	350.416	665.323	953.632	339.909	605.473	965.093	101.061	222.933	1407.026	153.895	145.625	1218.584	181.653	52.207	1306.634	210.137	58.472	1207.756	258.326	5.267	1150.793	343.939	56.211	1200.269	317.284	125.507	1137.316	259.846	43.089	1068.601	329.901	109.411	1037.273	398.382	170.481	993.391	374.506	112.318	927.064	352.014	163.661	950.794
364.971	554.600	1027.071	423.060	584.535	849.737	317.665	517.516	945.317	370.211	224.089	1029.525	418.471	188.139	894.191	328.296	264.189	953.558	490.019	451.200	1041.788	480.861	391.520	1072.794	497.497	335.840	1043.278	390.661	582.661	728.988	324.893	594.623	769.099	269.935	605.696	657.223	326.598	590.482	621.954	205.474	590.976	492.164	220.907	458.590	476.075	297.508	597.928	384.567	229.488	595.563	364.331	270.375	593.512	261.467	326.158	595.892	282.805	429.019	533.778	77.634	380.027	571.446	104.149	352.876	484.391	103.232	213.762	598.147	35.453	207.020	503.774	40.332	366.389	191.965	727.755	298.381	195.840	763.527	243.613	184.101	654.327	295.934	181.252	622.656	225.539	187.100	496.143	215.849	314.083	457.628	292.356	169.504	359.685	222.800	201.954	343.210	258.780	205.299	241.624	315.889	183.381	253.617	429.094	238.197	68.062	370.503	203.145	100.056	343.198	296.410	108.286	210.825	187.946	37.754	198.081	266.577	43.606	394.512	392.590	1190.509	193.161	392.352	1444.212	308.671	478.548	1339.023	311.187	306.713	1329.567	47.298	389.685	1650.886	-74.414	363.458	1558.748	45.244	288.869	1542.299	9.801	482.187	1556.658	105.441	573.818	1395.658	172.341	661.617	1222.064	210.789	721.563	1331.650	238.697	741.357	1232.509	276.135	774.056	1186.807	362.489	711.108	1216.566	284.064	663.055	1102.865	326.895	784.646	1080.736	335.308	698.111	1023.923	405.467	609.594	1004.265	351.359	665.341	951.835	340.658	605.526	963.320	99.847	223.086	1403.761	153.358	145.800	1215.595	180.561	52.254	1303.719	209.561	58.548	1204.897	258.029	5.338	1148.279	343.433	56.139	1198.226	317.322	125.477	1135.262	260.038	43.224	1066.051	330.407	109.459	1035.203	399.390	170.429	991.679	375.376	112.375	925.422	353.096	163.725	949.117
365.728	554.594	1025.328	423.989	584.783	848.314	318.576	517.578	943.368	371.040	224.123	1027.894	417.642	188.820	892.508	329.164	264.035	951.871	490.897	451.247	1040.515	481.474	391.544	1071.526	498.288	335.832	1042.118	390.193	581.456	727.806	325.650	594.914	768.383	270.096	605.957	656.532	326.554	590.693	620.983	204.713	591.299	491.732	220.368	458.872	475.725	296.883	598.188	384.412	228.875	595.777	363.979	269.978	593.581	261.102	325.542	595.788	282.907	428.988	533.788	77.685	379.962	571.490	104.119	352.824	484.413	103.241	213.748	598.167	35.448	206.941	503.852	40.333	366.759	191.828	726.787	298.983	195.627	762.672	243.799	183.823	653.717	295.951	181.096	621.783	224.935	186.949	495.759	215.119	313.968	457.321	291.722	169.318	359.458	222.289	201.840	342.868	258.486	205.410	241.375	315.486	183.303	253.478	429.098	238.196	68.044	370.470	203.134	100.058	343.140	296.438	108.260	210.814	187.939	37.778	198.093	266.576	43.618	394.385	392.610	1188.840	191.793	392.446	1441.512	307.638	478.693	1336.848	310.284	306.736	1327.464	45.663	389.682	1647.721	-75.903	363.551	1555.336	43.769	288.923	1539.049	8.266	482.231	1553.311	103.771	573.754	1392.490	172.091	661.536	1218.782	209.463	721.640	1328.942	238.488	741.709	1230.147	275.512	774.132	1184.325	361.796	711.470	1214.669	284.201	663.113	1100.592	326.822	784.723	1078.478	335.673	698.137	1021.845	406.287	609.761	1002.650	352.229	665.354	949.967	341.463	605.576	961.462	98.488	223.139	1400.574	152.931	145.904	1212.605	179.501	52.288	1300.707	208.971	58.555	1202.244	257.672	5.424	1145.616	342.966	56.029	1196.154	317.213	125.435	1133.032	260.234	43.403	1063.566	330.837	109.460	1033.116	401.413	170.228	990.021	376.353	112.371	923.424	354.006	163.734	947.311
366.309	554.574	1023.585	424.978	584.959	846.701	319.188	517.685	941.642	371.746	224.151	1026.103	419.326	188.167	891.398	330.305	264.131	949.884	491.687	451.286	1039.387	482.041	391.593	1070.330	499.044	335.863	1040.847	390.661	581.526	726.737	326.028	595.099	767.329	270.283	606.245	655.672	326.555	590.883	620.144	203.990	591.617	491.440	219.867	459.234	475.389	296.264	598.461	384.197	228.297	596.001	363.695	269.560	593.728	260.865	325.288	596.963	282.264	428.973	533.787	77.696	379.896	571.523	104.112	352.771	484.425	103.241	213.740	598.177	35.436	206.987	503.821	40.323	366.314	190.742	726.345	299.528	195.353	761.874	243.962	183.551	653.094	295.967	180.925	621.021	224.353	186.757	495.428	214.472	313.830	457.171	291.181	169.310	359.122	221.659	201.753	342.516	258.140	205.358	241.163	315.096	183.258	253.305	429.085	238.216	68.050	370.433	203.116	99.998	343.087	296.412	108.222	210.836	187.935	37.786	198.069	266.569	43.683	394.225	392.700	1187.165	190.722	392.653	1438.824	306.651	478.874	1334.630	309.392	306.778	1325.308	44.014	389.798	1644.410	-77.421	363.664	1551.896	42.220	288.992	1535.737	6.796	482.268	1550.027	102.342	573.813	1389.283	171.409	661.522	1215.785	208.291	721.784	1326.212	237.675	741.811	1227.422	274.907	774.276	1181.735	361.122	711.790	1212.672	284.316	663.110	1098.248	326.799	784.826	1076.281	336.090	698.174	1019.836	407.014	609.945	1001.028	353.180	665.354	947.968	342.204	605.599	959.728	97.086	223.090	1397.471	152.433	146.065	1209.595	178.417	52.364	1297.733	208.412	58.693	1199.420	257.395	5.482	1143.073	342.483	55.931	1194.052	317.222	125.428	1130.927	260.379	43.555	1060.984	331.339	109.496	1031.052	402.285	170.145	988.321	377.224	112.473	921.594	354.996	163.834	945.478
366.900	554.538	1021.825	425.791	585.044	845.142	319.970	517.731	939.683	372.468	224.185	1024.468	420.496	187.865	890.135	331.231	264.031	948.126	492.509	451.324	1038.044	482.698	391.597	1069.039	499.875	335.840	1039.593	391.115	581.646	725.441	326.712	595.389	766.475	270.391	606.473	655.019	326.505	591.000	619.139	203.278	591.960	491.126	219.138	459.598	475.161	295.675	598.745	384.071	227.755	596.239	363.461	269.136	593.877	260.661	324.688	596.652	282.474	428.929	533.784	77.712	379.850	571.569	104.110	352.716	484.439	103.248	213.760	598.184	35.437	206.942	503.915	40.350	367.562	191.581	724.828	300.234	195.191	761.120	244.096	183.253	652.576	296.029	180.721	620.313	223.787	186.535	495.090	213.703	313.729	456.930	290.603	169.221	358.905	221.131	201.613	342.311	257.849	205.327	240.940	314.734	183.203	253.203	429.080	238.228	68.057	370.399	203.115	99.985	343.035	296.446	108.242	210.858	187.938	37.779	198.100	266.551	43.624	394.137	392.732	1185.496	189.273	392.737	1436.041	305.619	479.031	1332.512	308.518	306.786	1323.157	42.149	389.651	1641.244	-78.885	363.781	1548.436	40.696	289.060	1532.433	5.303	482.306	1546.688	100.959	573.834	1386.098	170.796	661.516	1212.917	206.979	721.886	1323.434	236.820	742.010	1224.869	274.281	774.400	1179.193	360.415	712.122	1210.686	284.321	663.140	1095.896	326.732	784.891	1073.936	335.527	697.877	1017.859	407.833	610.056	999.432	354.021	665.308	946.084	342.739	605.663	957.792	95.953	223.235	1394.156	152.016	146.227	1206.509	177.296	52.167	1295.056	207.872	58.780	1196.523	257.111	5.561	1140.496	341.969	55.845	1191.932	317.114	125.377	1128.643	260.506	43.747	1058.413	331.756	109.523	1028.830	403.155	170.073	986.553	378.250	112.562	919.748	355.950	163.892	943.671
367.658	554.489	1020.131	426.840	585.317	843.806	320.713	517.847	937.734	373.915	224.676	1022.994	421.202	187.627	888.512	332.237	264.021	946.390	493.183	451.398	1036.752	483.316	391.661	1067.808	500.705	335.861	1038.385	391.509	581.710	724.209	327.347	595.504	765.371	270.481	606.728	654.412	326.471	591.251	618.213	202.611	592.281	490.784	217.739	460.180	475.348	295.068	599.009	383.885	227.175	596.447	363.206	268.753	593.986	260.430	324.457	597.362	281.964	428.856	533.759	77.759	379.763	571.605	104.087	352.664	484.440	103.236	213.754	598.204	35.443	206.967	503.870	40.347	367.221	190.529	724.159	300.804	194.943	760.247	244.270	182.988	652.003	296.046	180.556	619.511	223.234	186.343	494.696	213.003	313.570	456.642	289.977	169.103	358.709	220.609	201.541	341.930	257.521	205.333	240.646	314.331	183.139	253.037	429.071	238.231	68.026	370.428	203.165	99.890	342.968	296.436	108.232	210.880	187.940	37.801	198.112	266.545	43.647	394.007	392.752	1183.868	187.847	392.808	1433.291	304.778	479.075	1330.521	307.629	306.870	1320.985	40.496	389.678	1637.892	-80.413	363.880	1544.881	39.194	289.152	1529.063	3.865	482.414	1543.282	99.616	573.911	1382.889	170.314	661.599	1209.836	205.640	722.072	1320.430	235.927	742.106	1222.071	273.721	774.524	1176.679	359.743	712.428	1208.628	284.460	663.140	1093.550	326.641	784.959	1071.641	335.846	697.894	1015.819	408.620	610.244	997.860	354.970	665.281	944.135	343.673	605.238	956.327	94.551	223.267	1390.916	151.526	146.400	1203.384	176.235	52.097	1292.089	207.449	58.820	1193.935	256.831	5.642	1137.816	341.491	55.705	1189.710	317.169	125.377	1126.455	260.739	43.935	1055.812	332.328	109.573	1026.707	404.119	169.995	984.922	379.198	112.633	917.713	357.039	163.995	941.946
368.275	554.434	1018.323	427.692	585.452	842.294	321.719	517.777	936.089	374.588	224.644	1021.190	422.083	187.468	887.326	333.318	264.056	944.457	494.033	451.418	1035.502	483.872	391.649	1066.489	501.451	335.851	1037.010	391.991	581.861	722.985	328.014	595.791	764.662	270.614	607.037	653.653	326.438	591.437	617.274	201.942	592.628	490.498	217.096	460.498	475.078	294.466	599.291	383.659	226.535	596.660	362.855	268.388	594.096	260.200	324.018	597.555	281.847	428.842	533.744	77.728	379.699	571.645	104.081	352.588	484.473	103.216	213.760	598.233	35.440	206.955	503.877	40.352	367.608	190.406	723.149	301.367	194.725	759.418	244.457	182.727	651.308	296.028	180.454	618.649	222.650	186.171	494.245	212.309	313.415	456.399	289.249	168.867	358.625	220.036	201.432	341.586	257.186	205.299	240.379	313.939	183.052	252.868	429.071	238.249	68.030	370.327	203.106	99.959	342.885	296.449	108.187	210.886	187.940	37.806	198.126	266.534	43.625	393.912	392.806	1182.112	186.485	392.879	1430.480	303.829	479.196	1328.451	306.709	306.913	1318.777	38.846	389.681	1634.510	-81.890	363.986	1541.308	37.750	289.194	1525.692	2.418	482.458	1539.890	98.232	573.945	1379.559	169.523	661.543	1206.904	204.393	722.190	1317.558	235.157	742.237	1219.340	272.983	774.631	1174.000	359.050	712.770	1206.539	284.552	663.157	1091.107	326.621	785.030	1069.292	336.234	697.871	1013.697	409.360	610.403	996.065	355.798	665.217	942.179	344.203	605.097	954.455	93.141	223.244	1387.731	151.120	146.549	1200.350	175.168	52.093	1289.116	206.857	59.048	1190.756	256.490	5.722	1135.126	341.004	55.628	1187.543	317.059	125.324	1124.189	260.904	44.099	1053.126	332.768	109.618	1024.465	404.983	169.871	983.118	380.122	112.773	915.787	357.936	164.021	940.064
368.835	554.431	1016.469	428.419	585.589	840.683	324.030	517.616	933.932	375.358	224.699	1019.428	422.898	187.329	885.983	334.446	264.110	942.512	494.862	451.409	1034.232	484.434	391.675	1065.204	502.249	335.871	1035.758	392.378	581.991	721.836	328.512	595.696	763.344	270.785	607.339	653.061	326.379	591.601	616.360	201.222	592.956	490.103	216.319	460.813	474.783	293.863	599.564	383.472	225.954	596.871	362.494	268.045	594.208	259.922	323.486	597.023	281.741	428.812	533.743	77.780	379.624	571.697	104.054	352.511	484.487	103.214	213.754	598.252	35.447	206.949	503.912	40.342	368.065	190.275	721.940	301.915	194.510	758.503	244.559	182.456	650.777	296.027	180.324	617.815	222.092	185.974	493.892	211.631	313.272	456.170	288.702	168.781	358.469	219.455	201.287	341.275	256.874	205.231	240.027	313.553	182.976	252.713	429.043	238.258	68.046	370.309	203.105	99.946	342.801	296.452	108.168	210.895	187.921	37.830	198.137	266.527	43.623	393.818	392.849	1180.516	185.048	392.990	1427.576	302.844	479.386	1326.223	305.814	306.981	1316.488	37.199	389.717	1631.116	-83.370	364.068	1537.779	36.255	289.273	1522.297	0.998	482.559	1536.485	96.852	573.998	1376.170	169.056	661.646	1203.865	203.152	722.347	1314.695	234.387	742.454	1216.627	272.360	774.768	1171.363	358.340	713.133	1204.495	284.681	663.201	1088.705	326.565	785.083	1066.837	336.623	697.881	1011.532	410.146	610.550	994.422	356.776	665.210	940.208	345.471	605.245	952.839	91.837	223.237	1384.487	150.622	146.691	1197.217	174.083	52.150	1286.060	206.230	59.032	1187.804	256.209	5.807	1132.358	340.471	55.571	1185.301	317.031	125.323	1121.903	261.107	44.252	1050.559	333.260	109.658	1022.305	405.850	169.789	981.247	380.828	112.865	913.976	358.857	164.086	938.289
369.647	554.427	1014.729	429.386	585.870	839.325	326.439	517.565	932.147	376.130	224.777	1017.761	423.527	187.188	884.374	334.516	263.593	940.771	495.541	451.486	1032.827	484.986	391.692	1063.907	503.033	335.819	1034.446	392.771	582.020	720.587	329.096	595.877	762.476	270.858	607.593	652.522	326.293	591.872	615.521	200.537	593.270	489.781	215.541	461.123	474.440	293.109	599.956	383.206	225.394	597.067	362.146	267.623	594.349	259.715	323.084	597.159	281.634	428.758	533.750	77.798	379.547	571.748	104.053	352.444	484.498	103.214	213.761	598.274	35.447	206.951	503.932	40.373	368.451	190.175	721.067	302.408	194.243	757.807	244.686	182.210	650.266	296.017	180.145	616.987	221.476	185.788	493.492	210.918	313.102	455.902	288.067	168.683	358.123	218.889	201.127	340.956	256.572	205.149	239.732	313.200	182.916	252.581	429.035	238.256	68.064	370.257	203.099	99.936	342.712	296.459	108.168	210.918	187.913	37.837	198.095	266.516	43.710	393.737	392.880	1178.829	183.672	392.951	1424.674	301.885	479.538	1324.009	304.873	307.026	1314.216	35.550	389.729	1627.746	-84.823	364.192	1534.209	34.635	289.393	1518.965	-0.360	482.641	1533.048	95.518	574.098	1372.835	168.420	661.613	1200.661	201.820	722.514	1311.723	233.413	742.583	1213.720	271.769	774.830	1168.638	357.642	713.446	1202.300	284.794	663.178	1086.279	326.523	785.149	1064.561	337.064	697.902	1009.431	410.935	610.726	992.790	357.757	665.202	938.210	346.123	605.062	950.942	90.640	223.362	1381.004	150.114	146.895	1194.078	173.078	52.230	1282.922	205.791	59.116	1185.038	255.911	5.907	1129.742	340.014	55.494	1183.106	317.009	125.285	1119.552	261.280	44.434	1047.888	333.686	109.706	1020.068	406.762	169.714	979.489	381.770	113.046	911.987	359.866	164.211	936.530
370.229	554.422	1012.929	430.404	586.174	837.998	327.312	517.517	930.331	376.785	224.789	1015.951	424.067	187.184	882.960	336.493	264.132	938.873	496.382	451.500	1031.511	485.616	391.703	1062.560	503.751	335.825	1033.105	393.182	582.234	719.429	329.794	596.049	761.575	270.974	607.878	651.940	326.248	592.083	614.583	199.842	593.597	489.413	214.727	461.446	474.232	292.450	600.222	382.963	224.810	597.304	361.875	267.276	594.494	259.540	322.725	597.329	281.506	428.735	533.714	77.816	379.496	571.793	104.049	352.379	484.512	103.212	213.750	598.269	35.454	206.923	503.947	40.363	368.910	190.101	719.831	303.115	194.038	756.969	244.842	181.975	649.665	295.974	179.959	616.198	220.887	185.575	493.139	210.137	312.970	455.612	287.500	168.585	357.907	218.308	200.992	340.656	256.252	205.016	239.521	312.861	182.845	252.468	429.024	238.260	68.071	370.197	203.088	99.925	342.646	296.475	108.172	210.926	187.908	37.850	198.150	266.500	43.637	393.585	392.893	1177.046	182.282	393.023	1421.760	300.874	479.717	1321.709	303.980	307.098	1311.929	33.942	389.792	1624.360	-86.311	364.300	1530.577	33.110	289.463	1515.501	-1.827	482.661	1529.537	94.188	574.164	1369.512	167.813	661.602	1197.538	200.510	722.663	1308.734	232.558	742.687	1210.859	271.151	774.929	1165.937	357.116	713.613	1200.411	284.809	663.195	1083.642	326.434	785.213	1062.080	337.476	697.856	1007.169	411.623	610.895	990.896	358.639	665.152	936.180	347.070	605.025	949.151	89.424	223.462	1377.600	149.665	147.036	1190.893	172.038	52.321	1279.712	205.240	59.188	1182.037	255.649	6.010	1126.991	339.571	55.368	1180.861	316.937	125.246	1117.189	261.462	44.620	1045.193	334.130	109.727	1017.886	407.629	169.620	977.644	382.533	113.200	910.010	360.814	164.311	934.606
370.855	554.396	1011.158	431.271	586.380	836.695	328.328	517.502	928.351	377.513	224.813	1014.191	424.898	186.968	881.531	337.532	264.149	936.989	497.155	451.490	1030.226	486.189	391.734	1061.256	504.559	335.802	1031.729	393.586	582.330	718.039	330.412	596.308	760.783	271.087	608.143	651.148	326.173	592.256	613.671	199.141	593.953	489.102	214.010	461.764	474.048	291.849	600.495	382.823	224.286	597.535	361.637	266.908	594.624	259.223	322.316	597.498	281.374	428.702	533.705	77.833	379.407	571.843	104.045	352.278	484.526	103.191	213.776	598.301	35.454	206.910	503.981	40.362	369.232	189.924	718.764	303.784	193.858	756.152	244.920	181.775	649.109	295.977	179.816	615.534	220.308	185.397	492.773	209.298	312.749	455.337	287.071	168.613	357.695	217.766	200.892	340.278	256.501	204.963	239.103	312.502	182.808	252.347	428.985	238.294	68.058	370.155	203.091	99.911	342.542	296.481	108.168	210.950	187.903	37.845	198.142	266.486	43.625	393.507	392.898	1175.331	180.871	393.092	1418.865	299.856	479.877	1319.380	303.301	307.120	1310.009	32.656	390.030	1620.688	-87.759	364.386	1526.891	31.662	289.519	1512.020	-3.301	482.709	1526.068	92.836	574.191	1366.148	167.190	661.602	1194.417	199.266	722.831	1305.719	231.793	742.825	1207.968	270.419	775.104	1163.208	356.495	714.216	1198.095	285.069	663.216	1081.365	326.406	785.250	1059.635	337.944	697.831	1004.966	412.403	611.060	989.276	359.590	665.097	934.216	348.554	605.137	947.328	88.087	223.501	1374.255	149.318	147.185	1187.682	171.130	52.727	1276.239	204.740	59.326	1178.959	255.326	6.129	1124.152	339.091	55.312	1178.537	316.889	125.231	1114.860	261.586	44.788	1042.523	334.570	109.813	1015.623	408.437	169.536	975.798	383.315	113.287	908.100	361.752	164.384	932.793
371.671	554.374	1009.389	432.062	586.634	834.889	329.231	517.495	926.456	378.285	224.881	1012.438	425.248	186.965	880.020	338.671	264.179	935.134	497.990	451.502	1028.867	486.772	391.727	1059.822	505.378	335.823	1030.402	393.993	582.487	716.723	330.954	596.361	759.645	271.218	608.429	650.535	326.782	593.446	612.835	198.442	594.276	488.712	213.201	462.068	473.839	291.203	600.749	382.555	223.735	597.711	361.256	266.481	594.779	259.011	321.864	597.711	281.295	428.659	533.690	77.856	379.351	571.878	104.050	352.211	484.520	103.210	213.782	598.328	35.470	206.902	504.000	40.370	369.701	189.909	717.534	304.325	193.669	755.357	244.997	181.512	648.613	295.936	179.658	614.719	219.700	185.143	492.466	208.584	312.558	455.101	286.510	168.529	357.574	217.198	200.768	339.857	256.136	204.860	238.842	312.108	182.742	252.244	428.975	238.295	68.112	370.132	203.100	99.917	342.461	296.492	108.170	210.956	187.888	37.858	198.094	266.471	43.723	394.004	393.036	1174.196	179.473	393.163	1415.883	298.810	480.066	1317.027	302.402	307.186	1307.692	31.123	390.068	1617.196	-89.235	364.489	1523.232	30.210	289.544	1508.504	-4.697	482.783	1522.549	91.847	574.364	1362.688	166.438	661.577	1191.311	197.921	722.953	1302.596	230.866	742.987	1205.064	269.765	775.164	1160.399	355.675	714.294	1196.007	285.001	663.225	1078.671	326.363	785.319	1057.198	338.643	697.795	1002.831	413.224	611.254	987.562	360.422	665.036	932.059	350.165	604.919	945.422	86.719	223.457	1370.972	148.767	147.398	1184.562	170.127	52.828	1273.069	204.298	59.413	1176.090	255.049	6.196	1121.456	338.939	55.211	1176.683	316.899	125.225	1112.480	261.802	44.998	1039.892	334.978	109.839	1013.371	409.321	169.442	974.040	384.197	113.471	905.963	362.599	164.469	930.967
372.343	554.381	1007.532	432.919	586.857	833.535	330.355	517.427	924.697	379.028	224.890	1010.540	425.704	186.943	878.311	339.656	264.262	933.215	498.705	451.534	1027.423	487.340	391.720	1058.547	506.126	335.749	1028.970	394.369	582.551	715.725	331.920	596.258	758.276	271.286	608.674	649.986	326.672	593.611	611.799	197.811	594.616	488.376	212.358	462.406	473.659	290.594	600.996	382.342	223.197	597.863	360.850	266.145	594.885	258.737	321.432	597.883	281.179	428.621	533.681	77.845	379.313	571.922	104.061	352.118	484.524	103.181	213.763	598.344	35.449	206.881	504.016	40.391	370.036	189.811	716.443	304.919	193.507	754.524	245.105	181.279	647.972	295.817	179.507	613.848	219.073	184.906	492.069	207.804	312.369	454.909	285.939	168.452	357.417	216.603	200.567	339.576	255.788	204.750	238.659	311.760	182.703	252.131	428.955	238.309	68.134	370.059	203.092	99.920	342.397	296.514	108.180	210.962	187.874	37.885	198.089	266.465	43.724	393.963	393.057	1172.502	178.066	393.242	1412.853	297.790	480.197	1314.627	301.462	307.236	1305.336	29.540	390.149	1613.764	-90.659	364.597	1519.539	28.723	289.600	1504.907	-6.007	482.880	1519.036	90.417	574.352	1359.150	165.873	661.524	1188.053	196.563	723.137	1299.526	230.481	743.096	1202.420	268.731	775.377	1157.574	355.077	714.947	1193.681	285.158	663.222	1076.316	326.252	785.358	1054.662	339.093	697.756	1000.587	413.953	611.460	985.838	361.409	664.983	929.988	351.427	605.069	943.444	85.443	223.547	1367.560	148.317	147.552	1181.367	169.097	52.878	1269.885	203.722	59.509	1173.065	254.799	6.308	1118.667	338.510	55.181	1174.395	316.797	125.213	1110.080	261.939	45.151	1037.185	335.346	109.905	1011.068	410.146	169.375	972.117	384.852	113.572	903.937	363.532	164.556	929.222
373.048	554.396	1005.726	433.650	587.103	832.251	331.307	517.433	922.781	379.683	224.935	1008.758	426.526	186.689	877.013	340.828	264.387	931.255	499.533	451.491	1026.074	487.955	391.720	1057.137	506.898	335.791	1027.615	394.811	582.735	714.252	332.123	596.707	757.729	271.373	608.937	649.282	325.939	592.920	610.926	197.140	594.983	488.053	211.552	462.689	473.518	290.003	601.237	382.163	222.609	598.090	360.504	265.775	594.962	258.434	321.000	598.055	281.083	428.587	533.656	77.874	379.242	571.942	104.043	352.031	484.543	103.176	213.781	598.383	35.459	206.892	504.053	40.368	370.498	189.720	715.303	305.400	193.392	753.679	245.210	181.051	647.334	295.770	179.356	613.041	218.426	184.710	491.665	207.058	312.189	454.611	285.389	168.348	357.285	216.044	200.356	339.244	255.431	204.631	238.433	311.416	182.657	252.006	428.933	238.318	68.151	370.013	203.084	99.910	342.278	296.502	108.166	210.992	187.873	37.865	198.081	266.436	43.711	393.897	393.019	1170.697	176.669	393.276	1409.900	296.734	480.360	1312.166	300.596	307.366	1303.023	27.967	390.181	1610.155	-92.059	364.686	1515.854	27.290	289.669	1501.351	-7.439	482.909	1515.461	89.041	574.327	1355.587	165.348	661.502	1184.833	195.292	723.295	1296.395	229.241	743.209	1199.257	268.484	775.403	1154.755	354.359	715.261	1191.395	285.207	663.251	1073.685	326.212	785.399	1052.150	339.626	697.782	998.291	414.708	611.670	984.003	362.317	664.895	927.913	352.317	604.963	941.644	84.400	223.651	1364.027	147.890	147.713	1178.169	168.156	52.945	1266.686	203.303	59.589	1170.220	254.530	6.393	1115.955	338.052	55.078	1172.047	316.740	125.195	1107.678	262.158	45.322	1034.528	335.759	109.937	1008.793	410.964	169.323	970.169	385.638	113.764	901.942	364.434	164.661	927.350
373.727	554.423	1003.932	434.486	587.337	830.558	332.174	517.416	920.847	380.383	225.005	1006.963	427.198	186.600	875.645	341.688	264.321	929.465	501.174	451.681	1025.434	488.570	391.830	1055.878	507.644	335.752	1026.133	395.142	582.915	713.181	332.700	596.915	756.820	271.448	609.178	648.413	325.774	593.156	610.002	196.508	595.297	487.673	210.804	462.958	473.242	289.408	601.461	381.945	222.022	598.312	360.191	265.408	595.097	258.220	320.526	598.219	281.068	428.568	533.641	77.893	379.194	572.012	104.059	351.960	484.555	103.145	213.789	598.389	35.484	206.880	504.097	40.377	370.957	189.739	714.179	306.003	193.262	752.776	245.322	180.842	646.809	295.702	179.205	612.242	217.768	184.483	491.314	206.236	311.989	454.389	284.798	168.210	357.062	215.475	200.204	338.931	255.068	204.530	238.177	311.042	182.578	251.873	428.885	238.358	68.160	369.966	203.089	99.915	342.176	296.507	108.125	211.000	187.865	37.917	198.084	266.426	43.712	393.755	393.116	1169.000	175.276	393.365	1406.832	295.683	480.512	1309.697	299.612	307.436	1300.644	26.419	390.243	1606.631	-93.504	364.809	1512.093	25.843	289.756	1497.687	-8.729	482.997	1511.873	87.713	574.385	1352.118	164.660	661.457	1181.686	193.955	723.469	1293.171	228.386	743.295	1196.054	267.856	775.533	1151.901	353.607	715.531	1189.108	285.263	663.250	1071.154	326.195	785.464	1049.633	340.122	697.734	995.955	415.499	611.850	982.278	363.151	664.829	925.766	353.063	604.931	939.723	83.127	223.714	1360.540	147.506	147.868	1174.904	167.156	53.028	1263.478	202.804	59.689	1167.244	254.305	6.478	1113.205	337.605	55.160	1169.826	316.632	125.183	1105.225	262.332	45.492	1031.797	336.160	110.015	1006.476	411.807	169.255	968.310	386.326	113.874	899.829	365.286	164.823	925.360
374.437	554.463	1002.109	435.405	587.639	829.234	333.252	517.381	919.085	381.093	224.992	1005.073	427.474	186.623	873.876	342.738	264.407	927.548	501.873	451.608	1023.923	489.119	391.823	1054.451	508.290	335.736	1024.737	395.570	583.042	711.809	333.391	597.159	755.896	271.553	609.426	647.807	325.674	593.293	608.967	195.874	595.612	487.272	210.011	463.251	473.008	288.850	601.692	381.801	221.453	598.540	359.874	265.036	595.228	257.986	320.129	598.372	280.942	428.529	533.637	77.894	379.144	572.036	104.065	351.869	484.549	103.161	213.796	598.417	35.506	206.866	504.106	40.379	371.236	189.651	713.007	306.602	193.123	751.940	245.451	180.717	646.388	295.679	179.003	611.583	217.162	184.267	490.988	205.389	311.835	454.150	284.041	167.925	356.939	214.926	199.999	338.607	254.738	204.415	237.907	310.698	182.525	251.770	428.857	238.375	68.188	369.902	203.085	99.907	342.089	296.511	108.136	211.014	187.873	37.922	198.091	266.402	43.712	393.623	393.122	1167.224	173.879	393.436	1403.787	294.589	480.678	1307.245	298.713	307.488	1298.180	24.897	390.267	1602.994	-94.881	364.909	1508.281	24.455	289.819	1494.050	-10.291	483.098	1508.152	86.493	574.479	1348.653	164.038	661.427	1178.413	192.661	723.682	1289.986	227.518	743.540	1193.191	267.265	775.633	1149.062	352.917	715.976	1186.827	285.210	663.240	1068.555	326.055	785.496	1047.128	340.527	697.750	993.679	416.324	612.075	980.627	363.986	664.725	923.658	354.185	605.112	937.822	81.849	223.749	1357.080	147.064	148.006	1171.637	166.210	53.092	1260.266	202.285	59.835	1164.080	254.028	6.551	1110.327	337.129	55.050	1167.351	316.609	125.203	1102.817	262.501	45.692	1029.049	336.567	110.077	1004.134	412.626	169.185	966.428	387.122	114.076	897.823	365.745	164.707	923.424
374.938	554.397	1000.315	436.162	587.955	827.918	334.277	517.331	917.212	381.813	225.026	1003.228	428.181	186.421	872.445	343.737	264.433	925.721	502.788	451.637	1022.612	489.643	391.829	1053.037	509.193	335.730	1023.282	395.898	583.206	710.691	334.037	597.385	755.037	271.657	609.694	647.256	325.630	593.515	608.134	195.249	595.928	486.924	209.217	463.532	472.714	288.253	601.930	381.556	220.873	598.738	359.549	264.718	595.336	257.764	319.823	598.463	280.715	428.494	533.624	77.922	379.081	572.078	104.071	351.796	484.552	103.138	213.803	598.426	35.516	206.859	504.128	40.386	371.625	189.624	711.853	307.181	193.028	751.096	245.514	180.495	645.743	295.501	178.623	610.689	216.536	184.036	490.549	204.567	311.654	453.879	283.450	167.806	356.758	214.318	199.790	338.270	254.398	204.293	237.641	310.308	182.416	251.655	428.826	238.389	68.214	369.854	203.080	99.907	341.968	296.524	108.112	211.022	187.853	37.912	198.053	266.380	43.715	393.510	393.135	1165.457	172.467	393.481	1400.704	293.536	480.773	1304.734	297.743	307.576	1295.712	23.388	390.314	1599.288	-96.288	364.977	1504.510	23.019	289.910	1490.440	-11.541	483.199	1504.497	85.196	574.494	1345.111	163.497	661.419	1175.126	191.363	723.889	1286.693	227.060	743.599	1190.290	266.287	775.757	1145.994	352.152	716.314	1184.442	285.221	663.299	1066.016	325.967	785.526	1044.484	340.951	697.703	991.291	417.011	612.232	978.643	364.874	664.656	921.595	354.758	604.925	935.961	80.524	223.725	1353.708	146.494	148.157	1168.460	165.248	53.195	1256.993	201.905	60.009	1161.172	253.717	6.644	1107.513	336.670	54.969	1164.947	316.488	125.231	1100.345	262.649	45.878	1026.330	337.056	110.165	1001.820	413.389	169.133	964.472	387.864	114.294	895.681	366.564	164.835	921.518
375.679	554.430	998.530	437.037	588.288	826.578	335.202	517.296	915.330	382.528	225.053	1001.378	428.604	186.377	870.931	344.874	264.626	923.663	503.617	451.636	1021.216	490.185	391.843	1051.587	509.941	335.691	1021.734	396.268	583.275	709.341	334.488	597.486	753.947	271.831	609.988	646.561	325.468	593.719	607.108	194.650	596.267	486.546	208.505	463.800	472.410	287.652	602.141	381.374	220.340	598.933	359.235	264.385	595.449	257.496	319.342	598.607	280.367	428.448	533.611	77.906	379.023	572.119	104.039	351.693	484.549	103.100	213.796	598.447	35.527	206.838	504.164	40.382	372.026	189.542	710.561	307.757	192.885	750.237	245.677	180.231	645.174	295.530	178.646	609.892	215.877	183.850	490.072	203.764	311.424	453.493	282.831	167.677	356.503	213.751	199.618	337.847	254.069	204.158	237.397	309.930	182.357	251.501	428.805	238.408	68.239	369.778	203.088	99.897	341.885	296.520	108.123	211.033	187.825	37.897	198.048	266.359	43.726	393.363	393.136	1163.562	171.095	393.547	1397.592	292.513	480.894	1302.179	296.822	307.620	1293.233	21.738	390.298	1595.775	-97.687	365.070	1500.701	21.633	289.982	1486.798	-12.938	483.259	1500.830	83.873	574.507	1341.524	162.524	661.387	1172.178	190.165	724.007	1283.614	225.796	743.744	1187.111	266.336	775.774	1143.202	351.409	716.588	1182.113	285.323	663.296	1063.443	325.903	785.594	1041.884	341.417	697.677	988.976	417.787	612.474	977.006	365.770	664.575	919.380	356.068	605.105	933.866	79.337	223.906	1350.077	146.069	148.291	1165.132	164.268	53.275	1253.690	201.446	60.124	1158.018	253.465	6.742	1104.688	336.212	54.957	1162.553	316.605	125.139	1098.001	262.780	46.103	1023.583	337.407	110.222	999.456	414.169	169.074	962.594	388.448	114.540	893.786	367.341	164.987	919.644
376.421	554.477	996.621	437.781	588.587	825.001	336.162	517.280	913.556	383.210	225.048	999.458	429.168	186.301	869.452	345.840	264.669	921.750	504.267	451.664	1019.643	490.813	391.788	1050.119	510.707	335.679	1020.402	396.599	583.403	708.136	334.983	597.666	752.881	272.020	610.261	645.990	325.382	593.895	606.096	193.988	596.590	486.117	207.758	464.086	472.134	287.052	602.377	381.187	219.771	599.106	358.930	263.928	595.681	257.244	318.921	599.080	279.845	428.418	533.596	77.978	378.966	572.161	104.071	351.595	484.545	103.079	213.812	598.465	35.549	206.831	504.173	40.403	372.452	189.488	709.591	308.297	192.747	749.447	245.771	180.024	644.474	295.351	178.264	609.032	215.210	183.576	489.673	202.984	311.191	453.267	282.204	167.541	356.246	213.144	199.432	337.495	253.748	204.031	237.195	309.550	182.295	251.297	428.773	238.440	68.269	369.706	203.076	99.913	341.749	296.523	108.118	211.040	187.821	37.943	198.034	266.340	43.704	393.155	393.099	1161.625	169.749	393.640	1394.454	291.450	480.971	1299.648	295.892	307.706	1290.725	20.377	390.421	1591.944	-99.104	365.136	1496.875	20.300	290.028	1483.098	-14.241	483.333	1497.172	82.622	574.555	1337.921	162.336	661.355	1168.640	188.772	724.190	1280.301	225.332	743.750	1184.019	265.044	775.965	1140.223	350.699	716.966	1179.777	285.295	663.294	1060.791	325.816	785.634	1039.289	341.790	697.637	986.553	418.555	612.622	975.162	366.539	664.462	917.291	356.772	605.037	932.127	78.110	223.946	1346.557	145.745	148.443	1161.803	163.339	53.341	1250.430	200.968	60.202	1154.926	253.236	6.833	1101.930	335.743	54.946	1160.156	316.524	125.168	1095.557	262.955	46.282	1020.926	337.819	110.337	997.189	414.961	169.035	960.726	389.169	114.700	891.658	368.210	165.074	917.813
377.135	554.517	994.804	438.415	588.832	823.637	337.167	517.284	911.640	383.926	225.073	997.590	429.644	186.171	867.829	346.894	264.724	919.797	505.033	451.679	1018.167	491.278	391.763	1048.651	511.428	335.622	1018.867	397.002	583.530	706.843	335.627	597.894	751.857	272.003	610.465	645.122	325.298	594.122	605.220	193.297	596.894	485.660	206.985	464.375	471.826	286.369	602.593	380.895	219.240	599.272	358.566	263.541	595.826	257.037	318.480	599.284	279.712	428.386	533.575	77.980	378.896	572.193	104.063	351.499	484.549	103.051	213.808	598.490	35.550	206.808	504.202	40.409	372.830	189.467	708.272	308.906	192.618	748.462	245.830	179.745	643.831	295.257	178.026	608.218	214.524	183.353	489.334	202.029	311.001	452.885	281.731	167.520	355.999	212.565	199.246	337.161	253.371	203.931	236.951	309.148	182.233	251.096	428.733	238.457	68.272	369.635	203.052	99.899	341.661	296.535	108.139	211.044	187.804	37.914	198.036	266.319	43.703	392.969	393.168	1159.882	168.374	393.720	1391.315	290.448	481.103	1297.104	294.943	307.765	1288.188	18.900	390.489	1588.243	-100.461	365.205	1492.972	18.909	290.105	1479.375	-15.649	483.362	1493.366	81.326	574.552	1334.243	161.474	661.364	1165.462	187.441	724.423	1276.891	224.508	743.908	1180.998	264.517	776.065	1137.140	349.953	717.280	1177.323	285.337	663.324	1058.200	325.663	785.668	1036.518	342.237	697.608	984.192	419.254	612.786	973.259	366.966	664.337	914.965	357.794	605.165	930.170	76.902	224.034	1342.897	145.265	148.548	1158.456	162.433	53.408	1247.255	200.463	60.319	1151.768	253.021	6.938	1098.998	335.251	54.866	1157.660	316.497	125.169	1093.158	263.045	46.512	1018.183	338.196	110.411	994.813	415.662	168.999	958.677	389.792	114.941	889.579	369.022	165.268	915.901
377.727	554.560	992.925	439.183	589.160	822.077	338.124	517.254	909.685	384.853	225.263	995.653	430.186	186.040	866.470	347.779	264.780	917.849	505.686	451.663	1016.661	491.848	391.704	1047.087	512.193	335.679	1017.361	397.304	583.656	705.420	336.222	598.105	750.824	272.051	610.717	644.249	325.168	594.326	604.123	192.695	597.196	485.335	206.250	464.662	471.573	285.776	602.802	380.665	218.693	599.445	358.240	263.151	595.968	256.700	318.051	599.413	279.544	428.358	533.541	78.000	378.843	572.229	104.079	351.380	484.537	103.022	213.813	598.497	35.575	206.813	504.222	40.412	373.138	189.332	707.129	309.427	192.430	747.529	245.914	179.502	643.337	295.151	177.849	607.405	213.911	183.098	488.938	201.178	310.755	452.610	281.164	167.372	355.828	211.951	199.079	336.791	253.025	203.799	236.614	308.725	182.130	250.933	428.670	238.457	68.307	369.571	203.052	99.886	341.544	296.527	108.126	211.045	187.797	37.919	198.025	266.284	43.693	392.829	393.154	1158.001	166.989	393.773	1388.141	289.373	481.216	1294.568	293.977	307.840	1285.602	17.362	390.542	1584.616	-101.837	365.280	1489.189	17.524	290.162	1475.651	-16.949	483.442	1489.632	79.989	574.554	1330.569	160.879	661.331	1162.120	186.185	724.658	1273.474	223.663	743.964	1177.746	263.939	776.170	1134.229	349.215	717.658	1174.867	285.392	663.320	1055.631	325.632	785.706	1033.929	342.585	697.588	981.848	419.986	612.997	971.490	367.664	664.209	912.705	358.828	605.161	928.182	75.662	224.049	1339.426	144.888	148.663	1155.227	161.508	53.520	1243.896	200.073	60.405	1148.652	252.751	7.011	1096.089	334.690	54.844	1155.346	316.353	125.200	1090.628	263.237	46.730	1015.386	338.559	110.511	992.468	416.483	168.958	956.799	390.511	115.136	887.500	369.732	165.453	914.025
378.439	554.630	991.094	439.922	589.397	820.660	339.030	517.256	907.905	385.525	225.305	993.695	430.928	185.867	865.114	348.749	264.845	915.922	506.351	451.694	1015.025	492.328	391.707	1045.609	512.913	335.671	1015.766	397.640	583.787	704.165	336.824	598.318	749.966	272.142	611.001	643.486	325.103	594.511	603.179	192.061	597.487	484.930	205.473	464.943	471.253	285.186	602.994	380.475	218.127	599.638	357.918	262.532	595.740	256.402	317.521	599.311	279.797	428.305	533.519	78.027	378.531	572.286	103.703	351.255	484.528	102.978	214.202	598.648	35.540	206.807	504.262	40.406	373.517	189.301	705.813	309.989	192.298	746.620	246.026	179.257	642.735	295.072	177.669	606.619	213.258	182.868	488.597	200.259	310.476	452.270	280.519	167.240	355.636	211.354	198.902	336.425	252.609	203.721	236.328	308.308	182.046	250.734	428.641	238.489	68.363	369.493	203.052	99.865	341.411	296.512	108.163	211.048	187.791	37.922	198.032	266.255	43.662	392.607	393.186	1156.050	165.664	393.848	1384.911	288.377	481.352	1292.000	293.090	307.852	1283.112	15.843	390.640	1580.929	-103.189	365.346	1485.209	16.162	290.210	1471.864	-18.344	483.503	1485.859	78.843	574.551	1326.933	160.113	661.254	1158.794	184.928	724.790	1270.187	222.767	744.046	1174.551	263.376	776.235	1131.188	348.469	718.004	1172.438	285.397	663.339	1052.984	325.527	785.770	1031.202	342.923	697.528	979.409	420.733	613.124	969.614	368.467	664.097	910.580	359.563	605.076	926.325	74.420	224.172	1335.800	144.523	148.804	1151.941	160.530	53.564	1240.521	199.616	60.487	1145.637	252.523	7.087	1093.264	334.236	54.869	1152.889	316.278	125.141	1088.153	263.421	46.944	1012.643	338.964	110.593	990.022	417.248	168.921	954.914	391.218	115.407	885.300	370.651	165.725	912.097
379.222	554.631	989.319	440.434	589.692	819.198	340.036	517.280	905.925	386.070	225.192	991.789	431.094	185.839	863.309	349.618	264.889	913.975	507.108	451.698	1013.501	492.851	391.720	1044.018	513.578	335.691	1014.142	398.008	583.894	702.769	337.322	598.504	748.782	272.227	611.296	642.709	324.940	594.698	602.136	191.424	597.768	484.507	204.854	465.175	470.933	284.561	603.226	380.240	217.567	599.815	357.484	262.103	595.805	256.069	317.126	599.418	279.664	428.267	533.492	78.048	378.475	572.364	103.706	351.131	484.504	102.952	214.270	598.746	35.611	206.768	504.285	40.426	373.882	189.237	704.727	310.558	192.146	745.717	246.074	179.004	642.185	294.966	177.486	605.720	212.574	182.603	488.020	199.462	310.244	451.982	279.901	167.102	355.470	210.751	198.688	336.125	252.246	203.633	236.048	307.905	181.927	250.578	428.604	238.503	68.370	369.412	203.039	99.884	341.344	296.532	108.169	211.054	187.766	37.915	197.998	266.237	43.706	392.428	393.203	1154.074	164.303	394.007	1381.767	287.325	481.430	1289.331	292.127	307.913	1280.524	14.427	390.582	1577.049	-104.554	365.394	1481.277	14.841	290.263	1468.103	-19.750	483.592	1482.019	77.572	574.535	1323.224	159.592	661.229	1155.408	183.579	724.991	1266.766	221.935	744.174	1171.415	262.695	776.317	1128.050	347.729	718.314	1169.997	285.511	663.376	1050.318	325.404	785.775	1028.393	343.415	697.528	976.932	421.392	613.506	967.560	369.265	663.979	908.316	360.453	605.157	924.425	73.169	224.274	1332.183	144.019	148.946	1148.570	159.649	53.639	1237.203	199.168	60.633	1142.402	252.255	7.155	1090.358	333.719	54.807	1150.380	316.201	125.165	1085.729	263.558	47.137	1009.870	339.298	110.711	987.724	417.933	168.880	952.897	391.918	115.637	883.342	371.213	165.780	910.010
379.737	554.680	987.398	441.145	590.055	817.779	340.984	517.259	904.058	386.785	225.232	989.819	431.804	185.681	862.068	350.471	264.934	912.118	507.597	451.639	1011.801	493.381	391.701	1042.475	514.337	335.740	1012.568	398.309	584.019	701.409	337.909	598.735	747.628	272.342	611.575	641.980	324.835	594.887	601.042	190.752	598.030	484.047	204.187	465.413	470.601	283.959	603.414	380.035	216.982	600.047	357.190	261.714	595.879	255.796	316.768	599.553	279.566	428.246	533.488	78.061	378.402	572.395	103.694	351.010	484.492	102.919	214.342	598.746	35.581	206.772	504.317	40.439	374.225	189.195	703.441	311.029	191.975	744.932	246.105	178.761	641.539	294.884	177.280	604.841	211.884	182.347	487.522	198.594	310.020	451.637	279.266	166.930	355.221	210.141	198.485	335.743	251.875	203.522	235.740	307.490	181.824	250.446	428.573	238.537	68.389	369.316	203.007	99.796	341.212	296.507	108.165	211.061	187.759	37.925	198.039	266.211	43.605	392.217	393.155	1152.155	162.926	394.112	1378.475	286.601	481.536	1286.764	291.214	307.919	1277.938	12.578	390.487	1573.429	-105.860	365.438	1477.293	13.550	290.341	1464.255	-21.051	483.667	1478.214	76.273	574.535	1319.498	159.040	661.195	1151.988	182.291	725.110	1263.424	221.148	744.348	1168.197	261.959	776.509	1125.084	346.980	718.613	1167.474	285.695	663.375	1047.721	325.248	785.831	1025.722	343.893	697.496	974.512	422.381	613.316	965.964	370.648	663.901	906.413	361.089	605.057	922.407	71.816	224.246	1328.579	143.577	149.016	1145.201	158.692	53.653	1233.942	198.735	60.644	1139.276	251.980	7.234	1087.466	333.217	54.779	1147.826	316.206	125.146	1083.289	263.693	47.346	1007.053	339.604	110.819	985.313	418.654	168.886	950.961	392.571	115.866	881.047	371.619	165.766	907.997
380.495	554.743	985.528	441.810	590.432	816.321	341.856	517.232	902.326	387.647	225.360	987.772	432.309	185.521	860.664	351.394	264.901	910.041	508.264	451.674	1010.151	493.793	391.683	1040.842	515.008	335.678	1010.996	398.693	584.135	700.040	338.369	598.873	746.548	272.457	611.883	641.239	324.739	595.088	600.166	190.095	598.330	483.676	203.510	465.709	470.317	283.377	603.602	379.805	216.385	600.111	356.723	261.362	595.941	255.556	316.359	599.668	279.384	428.195	533.460	78.051	378.310	572.430	103.680	350.905	484.476	102.866	214.353	598.774	35.612	206.779	504.331	40.437	374.603	189.146	702.154	311.597	191.833	743.960	246.175	178.525	640.878	294.758	177.270	604.027	211.319	182.053	487.109	197.747	309.820	451.352	278.654	166.736	355.003	209.547	198.308	335.396	251.512	203.406	235.483	307.085	181.724	250.312	428.532	238.539	68.441	369.246	202.998	99.788	341.124	296.516	108.183	211.058	187.746	37.897	197.975	266.190	43.651	392.046	393.188	1150.171	161.633	394.093	1375.120	285.552	481.606	1284.090	290.285	307.968	1275.331	11.090	390.514	1569.614	-107.214	365.543	1473.421	12.338	290.342	1460.452	-22.428	483.720	1474.323	75.017	574.553	1315.779	158.347	661.133	1148.557	181.034	725.282	1259.966	220.299	744.394	1164.983	261.331	776.569	1122.047	346.226	718.963	1164.975	285.692	663.414	1045.030	325.156	785.891	1022.947	344.240	697.435	972.055	423.074	613.505	964.120	371.393	663.791	904.138	362.139	605.219	920.422	70.741	224.357	1324.640	143.157	149.127	1141.808	157.799	53.739	1230.706	198.123	60.623	1135.989	251.749	7.347	1084.550	332.771	54.754	1145.360	316.141	125.064	1080.770	263.906	47.540	1004.244	339.502	110.880	982.747	419.285	169.004	949.093	393.246	116.141	879.048	371.948	165.688	906.015
381.279	554.766	983.604	442.433	590.789	814.802	342.737	517.266	900.409	388.443	225.408	985.800	432.600	185.492	858.919	352.198	264.893	908.028	508.828	451.336	1008.086	494.337	391.675	1039.275	515.712	335.729	1009.453	399.005	584.248	698.622	338.959	599.040	745.438	272.545	612.171	640.451	324.559	595.265	599.031	189.404	598.638	483.306	202.855	465.975	470.031	282.814	603.775	379.603	215.827	600.274	356.423	260.896	596.136	255.341	315.994	600.095	279.008	428.171	533.435	78.069	378.264	572.464	103.691	350.790	484.467	102.804	214.370	598.796	35.648	206.738	504.337	40.448	374.855	189.035	700.916	312.013	191.632	742.972	246.245	178.267	640.188	294.637	177.072	603.108	210.671	181.821	486.715	196.894	309.592	451.059	277.874	166.448	354.739	208.964	198.108	334.952	251.115	203.288	235.239	306.665	181.590	250.161	428.484	238.544	68.470	369.141	202.984	99.792	341.036	296.509	108.187	211.086	187.744	37.879	197.956	266.166	43.623	391.802	393.177	1148.179	160.301	394.236	1371.916	284.546	481.726	1281.394	289.389	308.006	1272.774	9.674	390.622	1565.756	-108.542	365.597	1469.392	10.976	290.478	1456.704	-23.811	483.745	1470.406	73.797	574.542	1312.006	157.630	660.980	1145.152	179.715	725.379	1256.553	219.462	744.429	1161.749	260.673	776.593	1118.868	345.468	719.389	1162.461	285.714	663.386	1042.324	325.026	785.929	1020.104	344.660	697.443	969.622	423.683	613.712	962.137	372.237	663.690	901.944	362.771	605.128	918.611	69.554	224.452	1320.916	142.733	149.213	1138.430	156.869	53.798	1227.253	197.682	60.652	1132.917	251.472	7.432	1081.559	332.357	54.604	1142.911	316.189	125.043	1078.420	264.092	47.749	1001.496	339.762	110.962	980.361	419.902	168.992	947.134	393.898	116.339	876.738	372.312	165.634	903.938
381.771	554.841	981.613	443.120	591.105	813.355	343.601	517.332	898.348	389.008	225.303	983.838	433.342	185.267	857.631	353.012	264.968	906.035	509.390	451.372	1006.432	494.704	391.645	1037.586	516.326	335.758	1007.632	399.287	584.383	697.249	339.552	599.234	744.405	272.527	612.396	639.458	324.437	595.462	597.932	188.731	598.898	482.922	202.249	466.211	469.693	282.159	603.990	379.347	215.273	600.441	356.132	260.494	596.227	255.134	315.530	600.260	278.893	428.130	533.411	78.094	378.204	572.494	103.709	350.683	484.410	102.751	214.350	598.807	35.655	206.748	504.352	40.441	375.218	188.962	699.598	312.641	191.482	741.915	246.298	178.042	639.562	294.532	176.909	602.202	209.925	181.491	486.255	196.049	309.371	450.703	277.233	166.268	354.490	208.384	197.933	334.520	250.705	203.164	234.932	306.212	181.461	249.982	428.445	238.559	68.482	369.064	202.942	99.790	340.934	296.514	108.176	211.134	187.766	37.821	197.947	266.145	43.621	391.586	393.159	1146.037	158.990	394.357	1368.564	283.546	481.822	1278.699	288.452	308.022	1270.137	8.185	390.696	1561.895	-109.849	365.637	1465.384	9.721	290.486	1452.769	-25.156	483.850	1466.538	72.521	574.539	1308.225	157.108	660.939	1141.563	178.494	725.566	1253.037	218.697	744.610	1158.587	260.175	776.724	1115.824	344.645	719.650	1159.709	285.793	663.392	1039.582	324.864	785.974	1017.233	344.931	697.421	967.254	424.280	613.824	960.163	372.976	663.581	899.732	363.446	605.053	916.394	68.292	224.541	1317.262	142.367	149.309	1135.030	156.020	53.872	1223.899	197.255	60.761	1129.682	251.187	7.492	1078.695	331.845	54.485	1140.271	316.038	125.024	1075.919	264.255	47.950	998.605	340.019	111.034	977.956	420.596	169.016	945.216	394.536	116.622	874.755	372.768	165.681	901.893
384.597	554.275	980.480	443.689	591.438	811.713	344.541	517.359	896.395	389.661	225.318	981.807	433.956	185.134	856.344	353.886	264.965	904.137	510.049	451.379	1004.811	495.219	391.652	1035.965	516.983	335.786	1006.171	399.600	584.449	695.846	340.010	599.413	743.142	272.501	612.389	638.329	324.280	595.622	596.851	188.110	599.210	482.525	201.645	466.453	469.321	281.504	604.185	379.053	214.673	600.595	355.731	260.147	596.335	254.907	315.062	600.401	278.683	428.105	533.380	78.113	378.136	572.533	103.692	350.584	484.394	102.703	214.322	598.780	35.687	206.732	504.381	40.417	375.529	188.865	698.447	313.372	191.427	740.990	246.343	177.821	638.901	294.385	176.732	601.376	209.321	181.236	485.736	195.186	309.129	450.394	276.595	166.084	354.290	207.735	197.747	334.147	250.322	203.011	234.704	305.786	181.367	249.736	428.401	238.570	68.487	369.010	202.924	99.783	340.859	296.515	108.175	211.146	187.767	37.798	197.918	266.113	43.598	391.277	393.145	1143.949	157.725	394.427	1365.298	282.521	481.916	1275.968	287.605	308.014	1267.503	7.073	390.925	1557.830	-111.149	365.674	1461.333	8.456	290.557	1448.928	-26.438	483.950	1462.608	71.278	574.589	1304.463	156.404	660.863	1138.111	177.259	725.743	1249.608	217.846	744.662	1155.287	259.541	776.827	1112.688	343.884	719.989	1157.130	286.532	663.195	1036.954	324.739	786.035	1014.423	345.091	697.398	964.689	425.089	613.972	958.500	373.749	663.475	897.415	364.146	605.080	914.493	67.087	224.623	1313.517	141.986	149.420	1131.699	155.151	53.909	1220.532	196.776	60.850	1126.417	250.947	7.582	1075.743	331.211	54.516	1137.615	316.549	124.919	1073.787	264.382	48.150	995.847	340.205	111.118	975.579	421.256	169.018	943.259	395.710	117.101	872.245	374.997	166.632	900.628
385.090	554.088	978.545	444.368	591.781	810.293	345.384	517.402	894.368	390.493	225.498	979.838	434.418	185.094	854.567	354.665	264.970	902.047	510.617	451.418	1003.053	495.641	391.649	1034.211	517.614	335.794	1004.468	399.903	584.591	694.402	340.520	599.549	742.059	272.711	612.905	637.865	324.127	595.817	595.771	187.465	599.500	482.057	201.046	466.703	468.880	280.864	604.393	378.781	214.059	600.723	355.379	259.753	596.387	254.627	314.730	600.406	278.091	428.068	533.366	78.117	378.076	572.557	103.681	350.482	484.357	102.675	214.284	598.768	35.696	206.733	504.412	40.406	375.801	188.792	697.079	313.698	191.136	740.035	246.377	177.581	638.166	294.283	176.587	600.439	208.658	180.981	485.311	194.275	308.894	450.047	275.957	165.913	354.065	207.117	197.586	333.794	249.937	202.872	234.442	305.347	181.233	249.588	428.365	238.576	68.511	368.930	202.910	99.760	340.774	296.506	108.197	211.205	187.802	37.734	197.914	266.091	43.589	391.051	393.154	1141.887	156.404	394.490	1361.961	281.536	482.034	1273.205	286.639	308.011	1264.829	5.609	391.035	1553.947	-112.500	365.716	1457.284	7.078	290.593	1445.088	-27.783	484.022	1458.663	70.066	574.588	1300.628	155.916	660.843	1134.532	175.982	725.864	1246.039	217.067	744.756	1152.026	258.882	776.946	1109.511	343.127	720.379	1154.541	286.614	663.168	1034.194	324.640	786.108	1011.678	345.413	697.375	962.233	425.697	614.046	956.590	374.575	663.393	895.222	364.811	605.036	912.454	65.907	224.708	1309.739	141.376	149.511	1128.415	154.250	53.966	1217.185	196.322	60.861	1123.112	250.674	7.646	1072.706	330.820	54.397	1135.123	316.520	124.904	1071.332	264.525	48.330	993.049	340.391	111.128	973.168	421.919	169.016	941.349	396.463	117.367	870.032	375.871	166.451	899.010
385.388	554.244	976.473	444.851	592.065	808.519	346.228	517.439	892.422	391.160	225.543	977.726	435.035	184.855	853.343	355.464	265.001	900.020	511.274	451.443	1001.500	496.114	391.664	1032.664	518.227	335.890	1002.783	400.136	584.674	692.953	341.140	599.739	740.844	272.585	612.882	636.575	323.909	595.941	594.621	186.778	599.748	481.554	200.334	466.953	468.552	280.252	604.575	378.535	213.478	600.890	355.076	259.358	596.481	254.313	314.167	600.584	278.002	428.036	533.329	78.133	378.015	572.589	103.679	350.373	484.343	102.620	214.248	598.768	35.736	206.723	504.440	40.420	376.065	188.647	695.840	314.157	190.963	738.977	246.372	177.350	637.532	294.118	176.357	599.457	207.994	180.723	484.827	193.478	308.643	449.746	275.359	165.805	353.794	206.536	197.411	333.429	249.582	202.760	234.171	304.900	181.081	249.399	428.201	238.620	68.331	369.001	202.717	99.897	340.698	296.490	108.184	211.256	187.819	37.686	197.889	266.065	43.575	390.823	393.134	1139.737	155.120	394.583	1358.592	280.577	482.151	1270.399	285.757	308.004	1262.111	4.186	391.158	1550.066	-113.767	365.806	1453.175	5.801	290.639	1441.202	-29.157	484.068	1454.632	68.790	574.591	1296.733	155.413	660.876	1131.116	174.744	726.012	1242.546	216.278	744.933	1148.761	258.245	777.037	1106.366	343.406	719.708	1152.953	286.553	663.131	1031.453	324.536	786.129	1008.891	345.879	697.353	959.669	426.493	614.059	954.664	375.864	663.593	892.780	365.926	605.243	910.192	64.759	225.037	1305.808	141.031	149.623	1124.983	153.366	54.050	1213.790	195.831	60.911	1119.928	250.398	7.689	1069.781	330.301	54.339	1132.554	316.397	124.778	1068.896	264.671	48.532	990.195	340.556	111.167	970.838	422.549	169.030	939.437	397.039	117.626	868.077	376.627	166.633	897.028
385.767	554.410	974.435	445.403	592.394	806.828	347.117	517.429	890.479	391.645	225.435	975.733	435.939	184.698	851.989	356.309	264.989	898.118	511.862	451.411	999.721	496.490	391.681	1030.777	518.786	335.925	1001.070	400.453	584.756	691.380	341.581	599.859	739.680	272.725	613.398	636.195	323.761	596.143	593.609	186.123	600.029	481.136	199.708	467.174	468.219	279.593	604.753	378.377	212.886	601.092	354.772	258.990	596.557	254.095	313.807	600.700	277.777	427.999	533.313	78.140	377.949	572.622	103.651	350.296	484.312	102.553	214.223	598.760	35.739	206.696	504.463	40.459	376.432	188.651	694.471	314.641	190.794	738.041	246.402	177.129	636.760	294.046	176.175	598.619	207.241	180.489	484.392	192.674	308.422	449.458	274.715	165.607	353.445	205.925	197.254	333.077	249.169	202.667	233.914	304.450	180.919	249.147	428.298	238.605	68.575	368.826	202.854	99.722	340.626	296.497	108.184	211.297	187.823	37.643	197.880	266.036	43.564	390.547	393.192	1137.646	153.882	394.654	1355.230	279.571	482.226	1267.665	284.856	307.996	1259.425	2.693	391.270	1546.160	-115.120	365.865	1449.066	4.565	290.687	1437.273	-30.394	484.134	1450.706	67.621	574.615	1292.918	154.797	660.814	1127.514	173.450	726.189	1239.003	215.469	745.039	1145.321	257.594	777.152	1103.235	342.736	719.916	1150.468	286.683	663.118	1028.793	324.387	786.181	1006.005	346.186	697.305	957.154	427.071	614.240	952.780	376.578	663.504	890.471	366.729	605.275	908.182	63.559	225.145	1302.034	140.566	149.662	1121.458	152.494	54.095	1210.323	195.461	61.006	1116.758	250.174	7.752	1066.814	329.728	54.265	1129.999	316.349	124.820	1066.385	264.796	48.698	987.373	340.670	111.142	968.427	423.104	169.006	937.433	397.084	117.485	865.912	377.363	166.782	895.148
385.999	554.627	972.288	446.013	592.721	805.278	347.882	517.462	888.393	392.331	225.467	973.709	436.221	184.754	850.189	357.034	265.026	895.874	512.429	451.439	998.086	496.929	391.705	1029.171	519.378	336.008	999.263	400.655	584.871	689.967	342.209	600.026	738.444	272.624	613.377	634.947	323.562	596.301	592.499	185.494	600.275	480.800	199.015	467.406	467.948	278.986	604.929	378.156	212.341	601.162	354.364	258.620	596.630	253.807	313.438	600.820	277.683	427.974	533.273	78.166	377.876	572.658	103.659	350.222	484.289	102.502	214.219	598.749	35.778	206.673	504.485	40.441	376.607	188.455	693.396	315.128	190.632	736.965	246.479	176.922	636.023	293.946	176.075	597.636	206.552	180.234	483.934	191.812	308.202	449.066	274.076	165.395	353.150	205.336	197.067	332.676	248.746	202.560	233.545	304.017	180.778	248.935	428.149	238.628	68.367	368.873	202.659	99.847	340.517	296.474	108.194	211.302	187.820	37.623	197.891	266.024	43.552	390.325	393.184	1135.389	152.625	394.690	1351.861	278.616	482.339	1264.801	283.949	308.011	1256.690	1.306	391.357	1542.197	-116.396	365.914	1444.899	3.229	290.727	1433.358	-31.703	484.221	1446.643	66.409	574.607	1289.096	154.301	660.784	1123.878	172.238	726.322	1235.421	214.668	745.186	1142.029	256.925	777.277	1099.950	342.054	720.290	1147.857	286.540	663.127	1025.917	324.308	786.249	1003.180	346.607	697.288	954.502	427.624	614.374	950.832	377.452	663.476	888.308	367.483	605.189	906.079	62.356	225.260	1298.202	140.236	149.756	1118.105	151.646	54.154	1206.918	194.956	61.053	1113.411	249.914	7.793	1063.712	329.209	54.150	1127.329	316.196	124.777	1063.847	264.968	48.839	984.476	340.826	111.187	966.073	423.754	169.030	935.523	397.703	117.707	863.784	378.098	166.980	893.242
386.393	554.794	970.134	446.585	593.132	803.639	348.732	517.510	886.317	392.945	225.487	971.556	437.181	184.491	848.831	357.833	264.996	893.847	513.008	451.460	996.376	497.274	391.703	1027.358	519.950	336.013	997.693	400.972	584.982	688.439	342.571	600.178	737.248	272.740	613.667	634.128	323.347	596.426	591.375	184.860	600.547	480.371	198.320	467.650	467.725	278.404	605.114	377.957	211.787	601.254	353.904	258.232	596.694	253.415	312.996	600.978	277.652	427.927	533.223	78.127	377.824	572.675	103.617	350.129	484.252	102.462	214.198	598.745	35.811	206.647	504.496	40.461	377.053	188.466	691.897	315.654	190.533	735.903	246.437	176.689	635.336	293.815	175.827	596.748	205.836	180.026	483.524	191.027	307.960	448.688	273.409	165.204	352.994	204.684	196.895	332.302	248.400	202.473	233.153	303.574	180.648	248.701	428.109	238.618	68.395	368.818	202.627	99.828	340.443	296.461	108.154	211.310	187.791	37.658	197.866	265.982	43.539	390.054	393.176	1133.259	151.333	394.781	1348.386	277.610	482.437	1261.947	283.061	308.009	1253.926	-0.180	391.484	1538.228	-117.077	365.975	1440.450	1.952	290.792	1429.422	-33.110	484.258	1442.524	65.187	574.564	1285.141	153.792	660.807	1120.340	171.078	726.477	1231.900	213.869	745.277	1138.657	256.341	777.451	1096.817	341.438	720.655	1145.358	286.775	663.215	1023.212	324.201	786.288	1000.349	346.832	697.323	952.157	428.184	614.567	948.853	378.056	663.358	885.893	368.475	605.203	904.151	61.230	225.392	1294.451	139.901	149.830	1114.717	150.767	54.169	1203.541	194.500	61.065	1110.209	249.605	7.836	1060.775	328.685	54.061	1124.753	316.170	124.684	1061.390	265.142	49.016	981.524	341.024	111.176	963.626	424.356	169.031	933.546	398.409	117.942	861.716	378.814	167.143	891.299
386.708	554.974	967.984	447.157	593.508	802.057	349.582	517.534	884.253	393.716	225.631	969.426	437.596	184.409	847.440	358.664	265.029	891.797	513.537	451.549	994.561	497.715	391.735	1025.672	520.522	336.088	995.981	401.178	585.090	686.906	343.093	600.369	736.153	272.810	614.127	633.650	323.142	596.576	590.214	184.169	600.788	479.889	197.644	467.892	467.435	277.799	605.280	377.686	211.320	600.989	353.371	257.852	596.751	253.146	312.479	601.134	277.534	427.885	533.220	78.183	377.745	572.708	103.635	350.061	484.229	102.411	214.204	598.769	35.811	206.669	504.534	40.439	377.353	188.461	690.602	316.175	190.373	734.916	245.914	175.782	634.809	293.728	175.656	595.658	205.200	179.843	483.091	190.259	307.770	448.395	272.804	165.012	352.791	204.124	196.735	331.871	247.966	202.376	232.842	303.169	180.530	248.518	428.078	238.624	68.409	368.757	202.598	99.808	340.358	296.448	108.144	211.155	187.660	37.831	197.860	265.956	43.544	389.801	393.190	1131.027	150.137	394.832	1345.005	276.677	482.522	1259.044	282.153	307.988	1251.157	-1.613	391.474	1534.239	-118.917	366.084	1436.586	0.651	290.881	1425.511	-34.310	484.383	1438.478	63.979	574.571	1281.259	152.983	660.850	1116.820	169.869	726.613	1228.302	213.147	745.421	1135.207	255.729	777.615	1093.637	340.601	721.037	1142.651	286.778	663.259	1020.413	324.134	786.230	997.250	347.044	697.321	949.539	428.788	614.744	946.943	378.875	663.318	883.707	369.343	605.226	902.193	60.068	225.473	1290.640	139.383	149.955	1111.374	149.940	54.210	1200.082	194.058	61.113	1106.928	249.267	7.861	1057.705	328.172	53.908	1122.077	316.232	124.472	1059.002	265.293	49.201	978.603	341.077	111.178	961.261	424.982	169.027	931.657	399.845	118.615	859.419	379.470	167.217	889.325
387.122	555.027	965.879	447.672	593.901	800.380	350.337	517.579	882.120	394.154	225.541	967.305	438.226	184.408	845.679	359.393	265.042	889.617	514.097	451.541	992.925	498.006	391.719	1023.816	521.048	336.118	994.246	401.461	585.265	685.531	343.488	600.486	734.802	272.719	614.050	632.379	322.900	596.738	589.111	183.473	601.047	479.519	197.092	468.087	467.089	277.165	605.459	377.467	210.753	601.102	352.965	257.469	596.808	252.846	312.035	601.294	277.474	427.873	533.204	78.206	377.665	572.745	103.614	350.011	484.193	102.370	214.192	598.761	35.821	206.639	504.556	40.435	377.599	188.213	689.425	316.634	190.205	733.864	245.898	175.570	633.986	293.628	175.514	594.790	204.604	179.562	482.606	189.567	307.580	448.028	272.138	164.846	352.494	203.554	196.581	331.439	247.566	202.259	232.549	302.722	180.385	248.339	428.048	238.618	68.442	368.702	202.550	99.796	340.280	296.434	108.161	211.154	187.637	37.837	197.849	265.928	43.532	389.540	393.189	1128.755	148.884	394.954	1341.456	275.688	482.635	1256.133	281.236	307.978	1248.365	-3.123	391.642	1530.281	-120.201	366.159	1432.440	-0.595	290.950	1421.537	-35.640	484.420	1434.361	62.562	574.492	1277.349	152.413	660.864	1113.306	168.687	726.721	1224.732	212.338	745.564	1131.795	255.165	777.736	1090.423	339.953	721.455	1140.019	286.826	663.295	1017.705	324.005	786.281	994.306	347.435	697.246	947.043	429.326	614.870	944.911	379.301	663.175	881.317	370.077	605.222	899.858	58.972	225.568	1286.854	138.970	149.987	1107.828	149.015	54.261	1196.594	193.561	61.132	1103.745	248.990	7.934	1054.619	327.591	53.744	1119.421	316.191	124.377	1056.498	265.430	49.350	975.728	341.177	111.192	958.779	425.590	169.000	929.712	400.544	118.824	857.419	380.256	167.369	887.442
387.647	555.130	963.735	448.211	594.258	798.728	351.170	517.601	879.912	394.629	225.524	965.128	438.902	184.370	844.231	360.155	265.026	887.591	514.609	451.619	991.095	498.482	391.742	1022.074	521.584	336.198	992.487	401.664	585.322	683.989	343.985	600.636	733.564	272.771	614.500	631.666	322.684	596.877	587.937	182.800	601.280	479.154	196.375	468.296	466.838	276.576	605.593	377.181	210.159	601.197	352.569	257.060	596.881	252.556	311.543	601.390	277.383	427.819	533.161	78.242	377.599	572.764	103.622	350.123	484.173	102.378	214.174	598.762	35.848	206.618	504.589	40.440	377.908	188.102	688.320	317.081	190.030	732.900	245.780	175.326	633.232	293.541	175.331	593.821	203.893	179.385	482.166	188.783	307.400	447.714	271.470	164.668	352.133	202.946	196.435	330.996	247.183	202.164	232.309	302.334	180.261	248.154	428.022	238.629	68.433	368.648	202.538	99.776	340.213	296.432	108.176	211.145	187.616	37.848	197.843	265.905	43.522	389.234	393.176	1126.516	147.639	395.007	1338.047	274.722	482.727	1253.243	280.373	307.981	1245.542	-4.567	391.716	1526.247	-121.395	366.264	1428.198	-1.892	291.006	1417.551	-36.862	484.497	1430.297	61.374	574.477	1273.342	151.957	660.862	1109.602	167.486	726.902	1221.144	211.529	745.711	1128.437	254.561	777.863	1087.151	339.239	721.880	1137.356	286.794	663.303	1014.903	323.938	786.335	991.446	347.505	697.354	944.450	429.709	615.218	942.963	380.101	663.120	879.121	370.813	605.245	897.923	57.820	225.673	1282.976	138.623	150.049	1104.372	148.125	54.279	1193.053	193.039	61.121	1100.490	248.744	7.959	1051.656	327.069	53.585	1116.774	316.090	124.266	1053.983	265.444	49.457	972.907	341.009	111.174	956.222	426.226	168.965	927.803	401.202	119.028	855.190	380.913	167.444	885.467
388.212	555.177	961.623	448.836	594.696	797.133	351.960	517.605	877.806	395.150	225.546	963.045	439.442	184.283	842.952	360.884	264.990	885.305	515.180	451.615	989.384	498.794	391.779	1020.231	522.120	336.208	990.821	401.852	585.449	682.451	344.338	600.711	732.304	272.729	614.446	630.523	322.446	596.999	586.775	182.024	601.527	478.569	194.486	468.672	467.157	275.901	605.725	376.876	209.576	601.339	352.288	256.649	596.963	252.316	311.115	601.499	277.209	427.768	533.139	78.246	377.506	572.818	103.584	350.015	484.128	102.336	214.178	598.763	35.854	206.608	504.595	40.433	378.224	188.040	686.876	317.547	189.857	731.863	245.682	175.089	632.501	293.445	175.134	592.823	203.162	179.138	481.571	188.025	307.175	447.351	270.827	164.475	351.888	202.336	196.278	330.698	246.816	202.075	232.042	301.891	180.103	247.977	427.983	238.627	68.463	368.585	202.498	99.781	340.121	296.398	108.174	211.174	187.593	37.855	197.823	265.872	43.507	388.998	393.194	1124.252	146.455	395.040	1334.608	273.715	482.879	1250.224	279.456	307.963	1242.693	-5.980	391.841	1522.212	-122.671	366.364	1423.958	-3.108	291.088	1413.511	-38.142	484.578	1426.175	60.232	574.481	1269.444	151.304	660.877	1105.901	166.295	727.025	1217.560	210.812	745.898	1125.082	253.933	778.030	1083.979	338.602	722.239	1134.655	286.802	663.351	1012.129	323.813	786.397	988.545	347.771	697.345	941.908	430.370	615.224	940.976	380.675	663.014	876.748	371.415	605.280	895.830	56.765	225.788	1279.222	138.290	150.138	1100.853	147.258	54.305	1189.630	192.529	61.132	1097.140	248.409	7.940	1048.554	326.499	53.467	1114.144	315.896	124.179	1051.441	265.713	49.636	969.977	341.121	111.226	953.665	426.431	168.943	926.054	400.402	118.624	853.602	381.623	167.581	883.427
388.676	555.241	959.463	449.265	595.038	795.554	352.789	517.650	875.606	395.651	225.680	960.657	440.110	184.279	841.054	361.598	264.987	883.198	515.626	451.704	987.633	499.219	391.830	1018.520	522.608	336.303	989.029	402.086	585.539	681.022	344.683	600.855	731.024	272.746	614.612	629.702	322.231	597.134	585.667	181.330	601.780	478.164	193.698	468.954	466.893	275.250	605.866	376.652	208.966	601.487	351.953	256.258	597.014	252.074	310.686	601.562	277.029	427.738	533.105	78.253	377.424	572.839	103.576	349.929	484.104	102.288	214.195	598.783	35.854	206.562	504.612	40.455	378.499	187.919	685.359	318.066	189.704	730.688	245.654	174.860	631.804	293.324	174.991	591.835	202.489	178.925	481.104	187.200	307.008	447.038	270.164	164.319	351.642	201.714	196.129	330.245	246.438	202.009	231.732	301.431	179.960	247.753	427.956	238.616	68.480	368.578	202.528	99.654	340.013	296.392	108.151	211.184	187.579	37.871	197.852	265.832	43.464	388.722	393.255	1121.991	145.226	395.121	1331.047	272.805	482.978	1247.281	278.560	307.959	1239.776	-7.493	391.920	1518.219	-123.474	366.418	1419.408	-4.373	291.152	1409.547	-39.338	484.646	1422.063	59.067	574.472	1265.481	150.872	660.909	1102.277	165.101	727.145	1213.995	210.085	746.006	1121.584	253.286	778.166	1080.672	338.154	721.869	1132.430	286.834	663.449	1009.318	323.604	786.431	985.507	347.985	697.384	939.283	430.970	615.476	939.006	381.174	662.905	874.391	372.082	605.275	893.694	55.758	225.915	1275.513	137.991	150.232	1097.355	146.329	54.383	1186.214	192.059	61.130	1093.892	248.136	7.950	1045.526	325.966	53.366	1111.533	315.809	124.082	1048.913	265.872	49.766	967.076	342.582	111.951	951.101	427.316	168.935	923.977	400.679	118.719	851.613	382.299	167.706	881.445
389.099	555.299	957.225	449.539	595.315	793.712	353.586	517.650	873.429	395.918	225.626	958.552	440.121	184.665	839.169	362.279	264.987	881.078	516.163	451.756	985.832	499.555	391.841	1016.604	523.126	336.335	987.262	402.273	585.675	679.375	345.229	600.952	729.762	272.743	614.809	628.768	321.988	597.231	584.386	180.625	601.977	477.720	193.134	469.198	466.481	274.573	605.998	376.387	208.346	601.617	351.515	255.896	597.121	251.824	310.282	601.627	276.855	427.699	533.066	78.295	377.346	572.867	103.598	349.857	484.073	102.210	214.210	598.791	35.903	206.567	504.645	40.429	378.754	187.789	684.148	318.461	189.461	729.603	245.664	174.644	630.966	293.206	174.811	590.821	201.838	178.747	480.707	186.438	306.788	446.710	269.498	164.147	351.274	201.089	195.984	329.886	246.084	201.902	231.454	300.975	179.837	247.510	427.921	238.621	68.471	368.461	202.452	99.743	339.911	296.388	108.154	211.186	187.546	37.859	197.789	265.816	43.494	388.487	393.254	1119.645	144.053	395.202	1327.548	271.824	483.119	1244.337	277.692	307.965	1236.933	-8.932	392.019	1514.120	-124.658	366.464	1414.970	-5.624	291.236	1405.548	-40.529	484.781	1417.973	57.942	574.484	1261.477	150.244	660.911	1098.779	163.951	727.281	1210.346	209.317	746.174	1118.104	252.763	778.296	1077.358	337.445	722.259	1129.714	286.759	663.485	1006.380	323.579	786.519	982.723	348.232	697.388	936.745	431.325	615.829	937.045	381.591	662.792	872.129	372.906	605.316	891.607	54.639	226.007	1271.701	137.503	150.288	1093.938	145.478	54.398	1182.760	191.584	61.118	1090.642	247.880	7.960	1042.461	325.391	53.165	1108.845	315.706	123.996	1046.385	266.018	49.850	964.066	342.838	111.982	948.542	427.932	168.874	922.044	400.979	118.744	849.417	382.959	167.767	879.621
389.569	555.341	954.991	450.050	595.691	792.086	354.439	517.694	871.114	396.087	225.573	956.155	441.055	184.589	837.681	362.911	264.908	878.876	516.623	451.805	984.000	499.862	391.876	1014.841	523.587	336.432	985.472	402.478	585.778	677.935	345.988	600.889	728.208	272.637	614.943	627.639	321.781	597.407	583.377	179.959	602.225	477.297	192.575	469.417	466.096	273.910	606.135	376.161	207.646	602.114	351.398	255.470	597.218	251.534	309.848	601.778	276.656	427.657	533.010	78.257	377.265	572.901	103.562	349.770	484.038	102.185	214.217	598.784	35.917	206.540	504.662	40.439	379.020	187.617	682.886	318.968	189.240	728.556	245.666	174.408	630.155	293.115	174.638	589.865	201.187	178.501	480.280	185.618	306.556	446.394	268.812	163.970	351.060	200.489	195.864	329.461	245.736	201.812	231.172	300.539	179.725	247.350	427.900	238.631	68.521	368.387	202.415	99.739	339.839	296.375	108.151	211.193	187.534	37.883	197.770	265.788	43.490	388.271	393.265	1117.337	142.853	395.264	1323.988	270.890	483.246	1241.379	276.802	307.957	1234.103	-10.309	392.107	1510.148	-126.392	366.648	1411.200	-6.867	291.275	1401.568	-41.787	484.866	1413.780	56.779	574.455	1257.559	149.715	660.960	1095.135	162.837	727.389	1206.745	208.585	746.313	1114.603	252.306	778.434	1074.215	336.701	722.761	1126.873	286.740	663.561	1003.577	323.428	786.562	979.730	348.523	697.394	934.140	431.794	616.017	934.923	381.885	662.652	869.698	373.528	605.312	889.433	53.554	226.124	1267.841	136.994	150.301	1090.403	144.564	54.405	1179.230	191.096	61.103	1087.237	247.585	7.921	1039.357	324.815	53.003	1106.072	315.435	123.904	1043.777	266.202	49.980	961.157	344.235	112.056	946.669	428.778	168.497	920.070	403.875	119.685	846.882	383.703	167.904	877.704
390.018	555.414	952.743	450.453	596.073	790.380	355.209	517.654	868.837	396.541	225.725	953.799	440.915	184.809	835.938	363.670	264.909	876.670	517.089	451.818	982.248	500.215	391.905	1012.943	524.084	336.468	983.732	402.648	585.861	676.409	346.421	600.983	726.813	272.564	615.057	626.631	321.517	597.511	582.112	179.240	602.454	476.721	192.091	469.555	465.721	273.253	606.278	375.903	207.112	601.853	350.780	255.026	597.305	251.285	309.463	601.782	276.077	427.601	532.973	78.279	377.179	572.889	103.555	349.686	484.006	102.144	214.223	598.800	35.922	206.520	504.679	40.452	379.276	187.527	681.487	319.485	189.063	727.513	245.742	174.192	629.360	292.935	174.441	589.002	200.358	178.265	479.885	184.891	306.377	446.069	268.147	163.780	350.843	199.848	195.719	329.071	245.337	201.738	230.886	300.082	179.604	247.178	427.871	238.631	68.520	368.336	202.390	99.722	339.731	296.358	108.141	211.203	187.511	37.880	197.748	265.739	43.526	388.078	393.293	1115.043	141.581	395.282	1320.455	269.945	483.416	1238.313	275.975	307.956	1231.191	-11.706	392.274	1506.053	-127.185	366.692	1406.631	-8.142	291.321	1397.518	-42.981	484.907	1409.632	55.631	574.474	1253.557	149.327	660.976	1091.338	161.712	727.529	1203.056	207.826	746.449	1111.216	251.650	778.590	1070.832	335.905	723.242	1124.002	286.748	663.628	1000.821	323.286	786.637	976.694	349.270	697.232	931.477	432.266	616.170	932.904	382.326	662.547	867.470	374.204	605.349	887.409	52.469	226.142	1263.982	136.745	150.438	1086.897	143.663	54.419	1175.651	190.615	61.064	1083.887	247.264	7.909	1036.265	324.233	52.783	1103.360	315.184	123.822	1041.107	266.323	50.069	958.318	343.400	112.039	943.763	429.108	168.748	918.173	404.399	119.797	844.640	384.348	167.881	875.746
390.328	555.493	950.408	450.849	596.498	788.774	355.962	517.677	866.656	396.840	225.757	951.460	440.617	185.557	833.607	364.313	264.881	874.346	517.543	451.920	980.392	500.525	391.968	1011.076	524.533	336.529	981.954	402.857	585.994	674.812	346.821	601.103	725.670	272.529	615.250	625.808	321.276	597.668	581.058	178.539	602.667	476.234	191.558	469.737	465.251	272.571	606.412	375.693	206.444	601.956	350.351	254.547	597.378	250.920	308.925	601.900	275.956	427.572	532.952	78.313	377.095	572.936	103.566	349.595	483.976	102.118	214.218	598.798	35.932	206.485	504.697	40.448	379.470	187.354	680.076	320.002	188.881	726.526	246.430	174.086	628.572	292.829	174.291	587.927	199.656	178.033	479.308	184.149	306.202	445.664	267.456	163.602	350.577	199.221	195.619	328.572	244.894	201.647	230.559	299.646	179.492	246.963	427.831	238.616	68.565	368.257	202.374	99.709	339.638	296.366	108.118	211.188	187.485	37.893	197.740	265.742	43.477	387.875	393.333	1112.677	140.458	395.328	1316.873	268.981	483.543	1235.273	275.090	307.973	1228.257	-13.118	392.393	1501.986	-128.385	366.798	1402.296	-9.319	291.387	1393.525	-44.110	485.002	1405.465	54.763	574.502	1249.574	148.727	660.962	1087.636	160.595	727.707	1199.487	207.111	746.612	1107.851	251.038	778.765	1067.535	335.149	723.691	1121.202	286.653	663.649	997.920	323.189	786.702	973.732	349.519	697.202	928.816	432.764	616.409	930.928	382.594	662.462	864.954	374.867	605.382	885.236	51.429	226.292	1260.153	136.399	150.436	1083.464	142.754	54.427	1172.123	190.132	61.030	1080.640	246.997	7.866	1033.200	323.721	52.587	1100.683	314.925	123.702	1038.471	266.430	50.176	955.361	343.695	112.064	941.351	428.713	168.414	916.202	405.190	119.980	842.578	384.984	167.930	873.720
390.749	555.500	948.159	451.287	596.906	787.183	356.651	517.656	864.487	396.829	225.622	949.191	440.361	186.517	831.423	364.966	264.850	872.185	518.046	452.018	978.658	500.874	392.027	1009.272	525.001	336.554	980.181	402.964	586.044	673.412	347.317	601.203	724.557	272.566	615.416	624.929	321.049	597.754	579.809	177.845	602.915	475.734	190.978	469.892	464.783	271.843	606.544	375.410	205.808	602.068	349.876	254.152	597.415	250.588	308.339	602.050	275.845	427.527	532.923	78.347	376.997	572.951	103.556	349.492	483.936	102.060	214.231	598.815	35.939	206.463	504.708	40.455	379.765	187.264	678.720	320.335	188.706	725.297	246.539	173.905	627.800	292.628	174.094	587.029	198.969	177.828	478.791	183.292	306.036	445.333	266.745	163.463	350.276	198.592	195.475	328.176	244.494	201.591	230.293	299.190	179.403	246.756	427.806	238.647	68.604	368.167	202.341	99.697	339.504	296.355	108.097	211.187	187.482	37.867	197.696	265.688	43.484	387.616	393.375	1110.307	139.272	395.384	1313.343	267.988	483.681	1232.270	274.256	307.999	1225.305	-14.535	392.431	1497.910	-129.951	366.932	1398.200	-10.567	291.424	1389.486	-45.348	485.041	1401.207	53.656	574.520	1245.613	148.234	661.042	1083.978	159.501	727.842	1195.860	206.284	746.787	1104.419	250.503	778.912	1064.331	334.177	724.294	1118.527	286.760	663.748	995.047	323.095	786.810	970.931	349.721	697.252	926.268	433.230	616.555	928.824	383.238	662.388	862.737	375.484	605.398	883.013	50.330	226.385	1256.301	135.942	150.568	1079.842	141.872	54.402	1168.608	189.706	61.006	1077.203	246.669	7.852	1030.137	323.121	52.400	1098.017	314.391	123.616	1035.617	266.555	50.273	952.364	344.913	112.085	939.224	429.527	167.962	914.149	405.830	120.128	840.466	385.729	168.029	871.724
390.815	555.521	945.601	451.639	597.306	785.497	357.385	517.652	862.179	397.233	225.655	947.064	438.946	188.634	828.501	365.624	264.812	869.980	518.463	452.040	976.714	501.176	392.076	1007.314	525.469	336.638	978.330	403.213	586.180	671.741	347.654	601.257	723.249	272.628	615.578	624.013	320.818	597.902	578.589	177.134	603.135	475.296	190.426	470.066	464.249	271.096	606.734	375.066	205.170	602.149	349.403	253.687	597.441	250.233	307.819	602.187	275.699	427.473	532.898	78.376	376.915	572.971	103.568	349.391	483.901	102.010	214.244	598.818	35.968	206.443	504.738	40.449	379.994	187.114	677.529	320.740	188.521	724.211	246.523	173.667	627.015	292.463	173.929	585.960	198.268	177.647	478.297	182.608	305.846	445.067	266.025	163.305	350.018	197.960	195.361	327.789	244.097	201.527	229.923	298.724	179.288	246.583	427.781	238.670	68.640	368.107	202.338	99.701	339.375	296.342	108.091	211.184	187.460	37.880	197.681	265.677	43.456	387.379	393.394	1107.918	138.151	395.463	1309.720	267.126	483.783	1229.244	273.376	308.041	1222.373	-15.837	392.489	1493.678	-130.806	367.031	1393.630	-11.819	291.475	1385.415	-46.480	485.165	1397.132	52.448	574.486	1241.481	147.707	661.132	1080.476	158.379	727.983	1192.175	205.510	746.921	1100.903	249.901	778.971	1061.003	333.343	724.811	1115.668	286.649	663.781	992.124	322.924	786.826	967.804	350.086	697.218	923.559	433.683	616.719	926.844	383.925	662.257	860.396	376.172	605.418	880.946	49.336	226.471	1252.437	135.486	150.552	1076.230	140.967	54.417	1165.090	189.135	60.967	1073.888	246.321	7.801	1027.001	322.510	52.213	1095.374	314.081	123.494	1032.978	266.672	50.354	949.552	345.230	112.088	936.847	429.380	168.073	912.346	406.537	120.282	838.407	387.386	169.091	871.249
390.985	555.638	943.060	452.034	597.668	783.883	358.042	517.610	859.873	398.112	225.849	944.900	439.532	188.876	826.689	366.184	264.740	867.836	518.928	452.130	974.935	501.537	392.136	1005.533	525.958	336.662	976.489	403.201	586.144	670.150	347.989	601.302	721.882	272.451	615.656	622.991	320.562	598.023	577.471	176.365	603.335	474.585	189.835	470.214	463.783	270.392	606.883	374.771	204.484	602.274	349.001	253.234	597.496	249.886	307.379	602.276	275.494	427.424	532.852	78.390	376.808	572.994	103.551	349.271	483.852	101.937	214.227	598.837	35.964	206.430	504.770	40.435	380.152	186.997	675.983	321.133	188.415	723.133	246.454	173.424	626.222	292.288	173.737	585.058	197.570	177.438	477.802	181.916	305.701	444.697	265.346	163.166	349.673	197.382	195.216	327.409	243.713	201.483	229.578	298.229	179.152	246.414	427.730	238.686	68.638	368.019	202.313	99.672	339.270	296.357	108.085	211.194	187.453	37.868	197.651	265.642	43.430	387.167	393.441	1105.522	137.006	395.523	1306.123	266.107	483.945	1226.111	272.521	308.067	1219.397	-17.187	392.574	1489.547	-131.986	367.123	1389.323	-12.991	291.552	1381.335	-47.613	485.224	1392.912	51.325	574.509	1237.483	147.096	661.163	1076.821	157.270	728.098	1188.495	204.824	747.071	1097.406	249.283	779.137	1057.636	332.107	725.896	1112.566	286.259	663.456	989.515	322.835	786.877	964.885	350.320	697.223	920.978	433.836	616.831	924.786	385.425	662.242	858.075	376.768	605.427	878.725	48.279	226.526	1248.555	135.203	150.612	1072.670	140.059	54.429	1161.493	188.686	60.884	1070.655	246.061	7.767	1023.963	321.865	51.901	1092.782	313.550	123.389	1030.132	266.815	50.435	946.669	345.505	112.070	934.356	429.625	167.910	910.318	407.238	120.429	836.315	386.963	168.706	867.975
391.080	555.630	940.444	452.520	598.145	782.302	358.821	517.617	857.544	398.625	225.966	942.750	439.367	189.327	824.553	366.795	264.659	865.692	519.351	452.168	973.001	501.823	392.157	1003.557	526.423	336.741	974.734	403.629	586.446	668.822	348.493	601.419	720.647	272.366	615.791	621.982	320.292	598.163	576.233	175.615	603.531	474.025	188.900	470.229	463.383	269.684	607.192	374.489	203.818	602.399	348.650	252.773	597.553	249.583	306.810	602.439	275.313	427.406	532.855	78.455	376.707	573.019	103.527	349.210	483.839	101.900	214.219	598.849	35.958	206.388	504.774	40.415	380.382	186.911	674.626	321.615	188.304	722.055	246.550	173.282	625.487	292.090	173.521	584.100	196.811	177.253	477.384	181.179	305.539	444.337	264.677	163.020	349.325	196.767	195.073	326.986	243.280	201.437	229.301	297.755	179.088	246.161	427.664	238.686	68.670	367.994	202.341	99.528	339.121	296.346	107.964	211.175	187.445	37.856	197.681	265.621	43.364	386.959	393.483	1103.186	135.860	395.581	1302.506	265.236	484.067	1223.076	271.661	308.090	1216.412	-18.586	392.668	1485.454	-133.622	367.201	1385.422	-14.174	291.623	1377.292	-48.751	485.292	1388.701	50.192	574.471	1233.462	146.610	661.242	1073.060	156.187	728.232	1184.735	204.070	747.236	1093.942	248.691	779.310	1054.310	331.200	726.424	1109.686	287.048	663.795	986.850	322.722	786.929	961.847	350.603	697.208	918.299	434.234	616.984	922.674	386.191	662.158	855.716	377.431	605.458	876.673	47.300	226.630	1244.625	134.900	150.669	1069.127	139.151	54.432	1157.876	188.183	60.900	1067.186	245.755	7.699	1020.777	321.240	51.636	1090.056	313.079	123.265	1027.363	266.956	50.521	943.755	345.791	112.079	931.940	430.019	167.750	908.367	407.878	120.525	834.134	387.606	168.726	866.058
391.291	555.553	938.054	452.662	598.423	780.618	359.423	517.624	855.274	398.758	225.875	940.589	440.031	189.282	822.548	367.418	264.615	863.451	519.800	452.277	971.215	502.151	392.280	1001.684	526.862	336.772	972.830	403.482	586.333	667.025	348.888	601.512	719.401	272.363	615.941	621.110	320.013	598.281	575.110	174.872	603.710	473.404	188.122	470.414	463.030	268.971	607.371	374.205	203.178	602.487	348.242	252.351	597.539	249.120	306.296	602.505	275.106	427.332	532.787	78.443	376.627	573.041	103.533	349.072	483.786	101.835	214.218	598.853	35.970	206.354	504.790	40.411	380.554	186.775	673.368	321.953	188.207	720.992	246.691	173.146	624.705	291.933	173.323	583.259	196.117	177.087	476.894	180.387	305.380	444.048	264.015	162.910	349.106	196.109	194.929	326.585	242.912	201.388	228.991	297.295	178.981	245.959	427.625	238.712	68.701	367.848	202.289	99.638	339.006	296.348	107.910	211.178	187.434	37.854	197.609	265.586	43.390	386.736	393.564	1100.775	134.761	395.631	1298.856	264.264	484.245	1219.948	270.966	308.143	1213.436	-19.921	392.774	1481.321	-134.352	367.388	1380.908	-15.347	291.699	1373.171	-49.910	485.384	1384.515	49.119	574.459	1229.373	145.989	661.284	1069.397	155.084	728.342	1181.074	203.298	747.387	1090.479	248.160	779.456	1050.919	330.374	726.840	1106.681	287.305	664.007	984.056	322.578	786.970	958.740	350.847	697.240	915.694	434.630	617.152	920.697	386.522	662.025	853.310	377.948	605.481	874.466	46.285	226.707	1240.721	134.564	150.694	1065.522	138.233	54.391	1154.213	187.674	60.841	1063.827	245.457	7.617	1017.720	320.646	51.338	1087.311	312.625	123.194	1024.595	267.096	50.566	940.771	346.037	112.038	929.535	432.007	168.200	906.800	408.455	120.637	832.101	388.229	168.765	864.156
391.676	555.493	935.822	452.975	598.787	778.893	359.990	517.659	852.969	399.910	225.990	938.788	440.748	189.260	820.742	367.995	264.558	861.270	520.276	452.349	969.360	502.442	392.301	999.827	527.308	336.834	971.012	403.842	586.584	665.730	349.201	601.578	718.091	272.311	616.066	620.224	319.700	598.401	573.909	174.086	603.914	472.824	187.274	470.599	462.658	268.213	607.528	373.934	202.502	602.564	347.775	251.886	597.575	248.800	305.773	602.641	274.867	427.272	532.769	78.447	376.518	573.064	103.493	348.997	483.753	101.840	214.237	598.860	35.980	206.328	504.818	40.387	380.750	186.652	672.140	322.329	188.114	719.788	246.806	172.990	623.873	291.697	173.122	582.206	195.381	176.928	476.354	179.585	305.222	443.595	263.329	162.777	348.810	195.423	194.779	326.131	242.526	201.314	228.724	296.781	178.870	245.794	427.590	238.741	68.702	367.759	202.274	99.617	338.901	296.350	107.891	211.172	187.404	37.864	197.592	265.575	43.392	386.485	393.610	1098.356	133.625	395.709	1295.244	263.624	484.654	1217.021	270.114	308.216	1210.394	-21.213	392.863	1477.184	-135.557	367.447	1376.543	-16.515	291.735	1369.020	-51.043	485.439	1380.318	48.045	574.441	1225.373	145.442	661.375	1065.685	154.036	728.494	1177.393	202.597	747.543	1086.935	247.608	779.552	1047.546	329.024	727.517	1103.418	287.356	664.126	981.187	322.385	787.029	955.753	351.008	697.178	912.939	434.942	617.256	918.569	387.308	661.929	851.079	378.570	605.472	872.365	45.337	226.795	1236.839	134.045	150.716	1062.012	137.380	54.382	1150.668	187.154	60.782	1060.457	245.237	7.551	1014.713	320.076	51.081	1084.628	312.144	123.013	1021.830	267.274	50.617	937.841	346.226	111.997	927.111	432.302	168.016	904.828	409.082	120.718	830.009	388.854	168.781	862.117
392.813	555.628	934.108	453.270	599.112	777.147	360.559	517.632	850.711	400.412	226.187	936.620	440.959	189.391	818.884	368.640	264.513	859.067	520.688	452.410	967.460	502.732	392.358	997.783	527.743	336.880	969.104	403.851	586.626	664.163	349.492	601.589	716.784	272.238	616.192	619.337	319.447	598.561	572.786	173.387	604.126	472.369	186.488	470.778	462.159	267.492	607.696	373.576	201.772	602.644	347.279	251.402	597.632	248.562	305.220	602.749	274.764	427.229	532.734	78.496	376.415	573.081	103.490	348.902	483.721	101.806	214.239	598.867	35.973	206.278	504.812	40.390	380.928	186.636	670.651	322.685	188.055	718.737	246.962	172.841	623.032	291.524	172.914	581.255	194.618	176.776	475.770	178.901	305.029	443.201	262.644	162.641	348.539	194.818	194.722	325.712	242.101	201.249	228.435	296.330	178.783	245.556	427.541	238.741	68.757	367.678	202.272	99.599	338.802	296.349	107.850	211.164	187.391	37.849	197.553	265.536	43.375	386.242	393.660	1095.972	132.536	395.758	1291.595	262.749	484.833	1214.103	269.310	308.287	1207.391	-22.575	392.935	1473.044	-136.985	367.502	1372.262	-17.662	291.822	1364.895	-52.118	485.445	1376.115	46.985	574.436	1221.312	145.048	661.486	1062.099	152.978	728.631	1173.737	201.889	747.653	1083.348	246.870	779.714	1044.113	328.141	727.915	1100.467	287.368	664.205	978.292	322.243	787.066	952.682	351.276	697.160	910.429	435.371	617.436	916.488	387.719	661.800	848.615	379.189	605.447	870.171	44.440	226.931	1232.879	133.680	150.734	1058.387	136.527	54.416	1147.163	186.650	60.725	1057.042	244.964	7.464	1011.556	319.182	50.157	1082.639	311.458	122.885	1019.062	267.392	50.680	934.922	346.513	111.966	924.713	432.753	167.834	902.805	409.658	120.840	827.944	390.316	169.138	861.392
393.117	555.613	931.785	453.516	599.463	775.507	361.173	517.621	848.395	400.613	226.138	934.457	441.745	189.239	817.038	369.170	264.395	856.929	521.145	452.443	965.591	503.108	392.415	995.932	528.197	336.907	967.238	403.801	586.582	662.404	349.798	601.671	715.500	272.092	616.245	618.297	319.179	598.711	571.683	172.682	604.351	471.841	185.589	470.924	461.849	266.832	607.850	373.350	201.081	602.727	346.790	250.876	597.716	248.225	304.719	602.860	274.617	427.171	532.699	78.516	376.318	573.098	103.488	348.794	483.694	101.745	214.223	598.865	35.977	206.271	504.831	40.351	381.024	186.493	669.278	323.137	188.012	717.637	247.023	172.656	621.997	291.305	172.792	580.235	193.835	176.521	475.265	178.152	304.849	442.819	261.940	162.490	348.244	194.219	194.613	325.279	241.698	201.177	228.126	295.863	178.709	245.291	427.486	238.790	68.769	367.597	202.282	99.601	338.724	296.364	107.829	211.180	187.387	37.828	197.523	265.519	43.339	386.073	393.712	1093.580	131.423	395.830	1287.918	261.900	484.958	1211.005	268.489	308.351	1204.383	-23.845	393.005	1468.873	-137.820	367.606	1367.646	-18.823	291.866	1360.760	-53.272	485.474	1371.905	45.908	574.396	1217.301	144.473	661.491	1058.414	151.872	728.788	1170.023	201.105	747.838	1079.852	246.366	779.799	1040.864	327.662	728.049	1097.709	287.383	664.291	975.500	322.192	787.138	949.746	351.404	697.132	907.654	435.793	617.611	914.534	388.345	661.681	846.274	379.725	605.481	868.076	43.375	227.036	1228.952	133.397	150.744	1054.813	135.633	54.385	1143.552	186.242	60.618	1053.738	244.620	7.362	1008.511	318.704	49.894	1080.235	310.860	122.726	1016.248	267.350	50.647	931.987	346.723	111.946	922.176	434.039	167.521	900.954	410.147	120.882	825.694	391.077	169.264	859.758
393.400	555.633	929.479	453.864	599.831	773.899	361.793	517.601	846.044	400.992	226.263	932.387	442.703	189.115	815.441	369.774	264.381	854.793	521.579	452.561	963.686	503.330	392.411	993.979	528.677	337.008	965.344	404.093	586.830	661.128	350.897	602.067	713.845	271.972	616.364	617.413	318.822	598.784	570.435	171.867	604.554	471.127	184.735	471.068	461.366	266.043	608.017	373.015	200.382	602.801	346.374	250.376	597.731	247.886	304.276	602.879	273.934	427.114	532.650	78.550	376.218	573.112	103.484	348.694	483.650	101.696	214.230	598.860	36.009	206.228	504.826	40.308	381.254	186.421	667.982	323.463	187.908	716.548	247.587	173.356	621.013	291.035	172.497	579.452	193.104	176.311	474.803	177.396	304.692	442.509	261.264	162.334	347.996	193.539	194.487	324.777	241.291	201.123	227.770	295.405	178.586	245.098	427.445	238.814	68.808	367.520	202.266	99.585	338.627	296.398	107.817	211.149	187.368	37.825	197.495	265.499	43.322	385.861	393.753	1091.181	130.320	395.891	1284.244	260.998	485.111	1207.901	267.717	308.401	1201.331	-25.082	393.062	1464.673	-139.018	367.673	1363.338	-19.909	291.919	1356.618	-54.348	485.534	1367.654	44.840	574.372	1213.218	143.940	661.583	1054.611	150.833	728.930	1166.278	200.451	747.986	1076.358	245.756	779.940	1037.446	326.785	728.491	1094.631	287.305	664.356	972.573	322.033	787.149	946.568	351.695	697.067	905.042	436.176	617.744	912.373	388.767	661.524	843.828	380.263	605.436	865.920	42.374	227.140	1224.965	132.875	150.685	1051.086	134.748	54.389	1140.046	185.759	60.552	1050.378	244.334	7.276	1005.380	318.192	49.682	1077.437	310.619	122.482	1013.695	267.583	50.770	929.092	347.024	111.891	919.848	434.522	167.395	899.021	410.637	120.968	823.739	391.731	169.276	858.043
393.772	555.553	927.095	454.205	600.200	772.286	362.307	517.577	843.958	401.451	226.500	930.125	442.870	189.167	813.422	371.050	264.785	852.834	522.013	452.543	961.736	503.705	392.504	992.005	529.137	337.005	963.449	404.784	588.424	659.606	350.267	601.723	712.805	271.843	616.453	616.292	318.539	598.955	569.349	171.158	604.760	470.614	183.913	471.279	460.971	265.180	608.185	372.632	199.665	602.826	345.876	249.942	597.771	247.634	303.760	602.983	273.711	427.043	532.618	78.588	376.101	573.153	103.474	348.596	483.611	101.674	214.235	598.870	36.005	206.194	504.860	40.317	381.348	186.264	666.740	323.811	187.833	715.453	247.502	173.203	620.367	290.809	172.316	578.408	192.339	176.169	474.312	176.507	304.482	442.157	260.600	162.210	347.759	192.887	194.394	324.389	240.846	201.084	227.441	294.961	178.505	244.919	427.404	238.861	68.895	367.386	202.282	99.486	338.491	296.415	107.789	211.143	187.360	37.796	197.462	265.473	43.297	385.604	393.835	1088.803	129.251	395.918	1280.553	260.122	485.232	1204.759	267.002	308.400	1198.444	-26.396	393.162	1460.555	-140.132	367.710	1358.967	-21.072	291.991	1352.439	-55.517	485.589	1363.322	43.797	574.353	1209.208	143.534	661.612	1050.836	149.811	729.043	1162.539	199.911	747.985	1072.445	245.120	780.028	1033.975	325.964	728.860	1091.606	286.901	664.237	969.518	321.910	787.155	943.561	351.883	697.020	902.283	436.556	617.900	910.288	389.356	661.378	841.544	380.721	605.425	863.760	41.409	227.198	1221.047	132.289	150.669	1047.589	133.847	54.368	1136.402	185.240	60.523	1046.937	244.011	7.171	1002.255	317.889	49.479	1074.695	311.500	122.207	1011.870	267.709	50.788	926.070	347.113	111.838	917.357	435.003	167.274	897.148	411.152	121.058	821.737	392.298	169.227	856.153
394.056	555.458	924.735	454.496	600.551	770.514	362.789	517.578	841.675	402.607	226.725	928.213	443.551	188.983	811.589	371.756	264.803	850.661	522.447	452.637	959.867	504.040	392.528	990.071	529.599	337.070	961.542	405.002	588.642	658.173	350.523	601.789	711.477	271.698	616.576	615.411	318.168	599.067	568.111	170.414	604.944	470.023	183.168	471.440	460.665	264.329	608.337	372.273	198.959	602.964	345.513	249.460	597.789	247.302	303.075	603.154	273.632	426.994	532.574	78.613	376.015	573.157	103.470	348.484	483.556	101.623	214.249	598.858	36.002	206.171	504.857	40.303	381.443	186.221	665.185	324.095	187.778	714.326	247.447	173.060	619.549	290.583	172.124	577.479	191.572	175.968	473.830	175.757	304.276	441.796	259.861	162.054	347.425	192.203	194.249	324.024	240.388	201.012	227.142	294.488	178.391	244.740	427.364	238.903	68.939	367.284	202.296	99.474	338.426	296.447	107.744	211.123	187.346	37.822	197.423	265.450	43.276	385.368	393.897	1086.392	128.136	395.992	1276.831	259.132	485.368	1201.555	266.198	308.426	1195.367	-27.670	393.209	1456.304	-141.245	367.815	1354.650	-22.158	291.993	1348.269	-56.549	485.680	1359.068	42.804	574.303	1205.153	142.924	661.669	1047.263	148.736	729.155	1158.816	199.827	748.067	1068.888	244.575	780.165	1030.546	325.082	729.253	1088.585	286.830	664.250	966.550	321.745	787.174	940.490	352.022	696.985	899.744	436.911	618.020	908.227	389.797	661.211	839.200	381.387	605.389	861.639	40.430	227.293	1217.013	131.588	150.449	1043.912	132.987	54.348	1132.727	184.730	60.430	1043.529	243.672	7.079	999.190	317.361	49.296	1071.923	314.790	121.177	1010.854	267.863	50.815	923.222	347.403	111.758	914.989	435.476	167.174	895.285	411.671	121.122	819.607	392.852	169.245	854.113
394.644	554.965	922.749	454.968	600.971	768.854	363.246	517.597	839.586	402.064	226.573	925.782	444.043	188.975	809.825	372.349	264.791	848.472	522.927	452.644	957.958	504.315	392.585	988.094	530.038	337.102	959.591	405.086	588.803	656.743	350.716	601.827	710.236	271.499	616.674	614.479	317.822	599.213	566.966	169.621	605.158	469.518	182.329	471.599	460.215	263.647	608.482	372.016	198.258	603.085	345.165	248.955	597.802	247.007	302.485	603.275	273.438	426.931	532.530	78.650	375.912	573.177	103.475	348.356	483.526	101.604	214.229	598.862	36.022	206.119	504.880	40.287	381.567	186.103	663.958	324.437	187.717	713.231	247.367	172.885	618.796	290.298	171.911	576.577	190.819	175.773	473.220	174.995	304.116	441.428	259.157	161.899	347.047	191.612	194.133	323.598	239.973	200.946	226.845	294.043	178.313	244.476	427.310	238.919	68.991	367.203	202.303	99.465	338.302	296.480	107.745	211.134	187.355	37.799	197.394	265.429	43.255	385.143	393.906	1083.948	127.079	396.045	1273.157	258.293	485.457	1198.441	265.346	308.492	1192.292	-28.923	393.209	1452.080	-142.349	367.842	1350.223	-23.270	292.017	1344.070	-57.633	485.761	1354.853	41.801	574.254	1201.090	142.432	661.752	1043.501	147.719	729.315	1155.140	199.101	748.217	1065.364	244.109	780.276	1027.250	324.311	729.563	1085.628	286.817	664.318	963.665	321.548	787.169	937.360	352.165	696.915	896.974	437.215	618.157	906.137	390.350	661.078	836.731	381.919	605.393	859.419	39.426	227.382	1212.952	131.487	150.500	1040.285	132.116	54.250	1129.271	184.316	60.326	1040.216	243.379	6.965	996.079	316.800	49.132	1069.155	315.374	120.256	1009.505	267.961	50.824	920.300	347.571	111.720	912.524	435.932	167.047	893.350	412.273	121.246	817.530	393.436	169.305	852.213
394.947	554.887	920.507	455.151	601.250	767.163	363.772	517.540	837.274	402.370	226.644	923.619	444.675	188.915	808.034	372.969	264.792	846.364	523.329	452.675	955.918	504.669	392.626	986.111	530.528	337.161	957.678	404.977	588.868	654.923	351.037	601.964	708.860	271.452	616.820	613.616	317.386	599.326	565.803	168.861	605.327	468.966	181.520	471.763	459.712	262.910	608.647	371.745	197.532	603.176	344.770	248.465	597.785	246.533	301.996	603.344	273.255	426.886	532.506	78.731	375.793	573.185	103.474	348.261	483.481	101.565	214.217	598.862	36.035	206.099	504.884	40.276	381.602	185.922	662.622	324.644	187.616	712.184	247.180	172.689	618.078	290.031	171.693	575.641	190.065	175.575	472.650	174.258	303.968	441.007	258.422	161.739	346.722	190.953	194.017	323.064	239.576	200.858	226.454	293.583	178.257	244.210	427.231	238.947	69.001	367.087	202.308	99.443	338.176	296.493	107.720	211.104	187.341	37.741	197.351	265.388	43.199	384.879	393.919	1081.550	126.004	396.101	1269.388	257.317	485.579	1195.188	264.534	308.567	1189.192	-30.202	393.262	1447.820	-143.458	367.935	1345.757	-24.335	292.044	1339.866	-58.743	485.844	1350.493	40.757	574.221	1197.046	141.833	661.693	1039.800	146.687	729.449	1151.376	198.356	748.282	1061.594	243.426	780.389	1023.724	323.441	730.008	1082.621	286.706	664.304	960.747	321.446	787.182	934.333	352.296	696.834	894.309	437.594	618.302	904.051	390.878	660.942	834.481	382.419	605.357	857.468	38.414	227.477	1208.966	131.019	150.415	1036.631	131.249	54.252	1125.696	183.819	60.227	1036.893	243.068	6.853	992.930	316.221	48.935	1066.407	314.901	120.039	1006.853	268.047	50.846	917.354	347.749	111.711	910.258	436.395	166.942	891.499	412.718	121.311	815.503	393.833	169.259	850.153
395.214	554.831	918.111	455.494	601.594	765.460	364.643	517.433	835.098	402.997	226.857	921.501	445.357	188.751	806.488	373.583	264.783	844.198	523.807	452.773	954.093	504.967	392.648	984.104	530.987	337.216	955.656	404.995	588.968	653.470	351.233	602.012	707.641	271.289	616.970	612.727	317.046	599.521	564.672	168.020	605.508	468.351	180.615	471.921	459.203	262.147	608.789	371.436	196.805	603.227	344.208	247.932	597.830	246.196	301.374	603.560	273.191	426.822	532.442	78.741	375.700	573.211	103.501	348.138	483.440	101.527	214.227	598.860	36.029	206.051	504.888	40.260	381.692	185.818	661.432	325.003	187.560	711.047	247.122	172.561	617.311	289.726	171.486	574.674	189.273	175.361	472.202	173.435	303.853	440.620	257.757	161.613	346.425	190.342	193.810	322.684	239.128	200.759	226.112	293.170	178.172	244.021	427.151	238.994	69.061	367.009	202.322	99.410	338.033	296.534	107.674	211.085	187.329	37.731	197.299	265.362	43.172	384.600	393.946	1079.102	124.922	396.132	1265.711	256.464	485.730	1191.958	263.716	308.627	1186.072	-31.527	393.291	1443.602	-144.543	367.947	1341.318	-25.422	292.077	1335.640	-59.797	485.881	1346.340	39.757	574.163	1192.981	141.207	661.722	1036.093	145.628	729.575	1147.595	197.643	748.491	1058.118	242.815	780.485	1020.257	322.708	730.319	1079.586	286.571	664.313	957.933	321.330	787.140	931.134	352.478	696.784	891.631	437.959	618.436	901.966	391.181	660.741	832.012	382.856	605.293	855.172	37.431	227.561	1204.921	130.494	150.398	1033.122	130.371	54.208	1121.979	183.312	60.102	1033.553	242.748	6.728	989.898	315.807	48.604	1064.088	314.455	119.785	1004.193	268.194	50.865	914.476	347.898	111.661	907.787	438.074	166.419	890.004	413.244	121.431	813.494	394.418	169.323	848.441
395.454	554.778	915.853	455.857	601.912	763.699	367.816	516.624	832.518	403.210	226.781	919.298	445.757	188.836	804.381	374.247	264.802	841.880	524.253	452.812	952.046	505.578	392.701	982.508	531.515	337.298	953.763	405.035	589.081	652.014	351.419	602.019	706.200	271.083	617.089	611.774	316.627	599.666	563.510	167.233	605.676	467.823	179.811	472.045	458.758	261.342	608.948	371.062	196.082	603.266	343.653	247.454	597.883	245.898	300.795	603.654	273.046	426.760	532.427	78.772	375.578	573.238	103.498	348.037	483.409	101.501	214.214	598.854	36.023	205.998	504.873	40.192	381.741	185.678	659.900	325.268	187.510	710.004	247.058	172.483	616.549	289.396	171.257	573.778	188.568	175.141	471.693	172.587	303.586	440.142	257.083	161.478	346.162	189.719	193.725	322.110	238.714	200.664	225.793	292.703	178.047	243.821	427.079	239.005	69.111	366.923	202.338	99.391	337.907	296.559	107.626	211.064	187.313	37.693	197.248	265.328	43.124	384.377	394.052	1076.717	123.859	396.214	1261.868	255.451	485.860	1188.703	262.852	308.623	1182.887	-32.743	393.285	1439.366	-145.594	367.992	1336.918	-26.534	292.153	1331.361	-60.801	485.963	1341.980	38.774	574.148	1188.933	140.704	661.810	1032.350	144.607	729.692	1143.786	196.977	748.634	1054.602	242.134	780.625	1016.688	321.842	730.709	1076.537	286.472	664.300	954.888	321.154	787.140	928.053	352.673	696.684	888.911	438.501	618.620	899.922	391.725	660.560	829.744	383.462	605.246	853.091	36.446	227.677	1200.928	130.090	150.294	1029.353	129.572	54.266	1118.424	182.768	59.975	1030.083	242.394	6.593	986.761	315.125	48.457	1061.070	313.900	119.594	1001.544	268.311	50.895	911.611	348.113	111.602	905.429	438.465	166.233	888.198	413.771	121.513	811.372	394.988	169.348	846.753
395.752	554.689	913.601	455.989	602.146	761.737	368.679	516.038	830.591	403.620	226.880	917.061	446.156	188.792	802.434	374.856	264.798	839.720	524.835	453.040	950.198	506.044	392.660	980.579	532.292	337.320	952.273	404.987	589.186	650.237	351.653	602.011	704.942	270.806	617.135	610.767	316.226	599.869	562.360	166.435	605.829	467.294	179.056	472.217	458.342	260.569	609.066	370.738	195.376	603.295	343.176	246.914	597.900	245.569	300.208	603.752	272.957	426.691	532.381	78.835	375.459	573.237	103.503	347.922	483.359	101.479	214.203	598.866	36.039	205.974	504.891	40.189	381.824	185.593	658.626	325.561	187.490	708.864	246.862	172.333	615.801	289.090	171.077	572.774	187.914	174.889	471.138	171.839	303.423	439.864	256.405	161.369	345.924	189.046	193.585	321.678	238.310	200.603	225.464	292.264	177.950	243.611	427.014	239.033	69.182	366.805	202.335	99.411	337.779	296.573	107.606	211.051	187.309	37.646	197.210	265.305	43.102	384.089	394.056	1074.315	122.791	396.238	1258.188	254.585	485.999	1185.494	262.072	308.610	1179.783	-33.986	393.356	1435.124	-146.633	368.050	1332.519	-27.558	292.226	1327.097	-61.918	486.012	1337.694	37.761	574.083	1184.838	140.169	661.852	1028.599	143.543	729.777	1139.986	196.260	748.744	1051.161	241.578	780.729	1013.276	321.040	731.040	1073.486	286.773	664.521	952.185	320.939	787.112	924.915	352.793	696.593	886.234	438.595	618.667	897.824	392.187	660.347	827.177	383.725	605.099	850.840	35.455	227.786	1196.888	129.916	150.290	1025.790	128.689	54.260	1114.833	182.310	59.811	1026.762	242.093	6.470	983.668	314.576	48.174	1058.499	313.341	119.443	998.779	268.354	50.929	908.701	348.237	111.544	902.986	438.711	166.109	886.446	414.166	121.573	809.305	395.493	169.365	844.740
396.067	554.658	911.285	456.356	602.481	760.085	368.604	516.169	828.657	404.159	227.024	914.853	446.672	188.640	800.795	375.398	264.779	837.660	525.421	453.106	948.432	506.347	392.668	978.476	532.732	337.375	950.193	404.965	589.315	648.805	351.862	602.050	703.638	270.574	617.237	609.858	315.828	600.026	561.222	165.652	605.976	466.792	178.204	472.363	457.864	259.756	609.221	370.423	194.700	603.352	342.746	246.410	597.886	245.206	299.572	603.821	272.734	426.626	532.324	78.878	375.355	573.243	103.530	347.817	483.315	101.445	214.199	598.850	36.045	205.937	504.910	40.173	381.813	185.378	657.464	325.741	187.435	707.771	246.628	172.190	615.010	288.771	170.841	571.922	187.098	174.659	470.599	171.022	303.231	439.518	255.714	161.239	345.603	188.424	193.460	321.257	237.893	200.504	225.147	291.730	177.772	243.460	426.928	239.060	69.247	366.694	202.358	99.374	337.643	296.602	107.595	211.024	187.295	37.636	197.162	265.282	43.086	383.866	394.057	1071.821	121.751	396.286	1254.359	253.668	486.115	1182.236	261.234	308.696	1176.573	-35.179	393.448	1430.879	-147.686	368.046	1328.065	-28.529	292.261	1322.812	-63.046	486.001	1333.394	36.782	574.060	1180.739	139.538	661.801	1024.940	142.487	729.937	1136.233	195.550	748.838	1047.343	241.132	780.764	1009.904	320.216	731.425	1070.425	286.629	664.520	949.196	320.784	787.077	921.801	352.808	696.346	883.600	439.102	618.883	895.817	392.821	660.179	824.945	384.250	605.027	848.833	34.497	227.905	1192.798	129.651	150.250	1022.045	127.829	54.177	1111.032	181.825	59.648	1023.489	241.736	6.333	980.580	313.974	47.841	1055.651	312.798	119.260	996.101	268.457	50.928	905.765	348.431	111.511	900.689	438.905	166.049	884.449	414.693	121.703	807.567	395.993	169.329	842.640
396.315	554.617	909.016	456.701	602.760	758.488	368.556	516.284	826.631	404.461	226.952	912.692	447.461	188.629	799.048	376.015	264.753	835.502	525.909	453.179	946.464	506.679	392.730	976.482	533.352	337.309	948.360	405.106	589.492	647.406	352.090	602.097	702.358	270.454	617.411	609.028	315.334	600.204	560.054	164.831	606.122	466.226	177.355	472.484	457.329	258.873	609.370	370.142	193.933	603.462	342.357	245.876	597.919	244.888	299.085	603.882	272.467	426.546	532.269	78.932	375.240	573.253	103.524	347.701	483.264	101.415	214.202	598.854	36.044	205.913	504.927	40.118	381.876	185.270	656.060	325.995	187.406	706.655	246.632	172.135	614.243	288.405	170.611	571.039	186.221	174.434	470.014	170.166	303.013	438.927	255.006	161.097	345.329	187.757	193.248	320.909	237.536	200.425	224.815	291.265	177.719	243.082	426.871	239.091	69.314	366.583	202.356	99.394	337.497	296.625	107.575	210.985	187.288	37.596	197.116	265.255	43.029	383.607	394.061	1069.382	120.671	396.350	1250.579	252.776	486.184	1178.954	260.794	308.559	1173.881	-36.336	393.438	1426.557	-148.731	368.110	1323.546	-29.609	292.296	1318.536	-64.102	486.047	1329.080	35.791	574.015	1176.660	139.036	661.844	1021.149	141.503	730.048	1132.467	194.802	749.000	1043.788	240.452	780.863	1006.400	319.454	731.747	1067.380	286.522	664.559	946.306	320.663	787.049	918.777	352.875	696.263	880.908	439.399	618.971	893.654	393.119	659.963	822.391	384.736	604.986	846.689	33.479	228.003	1188.765	129.008	150.141	1018.510	127.033	54.200	1107.512	181.555	59.609	1020.274	241.419	6.193	977.496	313.323	47.671	1053.021	312.293	119.101	993.439	268.541	50.938	902.892	348.489	111.451	898.264	439.074	166.028	882.538	415.227	121.813	805.367	396.546	169.410	840.967
396.616	554.606	906.831	456.724	602.937	756.352	368.555	516.429	824.579	404.895	226.985	910.550	447.907	188.532	797.367	376.621	264.765	833.330	526.437	453.226	944.502	507.049	392.737	974.377	533.825	337.357	946.292	404.789	589.489	645.579	352.198	602.077	700.964	270.248	617.516	608.087	314.875	600.327	558.810	163.974	606.271	465.647	176.493	472.606	456.963	258.147	609.475	369.817	193.231	603.477	341.911	245.325	597.970	244.579	298.586	603.998	272.191	426.488	532.216	79.008	375.134	573.263	103.528	347.579	483.224	101.377	214.176	598.838	36.062	205.850	504.897	40.122	381.837	185.130	654.659	326.234	187.403	705.584	246.416	172.000	613.590	288.099	170.417	570.042	185.422	174.216	469.479	169.442	302.838	438.473	254.330	160.930	345.097	187.160	193.116	320.400	237.112	200.323	224.510	290.806	177.671	242.735	426.785	239.123	69.361	366.468	202.365	99.384	337.359	296.633	107.569	210.967	187.281	37.568	197.061	265.219	42.988	383.309	394.094	1066.953	119.671	396.380	1246.788	251.853	486.280	1175.709	260.031	308.516	1170.815	-37.574	393.473	1422.188	-149.712	368.113	1319.067	-30.533	292.330	1314.239	-65.180	486.042	1324.714	34.936	573.865	1172.625	138.509	661.815	1017.430	140.507	730.167	1128.748	194.181	749.087	1040.252	239.822	780.989	1002.875	318.654	732.099	1064.408	286.381	664.550	943.459	320.519	787.027	915.548	352.974	696.157	878.275	439.438	618.978	891.543	393.687	659.736	820.211	386.445	604.583	844.678	32.499	228.129	1184.639	128.700	150.081	1014.823	126.225	54.193	1103.963	181.045	59.467	1016.944	241.107	6.050	974.353	312.660	47.378	1050.190	311.811	118.935	990.821	268.626	50.965	900.002	348.664	111.407	895.950	439.268	165.993	880.732	415.701	121.949	803.394	397.064	169.449	839.299
396.873	554.571	904.539	457.102	603.203	754.672	368.561	516.570	822.450	405.374	227.068	908.438	448.171	188.560	795.499	377.186	264.751	831.056	526.826	453.227	942.324	507.311	392.836	972.341	534.282	337.412	944.147	403.859	590.175	643.189	352.326	602.048	699.649	269.848	617.532	606.917	314.417	600.521	557.652	163.161	606.423	465.032	175.556	472.788	456.505	257.403	609.593	369.556	192.474	603.527	341.481	244.840	598.012	244.334	298.036	604.072	272.023	426.393	532.161	79.043	374.990	573.259	103.537	347.429	483.177	101.332	214.174	598.851	36.048	205.811	504.917	40.080	381.814	184.952	653.387	326.424	187.420	704.518	246.225	171.877	612.844	287.694	170.162	569.126	184.733	173.918	468.984	168.678	302.651	437.956	253.646	160.788	344.731	186.452	192.933	319.986	236.704	200.228	224.151	290.313	177.545	242.615	426.695	239.156	69.435	366.364	202.383	99.388	337.228	296.655	107.544	210.937	187.257	37.545	197.012	265.195	42.946	383.064	394.153	1064.484	118.613	396.450	1242.973	250.987	486.360	1172.504	259.162	308.548	1167.667	-38.698	393.473	1417.878	-150.752	368.136	1314.620	-31.547	292.363	1309.929	-66.156	486.089	1320.417	33.968	573.806	1168.497	138.048	661.835	1013.602	139.448	730.286	1124.945	193.448	749.261	1036.676	239.275	781.118	999.387	317.802	732.478	1061.355	286.198	664.546	940.396	320.310	787.028	912.374	353.201	696.112	875.622	439.922	619.191	889.526	394.009	659.504	817.823	386.820	604.412	842.600	31.498	228.262	1180.642	128.371	150.032	1011.200	125.402	54.179	1100.374	180.531	59.341	1013.515	240.770	5.903	971.285	311.969	47.071	1047.348	311.346	118.754	988.212	268.688	50.989	897.205	348.674	111.388	893.548	438.941	166.205	878.551	416.220	122.070	801.554	397.500	169.511	837.371
397.235	554.508	902.316	457.314	603.410	752.876	368.709	516.726	820.299	406.005	227.282	906.269	449.023	188.419	793.594	377.714	264.747	828.931	527.195	453.270	940.151	507.615	392.844	970.251	534.722	337.543	941.963	404.037	590.402	641.778	352.496	602.104	698.287	269.585	617.631	606.075	313.969	600.744	556.592	162.301	606.593	464.477	174.806	472.861	455.900	256.604	609.705	369.253	191.715	603.534	340.974	244.316	598.001	244.024	297.458	604.053	271.622	426.328	532.106	79.109	374.848	573.259	103.541	347.291	483.118	101.303	214.166	598.839	36.083	205.789	504.932	40.055	381.861	184.797	652.181	326.626	187.440	703.305	246.019	171.756	612.081	287.379	169.956	568.183	183.939	173.706	468.450	168.072	302.476	437.269	252.957	160.665	344.370	185.757	192.770	319.579	236.184	200.133	223.809	289.855	177.430	242.492	426.629	239.198	69.527	366.251	202.401	99.352	337.089	296.682	107.517	210.902	187.249	37.518	196.952	265.171	42.915	382.853	394.179	1062.042	117.604	396.471	1239.174	250.058	486.516	1169.181	258.319	308.586	1164.503	-39.834	393.543	1413.537	-151.761	368.105	1310.084	-32.516	292.381	1305.557	-67.194	486.133	1315.942	33.058	573.762	1164.430	137.551	661.910	1009.965	138.492	730.458	1121.047	192.656	749.387	1032.985	238.870	781.163	995.962	317.147	732.841	1058.605	286.093	664.576	937.540	320.181	786.980	909.323	353.339	695.975	872.843	440.177	619.251	887.405	394.618	659.304	815.410	387.062	604.231	840.189	30.526	228.421	1176.519	128.113	149.999	1007.588	124.570	54.185	1096.791	180.010	59.196	1010.157	240.419	5.771	968.150	311.330	46.780	1044.625	310.931	118.521	985.622	268.771	50.991	894.322	348.820	111.367	891.271	439.269	166.156	876.713	416.687	122.149	799.322	397.856	169.490	835.341
397.531	554.470	900.071	457.533	603.676	750.943	369.025	516.747	818.078	406.205	227.180	904.060	449.156	188.469	791.928	378.267	264.715	826.744	527.601	453.186	937.889	507.959	392.897	968.105	535.154	337.620	939.801	403.595	590.503	639.903	352.777	602.131	697.066	269.357	617.762	605.146	313.440	600.858	555.337	161.511	606.681	463.895	173.978	472.929	455.503	255.730	609.851	368.831	190.976	603.586	340.539	243.777	597.994	243.711	296.754	604.183	271.486	426.223	532.042	79.205	374.702	573.263	103.590	347.183	483.075	101.278	214.147	598.834	36.078	205.740	504.953	40.040	381.799	184.660	650.759	326.828	187.437	702.233	245.835	171.653	611.302	287.015	169.753	567.370	183.103	173.521	467.983	167.433	302.361	436.760	252.234	160.470	344.002	185.171	192.609	319.100	235.714	200.024	223.511	289.343	177.244	242.368	426.544	239.238	69.588	366.115	202.414	99.357	336.939	296.693	107.494	210.867	187.261	37.470	196.889	265.136	42.846	382.609	394.182	1059.586	116.574	396.546	1235.319	249.209	486.681	1165.842	257.513	308.645	1161.329	-41.038	393.542	1409.225	-152.767	368.226	1305.620	-33.533	292.445	1301.188	-68.252	486.175	1311.634	32.116	573.692	1160.290	137.008	661.848	1006.183	137.477	730.589	1117.226	192.000	749.502	1029.351	238.408	781.149	992.256	316.359	733.261	1055.524	285.906	664.557	934.490	320.070	786.935	906.175	353.568	695.890	870.198	440.422	619.394	885.434	395.081	659.104	813.070	387.288	604.178	838.220	29.576	228.564	1172.390	127.766	150.001	1003.912	123.751	54.217	1093.208	179.505	59.052	1006.773	240.136	5.630	965.081	310.652	46.503	1041.856	310.575	118.267	983.061	268.874	51.016	891.430	348.958	111.374	888.910	439.484	166.051	874.813	417.233	122.224	797.431	398.344	169.589	833.502
397.859	554.485	897.818	457.387	603.960	748.764	369.384	516.808	815.941	406.617	227.286	901.785	450.059	188.361	790.297	378.805	264.679	824.536	527.948	453.157	935.662	508.218	392.968	966.021	535.546	337.706	937.575	404.493	590.145	639.315	352.786	602.107	695.591	269.068	617.830	604.213	312.961	601.076	554.318	160.640	606.760	463.217	173.077	473.077	454.995	254.924	609.934	368.492	190.219	603.628	340.076	243.306	597.970	243.282	296.156	604.323	271.397	426.133	531.975	79.261	374.550	573.256	103.599	347.045	483.019	101.244	214.139	598.819	36.090	205.675	504.945	40.047	381.810	184.546	649.367	327.058	187.469	701.082	245.621	171.545	610.601	286.608	169.508	566.345	182.264	173.319	467.474	166.664	302.183	436.416	251.500	160.273	343.705	184.532	192.409	318.683	235.300	199.947	223.118	288.864	177.154	242.067	426.567	239.245	69.827	365.852	202.630	99.223	336.792	296.704	107.435	210.849	187.243	37.444	196.823	265.113	42.758	382.342	394.196	1057.056	115.597	396.584	1231.522	248.534	486.752	1162.895	256.682	308.649	1158.186	-42.163	393.546	1404.847	-153.724	368.253	1301.127	-34.496	292.489	1296.875	-69.224	486.212	1307.172	31.163	573.652	1156.118	136.625	661.953	1002.343	136.414	730.712	1113.393	191.323	749.625	1025.668	237.871	781.236	988.798	315.635	733.620	1052.556	285.776	664.564	931.559	319.859	786.911	903.037	353.745	695.785	867.500	440.639	619.497	883.285	395.479	658.925	810.618	387.380	604.135	835.839	28.613	228.705	1168.335	127.433	149.941	1000.316	122.964	54.252	1089.700	179.025	58.944	1003.419	239.811	5.485	962.046	309.803	46.171	1039.028	310.216	118.022	980.556	268.952	50.991	888.529	349.024	111.328	886.592	439.691	165.926	872.944	417.698	122.319	795.433	398.742	169.579	831.758
398.266	554.415	895.592	457.398	604.147	746.729	369.741	516.830	813.752	407.242	227.287	899.673	451.056	188.721	787.982	379.359	264.645	822.410	528.360	453.134	933.608	508.467	392.964	963.903	535.954	337.841	935.333	404.225	590.153	637.675	352.978	602.115	694.294	268.744	617.865	603.198	312.439	601.236	552.989	159.822	606.936	462.733	172.222	473.176	454.514	254.188	610.075	368.266	189.502	603.659	339.671	242.784	597.911	242.842	295.611	604.377	271.193	426.050	531.929	79.306	374.403	573.250	103.621	346.911	482.974	101.212	214.127	598.819	36.081	205.635	504.977	40.010	381.751	184.397	648.156	327.268	187.485	700.030	245.467	171.427	609.891	286.211	169.272	565.452	181.496	173.095	466.783	165.591	301.969	436.225	250.790	160.081	343.459	183.899	192.278	318.232	234.847	199.859	222.829	288.358	177.063	241.825	426.473	239.259	69.917	365.713	202.639	99.227	336.654	296.716	107.447	210.820	187.231	37.391	196.760	265.089	42.713	382.054	394.225	1054.517	114.611	396.625	1227.651	247.762	486.813	1159.807	255.735	308.687	1154.864	-43.302	393.632	1400.492	-154.719	368.252	1296.553	-35.525	292.590	1292.607	-70.201	486.201	1302.719	30.267	573.567	1151.974	136.162	661.971	998.511	135.433	730.809	1109.478	190.591	749.719	1021.923	237.361	781.316	985.327	314.798	733.990	1049.480	285.643	664.584	928.769	319.711	786.885	899.902	353.871	695.698	864.841	440.897	619.523	881.184	395.947	658.688	808.416	387.089	604.458	833.293	27.646	228.877	1164.200	127.151	149.911	996.614	122.123	54.288	1086.191	178.574	58.822	1000.079	239.481	5.366	958.844	309.094	45.851	1036.542	309.878	117.802	978.049	269.051	51.041	885.684	349.116	111.367	884.304	439.789	165.828	871.060	417.445	121.786	793.254	399.133	169.652	830.038
398.571	554.473	893.364	457.715	604.358	745.021	370.114	516.878	811.629	407.915	227.370	897.389	451.011	188.734	786.133	379.843	264.582	820.082	528.729	453.131	931.287	508.957	392.623	962.186	536.402	337.945	933.159	404.119	590.264	636.095	351.142	601.823	693.219	268.441	617.995	602.141	311.943	601.430	551.878	158.959	607.057	462.252	171.379	473.286	454.086	253.391	610.151	367.914	188.721	603.680	339.115	242.322	597.881	242.464	295.011	604.454	271.036	425.961	531.863	79.391	374.257	573.257	103.645	346.775	482.903	101.154	214.112	598.813	36.103	205.573	504.972	39.953	381.795	184.246	646.757	327.432	187.478	698.837	245.253	171.329	609.094	285.847	169.104	564.548	180.679	172.844	466.401	163.290	301.572	436.719	250.082	159.894	343.129	183.226	192.095	317.819	234.415	199.798	222.551	287.936	176.941	241.691	426.385	239.320	69.954	365.570	202.664	99.227	336.501	296.730	107.430	210.778	187.240	37.375	196.692	265.056	42.641	381.771	394.232	1052.017	113.624	396.670	1223.828	246.942	486.911	1156.590	254.859	308.694	1151.649	-44.454	393.635	1396.114	-155.688	368.285	1292.090	-36.437	292.580	1288.259	-71.245	486.270	1298.294	29.342	573.535	1147.838	136.049	661.831	994.420	134.436	730.899	1105.703	189.856	749.886	1018.359	236.804	781.452	981.806	314.063	734.325	1046.458	285.431	664.568	925.768	319.593	786.865	896.724	353.977	695.586	862.021	441.120	619.673	879.122	396.420	658.534	805.867	387.478	604.394	831.331	26.634	229.024	1160.043	126.443	149.689	992.897	121.294	54.303	1082.603	178.058	58.664	996.775	239.152	5.295	955.779	308.380	45.552	1033.801	309.505	117.590	975.532	269.079	51.035	882.840	349.246	111.300	881.963	441.407	166.371	869.840	418.659	122.433	791.391	399.700	169.744	828.186
398.928	554.459	891.157	457.900	604.634	743.132	370.495	516.931	809.277	408.306	227.218	895.271	451.968	188.710	784.102	380.232	264.391	817.970	529.152	453.116	929.180	509.240	392.776	959.992	536.798	338.047	930.935	404.207	590.467	634.626	351.163	601.782	691.905	268.148	618.051	601.263	311.398	601.539	550.620	158.132	607.166	461.725	170.573	473.414	453.608	252.564	610.275	367.576	187.968	603.714	338.641	241.835	597.857	242.090	294.480	604.452	270.764	425.863	531.807	79.430	374.114	573.257	103.640	346.655	482.867	101.145	214.104	598.802	36.093	205.545	504.988	39.915	381.765	184.138	645.376	327.575	187.478	697.702	245.051	171.205	608.305	285.441	168.855	563.642	179.838	172.646	465.913	162.348	301.321	436.206	249.369	159.716	342.852	182.596	191.975	317.371	234.004	199.720	222.255	287.444	176.845	241.401	426.290	239.355	70.062	365.457	202.661	99.209	336.354	296.743	107.405	210.765	187.226	37.331	196.642	265.012	42.564	381.554	394.219	1049.485	112.666	396.705	1219.998	246.079	487.034	1153.298	253.977	308.710	1148.403	-45.526	393.690	1391.763	-156.688	368.274	1287.569	-37.387	292.591	1283.924	-72.192	486.258	1293.831	28.426	573.473	1143.733	135.628	661.880	990.742	133.449	731.049	1101.855	189.155	750.003	1014.674	236.240	781.540	978.325	313.252	734.687	1043.421	285.306	664.614	922.857	319.684	786.878	893.843	354.148	695.547	859.518	441.333	619.766	876.956	396.928	658.326	803.574	388.256	604.219	829.459	25.695	229.157	1155.902	126.029	149.609	989.273	120.475	54.291	1078.970	177.600	58.550	993.382	238.800	5.099	952.699	307.681	45.196	1031.024	309.139	117.337	973.022	269.174	50.959	879.915	349.251	111.916	879.924	441.749	166.335	868.033	418.324	121.931	789.260	400.049	169.715	826.099
399.349	554.484	888.902	458.131	604.987	741.321	370.835	517.010	807.091	408.827	227.134	892.956	452.055	188.608	782.675	380.751	264.320	815.723	529.574	453.173	926.980	509.442	392.899	957.720	537.270	338.183	928.798	403.894	590.520	632.885	351.279	601.808	690.437	267.853	618.069	600.346	310.876	601.693	549.425	157.224	607.238	461.009	169.760	473.523	453.064	251.756	610.364	367.319	187.234	603.739	338.271	241.313	597.841	241.731	293.909	604.495	270.620	425.785	531.765	79.513	373.980	573.238	103.697	346.491	482.816	101.099	214.100	598.795	36.091	205.487	504.982	39.971	381.675	183.927	644.078	327.795	187.504	696.569	244.788	171.109	607.595	285.072	168.622	562.679	179.069	172.371	465.453	161.411	301.102	435.857	248.717	159.536	342.622	181.893	191.826	316.902	233.600	199.611	221.915	286.912	176.736	241.142	426.222	239.382	70.128	365.394	202.742	99.061	336.227	296.757	107.382	210.727	187.209	37.316	196.600	264.989	42.516	381.277	394.248	1046.984	111.707	396.767	1216.140	245.258	487.139	1149.990	253.118	308.771	1145.198	-46.599	393.688	1387.290	-157.597	368.335	1283.106	-38.339	292.645	1279.532	-73.185	486.279	1289.435	27.562	573.398	1139.544	135.175	661.923	986.904	132.453	731.170	1097.974	188.464	750.117	1010.954	235.692	781.676	974.790	312.519	735.036	1040.378	285.100	664.585	919.798	319.533	786.860	890.610	354.278	695.472	856.633	441.555	619.838	874.865	397.309	658.151	801.145	388.820	604.184	827.536	24.739	229.329	1151.787	125.869	149.634	985.632	119.649	54.326	1075.366	177.061	58.421	989.886	238.424	4.947	949.548	306.979	44.898	1028.216	308.828	117.097	970.516	269.153	50.983	876.991	349.488	111.990	877.501	441.875	166.264	866.204	418.803	121.981	787.313	400.376	169.710	824.303
399.707	554.533	886.685	458.396	605.144	739.658	371.251	517.052	804.732	409.320	227.135	890.681	453.118	188.554	781.100	381.238	264.209	813.431	529.942	453.186	924.729	509.615	392.963	955.382	537.681	338.280	926.595	403.867	590.718	631.273	353.323	602.083	688.795	267.659	618.157	599.423	310.416	601.900	548.261	156.399	607.361	460.474	168.999	473.642	452.346	251.675	610.735	366.602	186.534	603.801	337.965	240.746	597.853	241.493	293.277	604.621	270.474	425.690	531.719	79.582	373.857	573.254	103.710	346.377	482.772	101.057	214.086	598.786	36.114	205.457	504.997	39.958	381.775	184.243	642.282	327.848	187.492	695.466	244.600	171.027	606.775	284.698	168.421	561.760	178.261	172.089	464.929	160.474	300.866	435.504	248.017	159.356	342.378	181.248	191.665	316.489	233.205	199.539	221.647	286.434	176.627	240.967	426.129	239.426	70.155	365.203	202.688	99.179	336.088	296.766	107.358	210.698	187.210	37.298	196.565	264.968	42.405	381.196	394.084	1044.869	110.760	396.835	1212.316	244.358	487.234	1146.679	252.247	308.787	1141.931	-47.626	393.754	1382.919	-158.556	368.347	1278.521	-39.249	292.689	1275.201	-74.135	486.329	1285.010	26.669	573.351	1135.346	134.653	661.894	982.982	131.493	731.308	1094.140	187.833	750.198	1007.217	235.199	781.794	971.255	311.798	735.382	1037.308	284.946	664.601	916.822	319.276	786.840	887.347	354.441	695.415	854.089	441.768	620.016	872.824	397.754	657.979	798.815	389.071	604.122	825.226	23.747	229.481	1147.670	125.712	149.617	981.983	118.777	54.276	1071.810	176.534	58.253	986.494	238.089	4.851	946.396	306.297	44.609	1025.466	308.479	116.817	968.063	269.234	50.973	874.101	349.642	112.159	875.379	442.147	166.201	864.443	419.199	122.088	785.376	400.869	169.837	822.659
400.135	554.556	884.476	458.513	605.320	737.654	371.572	517.197	802.500	410.164	227.364	888.507	453.245	188.581	779.068	381.765	264.157	811.323	530.419	453.143	922.614	509.772	393.063	953.023	538.085	338.394	924.404	403.856	590.846	629.905	353.417	602.075	687.386	267.370	618.221	598.372	309.889	602.028	547.032	155.530	607.430	459.869	168.051	473.691	451.863	250.905	610.861	366.248	185.757	603.821	337.421	240.237	597.871	241.237	292.692	604.704	270.237	425.596	531.684	79.625	373.729	573.261	103.721	346.244	482.710	101.008	214.073	598.778	36.124	205.406	505.003	39.941	381.534	183.566	641.448	327.940	187.494	694.299	244.387	170.963	605.883	284.313	168.188	560.814	177.442	171.876	464.326	159.652	300.604	435.131	247.304	159.201	341.966	180.628	191.527	316.090	232.859	199.469	221.202	285.962	176.590	240.664	426.035	239.479	70.243	365.097	202.694	99.186	335.964	296.786	107.365	210.668	187.215	37.269	196.529	264.945	42.343	381.006	394.022	1042.477	109.835	396.912	1208.463	243.513	487.296	1143.336	251.348	308.776	1138.607	-48.727	393.832	1378.599	-159.516	368.374	1273.957	-40.139	292.683	1270.801	-75.095	486.371	1280.573	25.756	573.276	1131.187	134.207	661.937	979.122	130.460	731.424	1090.227	187.182	750.348	1003.493	234.723	781.939	967.676	311.031	735.729	1034.248	284.831	664.643	913.955	319.205	786.823	884.236	354.567	695.346	851.319	441.988	620.105	870.642	398.183	657.797	796.473	389.564	604.077	823.276	22.835	229.636	1143.501	125.359	149.506	978.321	117.986	54.295	1068.256	176.108	58.136	983.412	237.777	4.680	943.375	305.594	44.299	1022.754	308.093	116.583	965.525	269.343	50.965	871.273	349.491	112.026	873.036	442.219	166.113	862.577	419.637	122.124	783.331	401.284	169.936	820.895
400.473	554.585	882.234	458.741	605.543	735.633	371.934	517.281	800.289	410.583	227.392	886.273	453.372	188.599	777.176	382.196	264.051	808.852	530.757	453.207	920.261	509.856	393.048	950.665	538.491	338.514	922.175	403.722	590.966	628.201	353.591	602.079	686.038	266.977	618.260	597.139	309.402	602.170	545.772	154.680	607.562	459.284	167.345	473.804	451.521	249.976	610.881	366.032	184.998	603.777	336.786	239.733	597.861	240.876	291.993	604.823	270.267	425.510	531.644	79.685	373.608	573.264	103.764	346.114	482.658	100.970	214.074	598.779	36.131	205.354	504.990	39.902	381.482	183.479	640.090	328.027	187.496	693.199	244.076	170.836	605.151	283.933	167.964	559.794	176.697	171.651	463.793	158.711	300.451	434.869	246.554	159.052	341.550	180.011	191.418	315.543	232.408	199.383	220.859	285.549	176.513	240.495	425.960	239.513	70.283	364.971	202.694	99.122	335.826	296.793	107.346	210.676	187.222	37.247	196.512	264.963	42.235	380.926	394.026	1040.093	108.936	396.960	1204.618	242.616	487.397	1139.975	250.568	308.822	1135.464	-49.794	393.899	1374.186	-160.457	368.416	1269.506	-40.975	292.623	1266.520	-76.023	486.456	1276.157	24.898	573.243	1126.988	133.799	661.949	975.233	129.503	731.518	1086.264	186.504	750.470	999.728	234.280	782.045	964.229	310.279	736.063	1031.129	284.660	664.697	910.939	319.101	786.818	881.004	354.769	695.298	848.573	442.199	620.238	868.517	398.511	657.602	794.112	389.892	604.027	821.031	21.886	229.773	1139.373	124.785	149.472	974.567	117.106	54.306	1064.623	175.592	57.996	980.064	237.455	4.543	940.155	304.921	44.003	1019.986	307.728	116.336	963.029	269.207	50.940	868.290	349.712	112.030	870.725	442.236	165.958	860.620	420.041	122.224	781.385	401.509	169.882	818.622
400.872	554.655	879.866	458.773	605.871	733.526	372.253	517.390	797.868	411.152	227.418	884.011	454.238	188.431	775.362	382.702	263.940	806.719	531.137	453.219	918.034	510.011	393.078	948.315	538.890	338.621	919.972	403.629	591.084	626.510	353.674	602.058	684.519	266.737	618.317	596.217	308.910	602.346	544.565	153.859	607.686	458.803	168.834	474.834	450.149	248.556	610.783	366.003	184.298	603.766	336.304	239.276	597.843	240.499	291.399	604.881	270.129	425.432	531.606	79.730	373.500	573.282	103.785	345.994	482.604	100.946	214.055	598.762	36.137	205.294	505.008	39.901	381.470	183.368	638.687	328.300	187.510	691.964	243.940	170.735	604.307	283.573	167.766	558.871	175.966	171.467	463.282	157.951	300.216	434.268	245.850	158.894	341.232	179.360	191.265	315.177	231.953	199.291	220.559	285.070	176.332	240.255	425.871	239.540	70.337	364.869	202.702	99.130	335.689	296.790	107.353	210.650	187.228	37.217	196.519	264.981	42.144	380.515	393.889	1037.321	107.973	396.933	1200.628	241.799	487.434	1136.604	249.670	308.775	1132.195	-50.926	393.946	1369.785	-161.402	368.445	1264.988	-41.899	292.628	1262.190	-76.986	486.513	1271.750	24.013	573.185	1122.758	133.349	661.941	971.409	128.564	731.616	1082.346	185.805	750.650	996.143	233.819	782.173	960.641	309.513	736.433	1027.990	284.494	664.722	907.990	319.029	786.856	877.858	355.022	695.231	845.839	442.402	620.384	866.349	398.990	657.443	791.835	390.280	603.999	818.927	20.936	229.829	1135.331	124.408	149.388	970.897	116.247	54.294	1060.950	175.059	57.852	976.612	237.172	4.389	937.042	304.202	43.677	1017.183	307.343	116.081	960.454	269.581	50.762	865.288	349.926	111.971	868.309	442.352	165.869	858.805	420.480	122.279	779.341	401.964	170.026	817.009
401.275	554.657	877.574	458.835	606.050	731.483	372.532	517.561	795.647	411.651	227.425	881.725	454.087	188.521	773.626	383.091	263.854	804.272	531.529	453.233	915.867	510.274	393.231	946.073	539.235	338.755	917.715	403.529	591.139	624.971	353.687	602.011	683.074	266.497	618.376	595.213	308.414	602.423	543.264	152.986	607.759	458.099	168.224	474.974	449.594	247.738	610.859	365.698	183.538	603.774	335.925	238.768	597.819	240.259	290.824	604.888	269.723	425.345	531.566	79.757	373.368	573.268	103.816	345.856	482.537	100.889	214.058	598.755	36.150	205.264	504.999	39.896	380.727	182.280	637.709	328.460	187.566	690.794	243.836	170.674	603.528	283.167	167.572	557.930	175.205	171.223	462.850	157.224	300.027	433.882	245.176	158.758	340.928	178.711	191.072	314.758	231.531	199.239	220.268	284.568	176.143	240.092	425.788	239.586	70.392	364.759	202.722	99.121	335.567	296.819	107.326	210.611	187.220	37.177	196.552	264.999	42.016	380.012	394.119	1034.187	107.057	396.974	1196.791	240.889	487.485	1133.232	248.833	308.785	1128.972	-52.009	394.035	1365.460	-162.349	368.503	1260.470	-42.822	292.649	1257.869	-78.003	486.588	1267.283	23.131	573.139	1118.555	132.941	661.989	967.567	127.632	731.764	1078.496	185.246	750.765	992.414	233.303	782.331	957.172	308.678	737.013	1025.170	284.385	664.784	904.968	318.997	786.857	874.809	355.154	695.159	843.099	442.612	620.470	864.201	399.184	657.254	789.339	390.686	604.005	816.821	19.983	229.995	1131.170	124.265	149.358	967.193	115.467	54.371	1057.214	174.554	57.745	973.060	236.804	4.190	934.022	303.531	43.343	1014.409	306.946	115.825	957.924	269.621	50.713	862.344	350.058	111.830	866.286	442.632	165.832	857.200	420.797	122.381	777.396	400.202	168.581	812.821
401.581	554.763	875.148	459.230	606.351	729.713	372.875	517.731	793.292	412.170	227.516	879.348	455.014	188.328	771.887	383.490	263.770	802.125	531.847	453.242	913.496	510.670	393.237	944.106	539.624	338.876	915.524	403.530	591.292	623.338	353.844	602.036	681.640	266.368	618.490	594.340	307.952	602.573	542.022	152.128	607.824	457.377	167.592	475.092	448.916	246.963	610.961	365.409	182.863	603.802	335.520	238.236	597.744	239.789	290.386	604.923	269.371	425.246	531.524	79.777	373.246	573.261	103.823	345.699	482.485	100.862	214.047	598.748	36.131	205.203	505.018	39.812	381.483	183.437	635.523	328.693	187.531	689.555	243.498	170.525	602.720	283.773	167.737	556.131	174.240	170.569	462.401	156.484	299.853	433.466	244.513	158.574	340.667	178.121	190.922	314.200	231.143	199.158	219.825	284.339	176.401	240.068	425.721	239.620	70.434	364.643	202.712	99.134	335.458	296.814	107.312	210.592	187.230	37.159	196.518	265.005	41.918	379.700	394.135	1031.575	106.166	397.030	1192.958	240.101	487.539	1129.951	248.078	308.738	1125.822	-53.078	394.071	1361.075	-163.268	368.542	1255.920	-43.708	292.776	1253.680	-78.992	486.611	1262.813	22.283	573.112	1114.361	132.556	662.027	963.588	126.691	731.887	1074.585	184.587	750.933	988.793	232.863	782.458	953.561	307.960	737.355	1022.155	284.189	664.809	901.820	318.912	786.878	871.573	355.356	695.156	840.506	442.835	620.627	862.048	399.740	657.135	787.111	391.006	603.968	814.592	19.107	230.121	1127.089	124.027	149.330	963.470	114.658	54.393	1053.557	174.097	57.580	969.719	236.474	4.057	930.821	302.826	42.947	1011.711	306.500	115.550	955.428	269.693	50.691	859.414	350.226	111.780	863.964	442.709	165.733	855.285	421.262	122.436	775.338	400.032	168.279	810.240
401.753	554.807	872.535	459.124	606.387	727.567	373.496	517.708	790.863	412.614	227.420	876.999	455.121	188.266	770.117	383.827	263.686	799.863	532.226	453.213	911.244	510.858	393.223	941.794	539.931	338.950	913.215	403.413	591.332	621.644	354.241	602.078	680.321	266.037	618.527	592.975	307.537	602.662	540.784	151.348	607.889	456.817	166.959	475.195	448.174	246.174	611.061	365.102	182.100	603.808	335.073	237.686	597.698	239.441	289.804	604.925	269.023	425.179	531.485	79.828	373.126	573.267	103.853	345.584	482.436	100.842	214.048	598.731	36.141	205.159	505.028	39.811	381.424	183.315	633.997	328.940	187.548	688.431	243.349	170.381	601.905	283.413	167.561	555.131	173.474	170.374	461.876	155.820	299.649	433.009	243.838	158.399	340.355	177.540	190.829	313.740	230.674	199.056	219.527	283.644	176.011	239.586	425.654	239.647	70.491	364.565	202.710	99.136	335.321	296.826	107.262	210.564	187.224	37.112	196.549	265.023	41.827	379.443	394.149	1028.964	105.250	397.093	1189.059	239.197	487.590	1126.496	247.288	308.782	1122.651	-54.190	394.155	1356.774	-164.223	368.591	1251.428	-44.635	292.792	1249.357	-79.861	486.694	1258.483	21.394	573.075	1110.117	132.274	661.989	959.640	125.748	732.004	1070.651	183.995	751.020	984.953	232.397	782.570	950.124	307.247	737.647	1019.119	284.145	664.821	898.902	318.853	786.885	868.416	355.490	695.095	837.731	443.013	620.774	859.845	399.951	656.965	784.560	391.551	604.023	812.654	18.193	230.235	1122.946	123.601	149.358	959.948	113.807	54.383	1049.847	173.647	57.454	966.335	236.188	3.858	927.680	302.173	42.646	1009.042	306.229	115.273	952.894	269.760	50.647	856.596	350.452	111.761	861.586	442.745	165.577	853.364	421.614	122.502	773.418	401.060	167.425	804.900
402.022	554.919	869.804	459.620	606.749	725.662	373.779	517.919	788.524	413.035	227.374	874.579	455.360	188.255	768.113	384.157	263.600	797.623	532.545	453.270	909.038	511.108	393.321	939.578	540.260	339.054	911.016	403.199	591.362	619.823	354.260	602.063	678.617	265.734	618.538	591.931	307.043	602.741	539.402	150.527	607.966	456.263	166.482	475.313	447.537	245.274	611.101	364.705	181.402	603.782	334.594	237.243	597.695	238.997	289.208	604.997	268.920	425.095	531.460	79.868	373.024	573.263	103.871	345.459	482.374	100.799	214.044	598.738	36.125	205.127	505.030	39.830	381.523	183.302	632.592	329.180	187.509	687.074	243.254	170.284	601.000	283.189	167.459	554.150	172.685	170.183	461.319	155.071	299.402	432.593	243.127	158.216	340.025	176.900	190.676	313.345	230.278	198.995	219.214	283.223	176.017	239.349	425.555	239.690	70.548	364.442	202.713	99.136	335.194	296.843	107.257	210.549	187.243	37.099	196.461	265.006	41.768	379.164	394.189	1026.322	104.354	397.142	1185.299	238.400	487.659	1123.110	246.529	308.777	1119.478	-55.268	394.234	1352.438	-165.125	368.653	1246.903	-45.613	292.835	1245.068	-80.793	486.745	1254.070	20.548	573.020	1105.914	132.040	662.051	955.838	124.795	732.151	1066.693	183.381	751.172	981.260	231.971	782.663	946.605	306.448	738.001	1015.947	284.075	664.853	896.019	318.690	786.915	865.282	355.623	695.147	835.093	443.359	620.706	857.839	400.551	656.872	782.329	391.821	604.020	810.304	17.348	230.364	1118.877	123.275	149.254	956.290	112.979	54.386	1046.134	173.179	57.291	962.972	235.870	3.693	924.661	301.481	42.274	1006.319	305.691	114.978	950.338	269.823	50.626	853.724	350.736	111.533	859.645	442.896	165.480	851.748	421.711	122.351	771.455	403.228	170.111	809.230
402.124	555.110	866.944	459.738	607.256	723.890	374.156	518.140	786.011	413.340	227.345	872.024	456.006	188.098	766.276	384.475	263.527	795.511	532.849	453.289	906.711	511.193	393.403	937.272	540.571	339.171	908.776	403.351	591.500	618.428	354.322	602.066	677.198	265.577	618.595	590.860	306.581	602.741	538.184	149.651	608.078	455.643	164.230	475.074	447.944	244.493	611.197	364.362	180.644	603.781	334.009	236.714	597.748	238.739	288.674	604.992	268.486	425.029	531.420	79.898	372.896	573.256	103.875	345.326	482.305	100.767	214.037	598.721	36.142	205.074	505.029	39.771	381.483	183.179	631.065	329.367	187.424	685.815	243.148	170.146	600.217	282.899	167.321	553.145	171.975	169.951	460.770	154.483	299.199	432.070	242.452	158.036	339.603	176.236	190.563	312.826	229.876	198.931	218.915	282.954	176.206	239.343	425.480	239.722	70.585	364.358	202.727	99.082	335.092	296.865	107.248	210.537	187.248	37.060	196.332	264.967	41.767	378.850	394.242	1023.636	103.450	397.239	1181.367	237.562	487.768	1119.784	245.667	308.788	1116.204	-56.378	394.268	1348.112	-166.056	368.712	1242.451	-46.512	292.908	1240.789	-81.617	486.757	1249.694	19.692	572.993	1101.680	131.646	662.048	951.691	123.869	732.287	1062.739	182.815	751.305	977.500	231.502	782.773	943.046	305.917	737.993	1012.638	283.823	664.878	892.782	318.821	786.900	862.247	355.885	695.095	832.375	443.252	620.784	854.574	400.791	656.715	779.870	392.263	604.065	808.292	16.443	230.505	1114.743	123.245	149.352	952.823	112.199	54.398	1042.456	172.626	57.153	959.297	235.528	3.520	921.505	300.885	41.996	1003.619	305.306	114.735	947.745	269.925	50.562	850.884	350.871	111.512	857.304	442.878	165.379	849.656	422.297	122.624	769.349	403.499	170.159	807.550
402.402	555.399	864.338	459.903	607.449	721.709	374.441	518.351	783.393	413.724	227.413	869.584	455.865	188.090	764.550	384.778	263.459	793.138	533.135	453.245	904.430	511.146	393.487	934.796	540.847	339.270	906.541	402.825	592.079	616.828	354.608	602.107	675.736	265.057	618.828	589.831	306.133	602.775	536.778	148.836	608.159	455.084	160.020	473.970	448.974	243.693	611.245	364.083	179.932	603.808	333.511	236.221	597.745	238.502	288.057	605.039	268.223	424.940	531.384	79.941	372.791	573.245	103.885	345.217	482.269	100.730	214.035	598.709	36.121	205.040	505.055	39.765	381.488	183.135	629.415	329.715	187.410	684.558	243.013	169.982	599.379	282.578	167.129	552.037	171.289	169.727	460.176	153.540	298.946	431.750	241.790	157.890	339.235	175.645	190.404	312.416	229.489	198.866	218.625	282.538	176.080	239.119	425.441	239.781	70.632	364.295	202.751	99.044	334.953	296.885	107.218	210.503	187.251	37.016	196.090	264.800	41.915	378.524	394.283	1021.039	102.590	397.278	1177.629	236.754	487.864	1116.426	244.905	308.778	1112.947	-57.424	394.387	1343.787	-166.945	368.808	1237.933	-47.437	292.957	1236.450	-82.494	486.835	1245.285	18.887	572.945	1097.465	131.259	661.942	947.898	122.964	732.416	1058.789	182.141	751.533	973.656	231.018	782.903	939.567	305.251	738.288	1009.510	283.781	664.954	889.897	318.818	786.930	859.093	356.160	695.086	829.612	443.840	621.039	853.587	401.321	656.618	777.631	392.160	604.064	806.412	15.583	230.616	1110.633	123.033	149.316	949.338	111.333	54.402	1038.767	172.227	57.101	955.765	235.252	3.354	918.350	300.270	41.763	1000.961	305.006	114.486	945.136	269.972	50.531	847.969	350.922	111.437	854.952	442.845	165.135	847.543	422.414	122.427	767.494	403.752	170.216	805.735
402.572	555.466	861.622	460.470	607.655	720.091	374.629	518.607	780.817	413.981	227.431	866.902	456.829	187.965	762.648	385.101	263.416	791.033	533.421	453.308	902.201	511.291	393.541	932.508	541.125	339.369	904.300	402.747	592.151	615.033	354.628	602.099	674.132	264.818	618.927	588.569	305.702	602.842	535.576	148.018	608.213	454.472	162.490	475.163	447.070	242.906	611.323	363.803	179.226	603.850	333.131	235.651	597.608	238.026	287.502	605.098	268.044	424.844	531.340	79.981	372.683	573.226	103.904	345.105	482.197	100.691	214.025	598.706	36.140	205.002	505.052	39.774	381.525	183.067	628.033	329.984	187.367	683.347	242.918	169.829	598.463	281.200	166.536	551.806	170.561	169.542	459.695	152.917	298.799	431.328	241.094	157.701	338.839	175.052	190.308	311.977	229.152	198.810	218.228	282.033	175.883	238.853	425.366	239.823	70.678	364.201	202.774	99.008	334.850	296.922	107.217	210.489	187.248	36.991	196.042	264.775	41.883	378.263	394.297	1018.270	101.716	397.356	1173.724	235.916	487.948	1112.992	244.131	308.795	1109.727	-58.577	394.442	1339.425	-167.888	368.928	1233.358	-48.379	293.004	1232.170	-83.409	486.880	1240.902	17.912	572.984	1093.154	130.969	661.993	943.985	122.043	732.520	1054.755	181.511	751.698	969.977	230.651	782.993	936.131	304.545	738.583	1006.366	283.712	665.014	886.795	318.846	786.948	855.986	356.406	695.058	826.812	444.098	621.170	851.383	401.491	656.517	775.131	392.875	603.994	803.970	14.723	230.745	1106.554	122.677	149.340	945.698	110.483	54.411	1035.093	171.750	56.947	952.554	234.974	3.184	915.313	299.645	41.454	998.135	304.494	114.192	942.594	270.056	50.505	844.961	350.969	111.397	852.670	442.975	165.189	845.521	422.728	122.499	765.497	404.163	170.254	803.854
403.754	555.355	860.505	460.763	607.847	717.986	374.677	518.852	778.151	414.187	227.358	864.354	456.945	187.701	761.098	385.355	263.317	788.600	533.668	453.360	899.935	511.460	393.584	930.126	541.374	339.456	902.046	402.757	592.211	613.672	354.748	602.098	672.527	264.939	618.715	587.341	305.255	602.849	534.138	147.140	608.277	453.768	161.706	475.316	446.466	242.114	611.400	363.399	178.521	603.854	332.678	235.203	597.610	237.681	286.918	605.116	267.861	424.782	531.288	79.996	372.514	573.173	104.084	344.984	482.132	100.646	214.037	598.683	36.118	204.929	505.052	39.743	381.534	182.945	626.561	330.211	187.285	681.937	242.801	169.652	597.588	280.891	166.375	550.818	169.776	169.354	459.214	151.932	298.515	430.811	240.439	157.552	338.570	174.465	190.189	311.642	228.687	198.739	217.866	281.604	175.797	238.488	425.285	239.873	70.718	364.138	202.805	98.976	334.721	296.926	107.207	210.467	187.258	36.940	195.981	264.750	41.852	377.976	394.346	1015.592	100.837	397.416	1169.939	235.118	488.093	1109.600	243.356	308.813	1106.455	-59.687	394.489	1335.156	-168.787	369.021	1228.785	-49.330	293.038	1227.844	-84.264	486.962	1236.506	17.042	572.882	1088.955	130.641	661.967	940.029	121.137	732.646	1050.841	180.933	751.813	966.159	230.319	783.025	932.624	303.804	738.864	1003.263	283.662	665.089	883.853	318.828	786.968	852.952	356.687	695.049	824.234	444.352	621.376	849.233	401.961	656.463	772.739	392.919	604.205	802.142	13.905	230.880	1102.499	122.264	149.264	942.031	109.709	54.377	1031.412	171.315	56.817	949.125	234.654	3.012	912.199	299.009	41.137	995.324	304.401	114.147	940.299	270.133	50.405	842.198	351.044	111.340	850.302	443.036	165.291	843.405	423.166	122.496	763.618	404.445	170.275	801.891
404.010	555.494	858.026	461.118	607.742	715.836	374.807	519.168	775.621	414.477	227.356	861.871	457.235	187.725	758.909	385.665	263.281	786.521	533.913	453.367	897.606	511.530	393.665	927.857	541.611	339.539	899.791	402.763	592.305	611.954	355.076	602.185	671.045	264.736	618.730	586.320	304.818	602.833	532.765	146.368	608.376	453.245	160.951	475.397	445.813	241.372	611.478	363.129	177.813	603.801	332.152	234.747	597.612	237.346	286.350	605.125	267.579	424.699	531.238	80.060	372.409	573.150	104.100	344.848	482.079	100.613	214.022	598.660	36.121	204.894	505.051	39.706	381.575	182.966	624.958	330.479	187.228	680.697	242.735	169.502	596.658	280.631	166.252	549.629	169.093	169.534	458.580	151.219	298.314	430.409	239.795	157.402	338.224	173.857	190.043	311.172	228.298	198.798	217.712	281.099	175.784	238.354	425.166	239.850	70.655	364.048	202.824	98.938	334.615	296.944	107.174	210.437	187.271	36.921	195.944	264.739	41.774	377.652	394.378	1012.877	99.973	397.427	1166.098	234.355	488.189	1106.271	242.617	308.739	1103.128	-60.743	394.579	1330.891	-169.677	369.144	1224.398	-50.021	293.226	1223.584	-85.162	487.018	1232.082	16.193	572.881	1084.705	130.360	661.973	936.092	120.261	732.780	1046.791	180.411	751.892	962.355	229.935	783.096	929.088	303.096	739.092	1000.179	283.643	665.141	880.818	318.865	786.972	849.814	356.840	695.058	821.364	444.621	621.548	847.027	402.233	656.399	770.230	393.321	604.293	799.953	13.082	230.986	1098.411	122.277	149.246	938.313	108.911	54.419	1027.725	170.877	56.726	945.740	234.380	2.850	909.128	298.268	40.684	992.796	304.966	114.149	938.630	270.164	50.370	839.289	351.037	111.272	847.910	442.979	165.314	841.128	423.376	122.545	761.627	404.733	170.220	800.060
404.265	555.620	855.536	460.625	608.634	713.680	375.025	519.353	773.048	414.699	227.400	859.288	457.436	187.587	756.949	385.910	263.233	784.192	534.198	453.386	895.382	511.604	393.702	925.449	541.839	339.616	897.611	402.569	592.169	610.047	355.159	602.174	669.463	264.276	618.938	585.180	304.377	602.817	531.469	145.623	608.428	452.595	160.255	475.436	445.306	240.581	611.524	362.785	177.110	603.810	331.726	234.263	597.605	237.068	285.823	605.144	267.369	424.639	531.163	80.121	372.270	573.129	104.126	344.726	482.015	100.557	214.019	598.647	36.102	204.859	505.049	39.686	381.602	182.869	623.497	330.776	187.153	679.382	242.673	169.330	595.732	280.325	166.148	548.572	168.354	169.362	458.066	150.680	298.216	430.009	239.143	157.241	337.965	173.256	189.923	310.651	227.884	198.757	217.477	280.632	175.683	238.126	425.109	239.897	70.675	363.999	202.871	98.873	334.497	296.973	107.168	210.428	187.274	36.880	195.905	264.712	41.728	377.340	394.425	1010.166	99.108	397.487	1162.269	233.511	488.322	1102.860	241.933	308.770	1099.972	-61.782	394.649	1326.561	-170.542	369.232	1219.896	-50.902	293.302	1219.299	-86.009	487.046	1227.723	15.405	572.819	1080.554	129.923	661.958	932.293	119.360	732.927	1042.867	179.811	751.983	958.587	229.578	783.163	925.489	302.399	739.331	997.116	283.521	665.174	877.777	318.863	786.973	846.659	357.145	695.075	818.847	444.919	621.715	844.853	402.501	656.314	767.816	393.718	604.412	797.782	12.258	231.097	1094.330	121.922	149.219	934.837	108.129	54.400	1024.025	170.410	56.605	942.370	234.093	2.670	906.083	297.750	40.482	990.085	304.334	113.813	935.985	270.277	50.280	836.452	351.019	111.173	845.539	442.932	165.242	838.760	423.573	122.799	759.763	402.859	168.670	795.429
404.472	555.748	853.011	460.702	608.533	711.675	375.398	519.534	770.720	414.926	227.406	856.874	457.616	187.534	755.168	386.191	263.178	781.937	534.398	453.424	893.128	511.389	393.602	922.862	542.018	339.677	895.264	402.378	592.099	608.064	355.266	602.202	667.764	263.850	618.895	583.806	304.089	603.545	530.128	144.865	608.535	451.932	159.547	475.485	444.798	239.506	611.738	362.446	176.334	603.817	331.402	233.748	597.614	236.803	285.280	605.194	267.111	424.668	531.115	80.384	372.187	573.147	103.968	344.605	481.990	100.570	214.016	598.614	36.079	204.802	505.053	39.655	381.628	182.809	621.915	331.086	187.079	678.096	242.548	169.142	594.842	279.991	165.992	547.525	167.715	169.139	457.496	149.743	297.972	429.762	238.465	157.085	337.640	172.691	189.858	310.199	227.548	198.687	217.058	280.182	175.607	237.803	425.030	239.921	70.701	364.007	203.007	98.768	334.418	297.007	107.134	210.406	187.275	36.855	195.853	264.698	41.680	377.073	394.495	1007.438	98.246	397.558	1158.485	232.773	488.460	1099.507	241.166	308.799	1096.752	-62.900	394.712	1322.308	-171.451	369.313	1215.463	-51.783	293.378	1215.031	-86.813	487.122	1223.457	14.577	572.806	1076.281	128.725	662.285	929.371	118.478	733.055	1038.889	179.243	752.120	954.947	229.183	783.279	922.040	301.744	739.606	993.991	283.458	665.227	874.788	318.832	787.033	843.615	357.284	695.100	816.048	445.163	621.975	842.769	402.878	656.316	765.477	394.095	604.503	795.668	11.434	231.222	1090.273	121.711	149.189	931.144	107.337	54.407	1020.345	169.984	56.497	938.956	233.783	2.529	902.935	297.062	40.272	987.405	303.952	113.637	933.439	270.327	50.187	833.554	351.105	111.061	843.082	443.244	164.961	836.896	423.947	122.812	757.806	402.914	168.523	793.303
404.739	555.790	850.473	461.015	608.750	709.528	376.402	519.923	768.580	415.375	227.194	855.036	458.478	187.280	753.312	386.468	263.099	779.635	534.593	453.495	890.815	511.469	393.659	920.622	542.212	339.745	893.071	402.624	592.246	607.035	355.642	602.247	666.292	263.836	619.015	582.677	303.529	602.869	528.726	144.119	608.622	451.387	158.607	475.471	444.397	238.879	611.659	362.085	175.640	603.843	330.778	233.582	597.888	236.404	284.847	605.197	266.853	424.800	531.117	80.712	372.077	573.135	104.002	344.477	481.927	100.546	214.042	598.590	36.039	204.781	505.067	39.617	381.681	182.766	620.342	331.293	186.997	676.716	242.467	168.951	593.936	279.684	165.806	546.369	167.044	168.954	456.955	148.961	297.783	429.235	237.813	156.922	337.340	172.116	189.698	309.890	227.148	198.629	216.660	279.810	175.650	237.555	424.963	239.972	70.767	363.895	202.990	98.726	334.305	297.029	107.101	210.378	187.293	36.833	195.813	264.704	41.623	376.778	394.558	1004.771	97.420	397.625	1154.649	231.930	488.573	1096.151	240.276	308.857	1093.382	-63.965	394.771	1318.068	-172.282	369.457	1210.959	-52.715	293.477	1210.802	-87.716	487.143	1219.173	13.718	572.740	1072.143	128.442	662.392	925.626	117.545	733.137	1034.814	178.741	752.210	951.178	228.831	783.324	918.448	301.042	739.898	990.797	283.393	665.275	871.748	318.842	787.066	840.560	357.537	695.124	813.514	445.456	622.167	840.534	402.995	656.263	762.985	394.994	604.640	793.665	10.651	231.322	1086.236	121.234	149.153	927.582	106.595	54.421	1016.743	169.562	56.350	935.558	233.527	2.386	899.902	296.527	40.060	984.595	303.691	113.364	930.805	270.343	50.140	830.642	351.065	110.990	840.735	443.308	165.041	834.959	424.139	122.868	755.640	403.011	168.352	790.860
404.958	555.900	847.881	461.262	609.027	707.383	376.611	520.261	766.396	415.548	227.210	852.507	458.117	187.247	751.413	386.671	263.001	777.198	534.806	453.542	888.588	511.530	393.724	918.214	542.411	339.796	890.844	402.257	592.024	604.651	355.751	602.309	664.667	263.960	618.796	581.204	303.189	603.501	527.244	143.357	608.675	450.779	157.735	475.498	443.979	238.184	611.701	361.874	174.941	603.809	330.299	233.110	597.907	235.990	284.207	605.283	266.805	424.762	531.058	80.797	371.934	573.091	103.994	344.346	481.861	100.514	214.052	598.537	35.979	204.727	505.045	39.617	381.671	182.727	618.811	332.409	186.475	674.569	242.453	168.785	593.049	279.431	165.728	545.355	166.256	168.745	456.490	148.165	297.653	429.031	237.189	156.819	336.940	171.555	189.617	309.381	226.780	198.559	216.342	279.382	175.586	237.318	424.868	240.007	70.816	363.844	203.095	98.667	334.817	297.320	107.118	210.359	187.298	36.814	195.769	264.669	41.596	376.437	394.606	1002.080	96.581	397.656	1150.846	231.171	488.718	1092.793	239.538	308.889	1090.139	-64.984	394.802	1313.723	-173.174	369.587	1206.550	-53.579	293.493	1206.560	-88.421	487.268	1214.877	12.896	572.730	1067.905	129.954	662.751	921.307	116.674	733.285	1030.746	178.207	752.308	947.498	228.410	783.371	915.038	300.288	740.165	987.657	283.355	665.348	868.739	318.800	787.052	837.304	357.814	695.094	810.666	445.728	622.376	838.358	403.204	656.319	760.769	395.464	604.788	791.540	9.891	231.454	1082.190	120.670	148.890	923.954	105.824	54.446	1013.086	169.068	56.232	932.064	233.254	2.235	896.943	295.934	39.827	981.769	303.229	113.325	928.338	269.514	49.574	827.769	351.063	110.917	838.410	443.857	165.414	834.038	424.463	122.774	753.446	403.070	168.254	788.748
405.127	555.984	845.293	461.702	609.275	705.306	376.891	520.582	764.012	415.705	227.260	850.004	458.909	187.135	749.525	386.940	262.950	775.047	535.054	453.508	886.356	511.622	393.819	915.910	542.563	339.826	888.530	402.354	592.091	603.079	355.871	602.297	662.977	263.349	618.956	580.224	302.816	603.536	526.030	142.512	608.719	450.047	157.106	475.638	443.446	237.509	611.733	361.490	174.227	603.755	329.756	232.655	597.808	235.420	283.586	605.320	266.532	424.731	531.018	80.884	371.811	573.083	104.002	344.204	481.787	100.464	214.086	598.507	35.950	204.697	505.052	39.581	381.701	182.794	617.024	332.703	186.304	673.229	242.319	168.565	592.097	279.092	165.537	544.175	165.511	168.542	455.935	147.762	297.442	428.240	236.550	156.690	336.634	170.915	189.527	308.830	226.369	198.490	216.015	278.970	175.499	237.166	424.809	240.050	70.848	363.774	203.168	98.594	334.764	297.379	107.094	210.348	187.306	36.803	195.740	264.649	41.540	376.127	394.684	999.350	95.751	397.707	1147.010	230.387	488.870	1089.392	238.782	308.908	1086.847	-66.020	394.853	1309.427	-174.028	369.654	1202.050	-54.326	293.434	1202.241	-89.259	487.351	1210.552	12.119	572.698	1063.804	129.747	662.748	917.421	115.774	733.365	1026.719	177.766	752.337	943.717	228.055	783.392	911.457	299.613	740.399	984.641	283.376	665.425	865.745	318.846	787.090	834.325	358.086	695.159	807.999	445.943	622.649	836.163	403.772	656.265	758.360	396.214	604.723	788.996	9.117	231.560	1078.204	120.410	148.869	920.438	105.127	54.445	1009.514	168.712	56.101	928.735	233.007	2.078	893.791	295.387	39.579	978.974	302.787	113.054	925.656	270.439	50.001	824.991	351.057	110.875	835.938	444.002	164.949	832.643	424.910	122.817	751.487	405.824	170.079	790.045
405.269	556.082	842.730	462.051	609.490	703.178	377.232	520.774	761.804	415.798	227.309	847.540	458.968	187.059	747.469	387.188	262.835	772.547	535.208	453.549	884.064	511.693	393.873	913.686	542.716	339.886	886.334	402.386	592.068	601.742	356.224	602.339	661.451	263.197	619.036	578.967	302.324	603.478	524.570	141.756	608.781	449.404	156.480	475.706	442.795	236.700	611.788	361.044	173.574	603.757	329.333	232.199	597.783	235.108	282.888	605.403	266.439	424.670	530.976	80.971	371.673	573.044	104.029	344.077	481.726	100.447	214.084	598.464	35.907	204.639	505.042	39.564	381.718	182.559	615.664	332.980	186.239	671.889	242.251	168.394	591.197	278.747	165.367	543.141	164.801	168.343	455.376	146.969	297.257	427.923	235.805	156.518	336.213	170.309	189.349	308.759	226.001	198.413	215.706	278.572	175.403	236.983	424.713	240.107	70.969	363.630	203.224	98.565	334.703	297.447	107.073	210.315	187.318	36.744	195.681	264.639	41.501	375.851	394.768	996.662	94.941	397.728	1143.216	229.571	488.981	1085.984	238.068	308.968	1083.546	-67.032	394.885	1305.232	-174.889	369.785	1197.692	-55.196	293.467	1198.007	-90.080	487.436	1206.251	11.335	572.655	1059.676	129.374	662.679	913.492	114.862	733.472	1022.737	177.237	752.410	939.995	227.615	783.484	908.087	298.904	740.640	981.532	283.325	665.380	862.874	318.869	787.093	831.264	358.335	695.137	805.256	446.245	623.011	834.120	405.120	656.126	756.106	396.640	604.851	786.858	8.363	231.623	1074.230	120.577	149.055	916.732	104.373	54.474	1005.973	168.289	55.961	925.450	232.740	1.925	890.835	294.804	39.418	976.315	302.793	113.007	923.460	270.499	49.948	822.156	350.971	110.766	833.443	444.399	165.171	830.763	425.401	123.038	749.396	406.193	170.157	788.337
405.434	556.164	840.119	462.275	609.687	701.072	377.581	521.054	759.448	415.870	227.416	845.099	459.037	186.918	745.491	387.417	262.717	770.296	535.407	453.598	881.854	511.783	393.924	911.331	542.898	339.911	884.085	401.510	591.681	598.479	355.601	602.100	659.937	263.569	618.981	577.380	301.863	603.451	523.137	141.001	608.834	448.911	155.705	475.737	442.260	235.781	611.974	360.814	172.843	603.758	328.962	231.389	597.500	234.893	282.481	605.365	265.996	424.636	530.799	81.162	371.538	573.018	104.052	343.951	481.660	100.428	214.112	598.406	35.857	204.589	505.033	39.556	381.699	182.493	614.011	332.440	186.629	671.376	242.119	168.199	590.329	278.463	165.240	542.028	164.055	168.122	454.874	145.842	297.011	427.863	235.128	156.339	335.889	169.702	189.254	308.214	225.624	198.327	215.403	278.070	175.357	236.690	424.630	240.164	71.051	363.216	203.192	98.705	334.633	297.525	107.034	210.296	187.326	36.713	195.638	264.620	41.471	375.515	394.821	994.000	94.122	397.757	1139.407	228.787	489.103	1082.634	237.384	308.978	1080.285	-68.034	394.904	1300.952	-175.688	369.837	1193.261	-56.101	293.483	1193.698	-90.828	487.468	1201.998	10.557	572.596	1055.490	128.932	662.574	909.607	114.034	733.523	1018.770	176.780	752.441	936.236	227.237	783.483	904.454	298.311	740.850	978.470	283.340	665.407	859.935	318.802	787.082	828.135	358.442	695.152	802.450	446.516	623.316	831.907	405.446	656.120	753.769	397.068	604.989	784.690	7.643	231.726	1070.192	120.335	148.922	913.170	103.719	54.481	1002.409	167.821	55.860	922.087	232.530	1.788	887.879	294.222	39.180	973.518	301.172	112.186	919.247	270.506	49.916	819.264	350.797	110.668	830.926	444.299	164.088	829.011	425.713	123.012	747.536	406.406	170.142	786.330
405.633	556.200	837.587	462.670	609.867	699.051	377.908	521.246	757.348	415.955	227.508	842.603	459.824	186.749	743.655	387.583	262.636	767.785	535.643	453.582	879.650	511.830	393.992	908.969	543.052	339.954	881.921	401.382	591.630	596.649	355.752	602.076	658.302	263.673	619.105	576.190	301.490	603.471	521.865	139.982	609.035	448.250	154.622	475.648	441.828	234.976	612.027	360.474	172.129	603.763	328.542	231.254	597.818	234.529	281.955	605.387	265.815	424.569	530.808	81.190	371.410	572.997	104.067	343.813	481.597	100.398	214.128	598.353	35.779	204.528	505.047	39.510	381.767	182.619	612.414	332.686	186.537	670.054	242.038	168.058	589.362	278.108	165.094	540.974	163.362	168.014	454.427	145.330	296.777	427.136	234.488	156.183	335.641	169.074	189.138	307.802	225.237	198.288	215.133	277.573	175.214	236.400	424.548	240.191	71.119	363.073	203.207	98.724	334.597	297.612	106.929	210.265	187.319	36.688	195.579	264.599	41.416	375.150	394.920	991.309	93.309	397.845	1135.578	227.999	489.202	1079.255	236.762	308.995	1077.154	-69.012	394.938	1296.723	-176.504	369.921	1188.863	-56.963	293.524	1189.475	-91.676	487.482	1197.649	9.775	572.538	1051.312	128.912	662.539	905.770	113.164	733.600	1014.783	176.449	752.490	932.952	226.754	783.603	901.103	297.572	741.103	975.294	283.270	665.430	856.934	318.698	787.177	825.171	358.722	695.172	799.683	446.754	623.639	829.669	405.847	656.097	751.404	397.104	605.190	782.856	6.908	231.795	1066.266	119.984	148.924	909.778	103.024	54.585	998.902	167.455	55.835	918.680	232.237	1.668	884.792	293.638	39.044	970.772	300.790	111.967	916.632	270.593	49.941	816.604	350.617	110.581	828.307	444.558	164.123	827.103	425.781	123.014	745.558	406.612	170.141	784.087
405.726	556.245	835.023	462.691	610.063	696.954	378.211	521.436	755.230	415.938	227.590	840.105	459.460	186.719	741.767	387.806	262.571	765.531	535.783	453.609	877.285	511.938	394.100	906.819	543.176	339.978	879.647	401.312	591.593	595.018	356.034	602.130	656.778	263.575	619.196	574.857	300.989	603.419	520.367	139.199	609.125	447.613	153.894	475.687	441.264	234.217	612.075	360.064	171.403	603.752	328.122	230.754	597.779	234.243	281.564	605.312	265.353	424.507	530.730	81.285	371.289	572.953	104.079	343.689	481.510	100.357	214.150	598.321	35.727	204.470	505.045	39.530	381.648	182.475	610.853	332.983	186.439	668.673	241.897	167.894	588.455	277.768	164.942	539.863	162.656	167.712	453.834	144.485	296.525	426.833	233.833	156.038	335.350	168.086	188.620	307.630	224.873	198.212	214.757	277.042	175.163	236.022	424.474	240.236	71.199	362.918	203.235	98.739	334.518	297.698	106.873	210.252	187.332	36.661	195.524	264.569	41.353	374.843	395.020	988.592	92.513	397.865	1131.792	227.253	489.309	1075.867	235.922	309.024	1073.826	-69.946	394.959	1292.494	-177.292	369.987	1184.443	-57.816	293.563	1185.262	-92.373	487.560	1193.413	9.000	572.496	1047.171	127.154	661.928	902.252	112.321	733.669	1010.879	175.760	752.519	928.761	226.493	783.522	897.389	296.847	741.363	972.211	283.275	665.486	853.974	318.673	787.172	822.007	358.899	695.210	797.094	447.000	623.937	827.360	406.924	655.999	749.131	397.473	605.384	780.821	6.200	231.888	1062.296	119.577	148.782	906.057	102.352	54.613	995.387	167.063	55.686	915.514	232.003	1.500	881.918	293.100	38.842	967.956	300.578	111.905	914.426	270.592	49.920	813.752	350.479	110.480	825.729	444.524	163.813	825.064	426.017	122.974	743.573	406.763	170.110	782.191
405.815	556.325	832.446	463.040	610.197	695.014	378.479	521.568	753.095	415.969	227.688	837.706	460.150	186.644	739.663	387.985	262.527	763.080	535.960	453.695	875.098	511.954	394.116	904.425	543.338	340.036	877.447	401.131	591.555	592.816	356.117	602.129	655.157	263.511	619.287	573.575	300.548	603.376	519.011	138.475	609.249	447.179	152.997	475.708	440.877	233.411	612.137	359.776	170.774	603.661	327.450	230.320	597.741	233.950	280.842	605.441	265.419	424.452	530.615	81.403	371.151	572.911	104.095	343.570	481.432	100.354	214.178	598.266	35.669	204.414	505.032	39.502	381.853	182.687	609.018	333.136	186.416	667.490	241.708	167.733	587.498	277.409	164.785	538.794	161.857	167.509	453.309	143.766	296.340	426.411	233.173	155.877	335.122	167.948	188.781	307.034	224.449	198.162	214.445	276.608	175.030	235.879	424.374	240.275	71.273	362.822	203.246	98.728	334.463	297.767	106.806	210.221	187.336	36.618	195.455	264.565	41.311	374.547	395.121	985.959	91.751	397.941	1127.952	226.467	489.431	1072.500	235.173	309.072	1070.497	-70.877	394.999	1288.258	-178.151	370.063	1180.064	-58.659	293.618	1181.013	-93.137	487.572	1189.132	8.238	572.413	1043.026	127.206	661.862	898.495	111.446	733.755	1006.917	175.283	752.569	925.098	226.117	783.585	894.106	296.245	741.569	969.130	283.278	665.530	851.071	318.790	787.183	819.016	359.097	695.253	794.290	447.241	624.264	825.224	407.364	655.957	746.829	397.858	605.464	778.623	5.435	232.015	1058.357	119.223	148.746	902.636	101.720	54.633	991.902	166.721	55.512	912.376	231.773	1.393	878.909	292.585	38.718	965.331	300.247	111.754	911.796	270.612	49.821	810.919	350.084	110.377	823.138	444.582	163.795	823.098	426.254	122.986	741.450	407.146	170.215	780.366
405.956	556.394	829.795	463.314	610.452	692.966	378.918	521.544	750.920	415.970	227.817	835.284	460.387	186.476	738.093	388.181	262.480	760.715	536.166	453.707	872.896	512.059	394.223	902.166	543.453	340.039	875.227	401.061	591.508	591.189	356.274	602.134	653.436	263.506	619.342	572.292	300.126	603.418	517.736	137.596	609.358	446.553	152.357	475.819	440.386	232.655	612.190	359.407	170.077	603.638	326.906	229.788	597.701	233.532	280.291	605.499	265.235	424.381	530.558	81.508	371.024	572.888	104.111	343.450	481.351	100.322	214.156	598.240	35.674	204.360	505.039	39.490	381.727	182.580	607.572	333.372	186.366	666.032	241.597	167.586	586.654	277.036	164.611	537.762	161.063	167.312	452.710	143.149	296.162	425.846	232.471	155.707	334.750	166.893	188.189	306.857	224.031	198.106	214.162	276.191	174.921	235.704	424.297	240.324	71.354	362.684	203.274	98.739	334.430	297.865	106.714	210.193	187.349	36.600	195.396	264.533	41.262	374.212	395.223	983.282	90.982	397.940	1124.180	225.738	489.463	1069.261	234.493	309.121	1067.211	-71.844	395.009	1284.062	-178.925	370.144	1175.701	-59.456	293.656	1176.801	-93.881	487.664	1184.903	7.476	572.364	1038.804	126.892	661.692	894.707	110.587	733.831	1002.998	175.014	752.506	921.792	225.675	783.702	890.835	295.614	741.790	966.284	283.535	665.374	848.327	318.781	787.173	815.940	359.305	695.270	791.657	447.472	624.532	822.924	408.255	655.930	744.373	398.214	605.612	776.505	4.760	232.095	1054.423	119.257	148.715	899.127	101.094	54.670	988.434	166.351	55.484	908.953	231.542	1.240	875.956	292.022	38.588	962.519	299.874	111.591	909.199	270.697	49.772	808.192	350.001	110.300	820.431	444.686	163.689	821.154	426.453	123.025	739.355	407.240	170.191	778.412
406.104	556.376	827.323	463.306	610.693	690.794	379.293	521.603	748.869	415.961	227.919	832.781	460.670	186.388	735.895	388.340	262.514	758.486	536.319	453.723	870.497	512.143	394.301	899.984	543.573	340.095	872.995	400.895	591.550	589.504	356.405	602.164	652.026	263.448	619.460	571.051	299.592	603.371	516.319	136.790	609.355	445.754	151.539	475.806	439.806	231.932	612.283	359.172	169.344	603.673	326.547	229.347	597.631	233.172	279.703	605.584	265.024	424.292	530.457	81.578	370.899	572.852	104.145	343.319	481.282	100.306	214.128	598.231	35.701	204.331	505.043	39.465	381.591	182.429	606.139	333.508	186.347	664.777	241.477	167.460	585.831	276.690	164.416	536.715	160.321	167.109	452.193	142.261	295.961	425.358	231.857	155.553	334.389	166.236	188.053	306.253	223.589	198.033	213.842	275.741	174.791	235.550	424.193	240.357	71.422	362.543	203.300	98.750	334.294	297.937	106.666	210.168	187.346	36.579	195.338	264.521	41.224	373.869	395.348	980.609	90.193	398.003	1120.371	224.912	489.535	1065.896	233.827	309.178	1064.042	-72.807	395.018	1279.802	-179.711	370.203	1171.290	-60.246	293.663	1172.527	-94.713	487.711	1180.645	6.746	572.311	1034.723	126.648	661.572	891.094	109.753	733.879	998.998	174.252	752.591	917.700	225.461	783.620	887.127	294.923	741.984	963.249	283.471	665.371	845.272	318.689	787.142	812.972	359.452	695.344	788.870	447.697	624.797	820.701	408.645	655.885	742.068	398.611	605.747	774.366	4.074	232.217	1050.506	118.929	148.607	895.623	100.515	54.698	985.032	165.988	55.404	905.655	231.320	1.136	873.032	291.489	38.496	959.775	299.522	111.478	906.639	270.755	49.713	805.404	349.638	110.212	817.811	444.739	163.587	819.065	426.782	123.012	737.424	407.411	170.186	776.260
406.189	556.432	824.801	464.045	610.854	688.944	379.686	521.401	747.659	415.903	227.930	830.328	460.764	186.314	733.808	388.518	262.471	756.079	536.525	453.782	868.313	512.178	394.318	897.555	543.722	340.145	870.815	400.769	591.447	587.422	356.539	602.140	650.337	263.349	619.573	569.844	299.170	603.369	514.941	136.109	609.421	445.127	150.671	475.801	439.311	231.172	612.338	358.876	168.622	603.714	326.125	228.885	597.545	232.634	279.182	605.570	264.824	424.188	530.396	81.599	370.772	572.828	104.160	343.177	481.194	100.296	213.794	598.439	36.093	204.274	505.037	39.449	381.498	182.350	604.612	333.629	186.311	663.489	241.240	167.355	584.865	276.362	164.181	535.564	159.608	166.849	451.693	141.266	295.698	425.158	231.165	155.397	334.005	165.676	187.926	305.857	223.189	197.938	213.535	275.325	174.699	235.420	424.101	240.401	71.524	362.425	203.334	98.690	334.172	297.919	106.697	210.127	187.364	36.541	195.281	264.516	41.180	373.560	395.452	977.967	89.447	398.020	1116.595	224.157	489.677	1062.479	233.134	309.233	1060.712	-73.708	395.043	1275.542	-180.483	370.274	1166.950	-61.162	293.741	1168.425	-95.525	487.720	1176.405	5.979	572.277	1030.589	126.430	661.494	887.282	108.776	733.798	994.928	173.984	752.517	914.354	224.912	783.725	883.835	294.235	742.166	959.962	283.458	665.448	842.385	318.711	787.167	810.025	359.533	695.409	786.303	447.924	624.979	818.596	409.125	655.893	739.717	399.019	605.857	772.223	3.362	232.298	1046.534	118.674	148.459	891.976	99.907	54.749	981.664	165.630	55.256	902.562	231.101	1.062	870.097	290.957	38.394	957.066	299.157	111.361	904.053	270.845	49.678	802.668	349.546	110.205	815.345	444.843	163.581	817.164	426.909	123.055	735.168	407.542	170.160	774.094
406.284	556.470	822.304	464.086	610.934	686.703	379.921	521.572	745.704	415.848	228.045	827.859	460.535	186.405	731.791	388.967	262.642	754.277	536.744	453.818	866.103	512.288	394.424	895.337	543.844	340.162	868.531	400.512	590.759	585.315	356.756	602.192	648.899	263.070	619.602	568.611	298.771	603.447	513.787	135.299	609.521	444.576	149.736	475.812	438.720	230.326	612.414	358.530	167.908	603.732	325.625	228.363	597.500	232.257	278.422	605.696	264.957	424.109	530.334	81.678	370.636	572.787	104.211	343.051	481.120	100.244	213.765	598.419	36.112	204.211	505.023	39.418	381.372	182.241	603.139	333.898	186.404	662.203	241.026	167.227	583.943	275.916	163.987	534.570	158.854	166.651	451.104	140.472	295.516	424.816	230.518	155.258	333.650	165.055	187.722	305.373	222.746	197.846	213.251	274.836	174.580	235.149	424.021	240.453	71.605	362.310	203.354	98.693	333.819	297.733	106.891	210.105	187.372	36.508	195.217	264.488	41.152	373.238	395.530	975.362	88.646	398.071	1112.787	223.421	489.802	1059.156	232.465	309.299	1057.441	-74.624	395.093	1271.335	-181.226	370.278	1162.630	-61.960	293.830	1164.131	-96.272	487.758	1172.149	5.163	572.259	1026.565	126.219	661.433	883.457	108.051	733.885	991.105	173.500	752.515	910.705	224.552	783.758	880.464	293.575	742.443	957.160	283.366	665.501	839.176	318.684	787.160	806.868	359.705	695.457	783.568	448.183	625.188	816.804	409.306	655.814	737.596	399.361	606.005	770.177	2.693	232.408	1042.601	117.966	148.323	888.742	99.369	54.831	978.277	165.329	55.169	899.390	230.913	0.885	867.142	290.452	38.308	954.322	298.808	111.235	901.478	270.864	49.598	799.826	350.963	110.616	814.108	444.894	163.498	815.199	427.009	122.975	733.037	407.779	170.245	772.304
406.410	556.533	819.826	464.472	611.139	684.610	380.270	521.623	743.661	415.762	228.103	825.301	461.289	186.159	729.980	389.159	262.631	751.946	536.940	453.834	863.719	512.257	394.535	893.113	543.982	340.150	866.336	400.364	590.780	583.599	356.965	602.162	647.333	262.997	619.933	567.450	297.906	603.552	512.144	134.517	609.588	443.958	148.914	475.806	438.288	229.514	612.465	358.153	167.277	603.704	325.166	227.910	597.449	231.940	278.086	605.558	264.294	424.025	530.266	81.722	370.522	572.764	104.216	342.898	481.062	100.249	213.755	598.412	36.119	204.168	505.019	39.410	381.248	182.170	601.795	333.833	186.395	660.889	240.810	167.110	583.105	275.515	163.793	533.488	158.106	166.406	450.585	139.717	295.412	424.326	229.873	155.109	333.337	164.436	187.561	304.930	222.360	197.740	212.971	274.344	174.534	234.831	423.923	240.497	71.685	362.180	203.382	98.735	333.668	297.739	106.865	210.073	187.363	36.488	195.156	264.465	41.095	372.898	395.627	972.746	87.932	398.124	1109.014	222.693	489.899	1055.849	231.611	309.402	1054.161	-75.506	395.114	1267.115	-182.008	370.263	1158.216	-62.655	293.752	1160.021	-96.987	487.773	1167.936	4.418	572.225	1022.473	125.926	661.326	879.752	107.226	733.922	987.287	173.070	752.519	907.106	224.257	783.750	877.016	292.931	742.653	954.047	283.393	665.502	836.293	318.697	787.151	803.951	359.634	695.580	780.707	448.622	624.859	815.659	409.613	655.810	735.227	399.690	606.082	767.975	2.004	232.544	1038.800	117.675	148.149	885.100	98.853	54.880	974.922	164.994	55.082	896.142	230.005	0.429	864.406	289.935	38.222	951.634	298.467	111.088	898.947	270.965	49.546	797.148	351.178	110.232	812.241	444.931	163.546	813.254	427.305	123.003	730.751	407.815	170.171	770.114
406.556	556.500	817.456	464.684	611.283	682.467	380.592	521.706	741.511	415.687	228.102	822.788	460.947	186.143	728.153	389.386	262.666	749.868	537.142	453.889	861.469	512.357	394.625	890.788	544.138	340.190	864.132	400.152	590.770	581.738	356.989	602.137	645.716	260.974	619.592	567.209	297.313	603.601	510.771	133.700	609.656	443.427	148.070	475.820	437.761	228.735	612.534	357.714	166.554	603.739	324.778	227.428	597.444	231.711	277.610	605.573	264.064	423.959	530.207	81.770	370.393	572.731	104.231	342.779	480.997	100.217	213.750	598.392	36.118	204.383	505.185	39.379	381.149	182.079	600.268	333.914	186.424	659.599	240.602	167.054	582.333	275.008	163.567	532.579	157.249	166.156	450.027	138.629	295.087	423.913	229.185	154.919	333.045	163.805	187.443	304.502	221.965	197.658	212.568	273.863	174.392	234.585	423.841	240.546	71.771	362.045	203.381	98.744	333.520	297.760	106.866	210.033	187.366	36.449	195.090	264.444	41.021	372.536	395.742	970.116	87.185	398.162	1105.213	221.972	489.999	1052.501	230.892	309.423	1050.851	-76.372	395.189	1263.013	-182.719	370.325	1153.904	-63.430	293.726	1155.777	-97.733	487.799	1163.686	3.737	572.134	1018.468	125.644	661.204	876.006	106.476	733.963	983.395	172.418	752.587	903.195	223.978	783.734	873.283	292.289	742.857	950.965	283.410	665.492	833.395	318.681	787.117	800.934	359.842	695.596	778.006	448.830	624.960	813.490	410.133	655.709	733.102	400.002	606.192	765.873	1.332	232.640	1034.860	117.749	148.160	881.542	98.314	54.907	971.508	164.685	54.906	893.092	230.031	0.375	861.445	289.430	38.096	948.904	298.111	110.973	896.413	271.014	49.527	794.439	351.176	110.177	809.893	444.904	163.528	810.890	427.393	123.093	728.871	407.748	170.016	767.882
406.649	556.543	815.055	464.784	611.405	680.426	380.919	521.775	739.374	415.672	228.138	820.379	461.586	186.088	726.149	389.505	262.645	747.654	537.392	453.922	859.226	512.447	394.698	888.523	544.289	340.220	861.917	399.957	590.811	579.974	357.202	602.168	644.242	260.413	619.643	566.131	296.973	603.725	509.748	132.879	609.707	442.779	147.190	475.845	437.348	228.065	612.597	357.495	165.863	603.793	324.297	226.929	597.486	231.450	277.046	605.663	263.882	423.877	530.116	81.885	370.274	572.691	104.248	342.635	480.949	100.134	213.723	598.386	36.098	204.367	505.234	39.382	380.927	181.925	598.831	333.977	186.501	658.414	240.339	166.961	581.472	274.606	163.400	531.609	156.442	165.991	449.481	137.932	294.827	423.345	228.516	154.758	332.712	163.186	187.361	304.069	221.603	197.574	212.213	273.393	174.272	234.281	423.724	240.584	71.837	361.922	203.401	98.755	333.358	297.753	106.804	209.993	187.374	36.393	195.010	264.414	40.976	372.243	395.859	967.525	86.453	398.204	1101.477	221.208	490.106	1049.192	230.207	309.457	1047.596	-77.234	395.225	1258.779	-183.456	370.318	1149.544	-63.923	293.774	1151.846	-98.467	487.806	1159.455	3.003	572.104	1014.397	125.311	661.083	872.451	105.669	734.012	979.475	172.185	752.521	899.821	223.629	783.817	870.171	291.655	743.030	948.083	283.315	665.487	830.384	318.635	787.106	797.962	359.986	695.567	775.394	449.286	624.277	812.591	410.684	655.673	730.617	400.313	606.258	763.827	0.662	232.722	1030.984	116.299	147.249	877.981	97.829	54.951	968.205	164.411	54.837	889.881	230.165	0.197	858.819	288.972	38.033	946.239	297.738	110.857	893.849	271.033	49.455	791.794	351.249	110.123	807.407	444.936	163.515	808.785	427.633	123.163	726.976	407.775	169.983	765.666
406.774	556.597	812.603	465.015	611.529	678.662	381.161	521.851	737.420	415.794	228.167	818.267	461.546	186.056	724.295	389.679	262.672	745.525	537.605	453.945	856.907	512.598	394.751	886.298	544.431	340.267	859.672	399.726	590.875	578.187	357.031	602.097	642.510	259.952	619.666	564.842	296.258	603.745	508.236	132.053	609.791	442.197	146.512	475.910	436.727	227.331	612.670	357.157	165.134	603.792	323.756	226.398	597.477	231.189	276.410	605.719	263.654	423.789	530.064	81.953	370.145	572.676	104.290	342.502	480.891	100.076	213.701	598.359	36.100	204.351	505.274	39.335	380.791	181.846	597.448	334.015	186.591	657.137	239.997	166.870	580.546	274.121	163.154	530.594	155.731	165.713	448.885	136.879	294.561	423.056	227.825	154.551	332.395	162.567	187.168	303.677	221.151	197.494	211.809	272.935	174.130	234.074	423.636	240.622	71.933	361.786	203.405	98.791	333.233	297.770	106.809	209.978	187.392	36.365	194.955	264.389	40.924	371.935	395.941	964.968	85.712	398.231	1097.638	220.296	490.218	1045.696	229.553	309.537	1044.362	-78.071	395.223	1254.528	-184.123	370.316	1145.220	-64.685	293.816	1147.599	-99.223	487.801	1155.185	2.356	572.053	1010.401	124.962	660.933	868.767	104.903	734.080	975.573	171.518	752.619	895.906	223.299	783.755	866.445	291.091	743.226	945.330	283.220	665.510	827.388	318.697	787.080	794.996	360.188	695.624	772.807	449.544	624.483	810.762	411.231	655.589	728.420	400.597	606.333	761.611	0.058	232.855	1027.184	115.898	147.096	874.673	97.312	55.000	964.895	164.137	54.767	886.733	229.993	0.004	856.054	288.478	37.922	943.556	297.968	111.147	892.057	271.102	49.444	789.092	351.091	110.106	805.083	444.991	163.515	806.672	427.792	123.213	724.741	407.997	170.048	763.957
406.892	556.597	810.242	465.041	611.656	676.459	381.280	522.010	735.549	416.264	228.040	817.238	461.691	186.041	722.179	389.864	262.734	743.490	537.821	453.976	854.606	512.688	394.846	883.970	544.602	340.325	857.450	399.497	590.922	576.458	356.957	602.087	641.033	259.867	619.663	563.878	295.699	603.835	506.983	131.281	609.855	441.667	145.725	475.939	436.045	226.460	612.731	356.809	164.481	603.777	323.241	225.908	597.436	230.765	275.815	605.772	263.354	423.687	529.997	82.015	370.030	572.637	104.311	342.345	480.806	100.050	213.686	598.350	36.077	204.320	505.269	39.291	380.526	181.735	596.020	334.038	186.702	655.851	239.744	166.796	579.808	273.582	162.944	529.714	154.872	165.501	448.384	136.249	294.352	422.388	227.122	154.371	332.062	161.898	186.970	303.095	220.691	197.394	211.518	272.455	174.084	233.726	423.529	240.698	72.043	361.646	203.398	98.826	333.027	297.786	106.861	209.935	187.392	36.335	194.876	264.368	40.884	371.562	396.056	962.434	84.992	398.292	1093.949	219.534	490.267	1042.365	228.918	309.612	1041.181	-78.871	395.230	1250.302	-184.852	370.364	1140.780	-65.402	293.833	1143.383	-100.003	487.783	1150.925	1.653	571.990	1006.362	124.718	660.891	865.025	104.145	734.127	971.704	171.290	752.552	892.596	222.965	783.828	863.463	290.435	743.456	942.186	283.106	665.543	824.367	318.686	787.064	792.066	360.842	695.209	770.173	449.780	624.746	808.573	411.443	655.545	726.034	400.972	606.231	759.507	-0.640	232.963	1023.251	115.561	146.832	871.158	96.819	55.057	961.607	163.864	54.615	883.721	229.759	-0.162	853.155	287.938	37.821	940.825	297.603	111.040	889.549	271.141	49.412	786.518	351.098	110.110	802.761	444.944	163.453	804.482	427.913	123.331	722.873	411.930	173.396	766.876
407.020	556.643	807.850	465.465	611.809	674.451	381.551	522.091	733.507	416.340	228.122	815.061	461.701	186.081	720.062	390.731	263.086	741.596	538.090	453.963	852.308	512.758	394.914	881.657	544.756	340.358	855.167	399.261	590.975	574.698	357.493	601.832	639.303	259.610	619.724	563.006	295.411	603.993	505.952	130.372	609.913	440.808	144.869	475.968	435.477	225.639	612.817	356.485	163.788	603.803	322.693	225.409	597.375	230.322	275.273	605.795	263.295	423.571	529.936	82.093	369.891	572.618	104.337	342.158	480.715	100.067	213.662	598.338	36.055	204.211	505.279	39.314	380.254	181.611	594.532	334.065	186.817	654.657	239.458	166.842	578.915	272.466	162.244	529.018	154.122	165.222	447.828	135.382	294.064	422.026	226.407	154.177	331.730	161.305	186.758	302.723	220.299	197.309	211.212	271.979	173.957	233.544	423.444	240.734	72.201	361.494	203.405	98.851	332.888	297.819	106.860	209.913	187.396	36.286	194.805	264.332	40.827	371.245	396.153	959.822	84.269	398.353	1090.084	218.801	490.387	1039.053	228.257	309.689	1037.995	-79.709	395.257	1246.140	-185.603	370.352	1136.386	-66.098	293.815	1139.162	-100.701	487.845	1146.701	0.977	571.911	1002.314	124.481	660.809	861.361	103.489	734.554	968.298	170.845	752.560	889.033	222.649	783.860	860.165	289.755	743.640	938.928	283.021	665.581	821.458	318.709	787.038	789.121	360.959	695.229	767.626	449.816	625.096	806.198	411.652	655.460	723.953	401.243	606.279	757.421	-1.277	233.105	1019.402	115.256	146.646	867.755	96.394	55.098	958.348	163.579	54.477	880.623	229.736	0.199	849.982	287.488	37.738	938.162	297.230	110.961	886.996	271.188	49.387	783.785	351.099	110.064	800.322	444.927	163.453	802.193	428.380	123.595	720.574	412.415	173.749	765.259
407.154	556.718	805.438	465.491	611.891	672.287	381.754	522.178	731.426	416.425	228.233	812.841	461.970	186.005	718.439	390.873	263.137	739.599	538.342	454.046	850.070	512.925	395.012	879.512	544.955	340.415	852.939	399.001	591.088	573.005	356.867	601.945	637.762	259.215	619.749	561.844	294.720	604.093	504.580	129.095	610.105	440.551	144.030	476.050	434.859	224.895	612.909	356.158	163.085	603.811	322.314	224.935	597.402	230.117	274.792	605.819	263.101	423.462	529.898	82.174	369.729	572.586	104.349	341.983	480.643	100.056	213.634	598.323	36.039	204.144	505.278	39.293	379.990	181.451	593.310	334.071	186.905	653.413	239.163	166.777	578.141	271.876	161.983	528.134	153.339	164.955	447.305	134.639	293.799	421.436	225.705	154.007	331.381	160.719	186.579	302.135	219.822	197.212	210.959	271.481	173.637	233.226	423.322	240.774	72.324	361.332	203.440	98.908	332.684	297.822	106.815	209.843	187.389	36.265	194.721	264.311	40.771	370.893	396.199	957.314	83.576	398.380	1086.414	218.107	490.508	1035.734	227.574	309.757	1034.768	-80.566	395.264	1241.883	-186.238	370.372	1132.207	-66.781	293.867	1135.016	-101.512	487.940	1142.470	0.297	571.826	998.265	124.251	660.804	857.771	102.829	734.603	964.548	170.431	752.586	885.378	222.377	783.895	856.807	289.147	743.853	936.241	282.870	665.624	818.444	318.840	786.943	786.181	361.225	695.116	765.023	449.960	625.331	803.881	411.954	655.396	721.619	401.520	606.351	755.328	-1.936	233.224	1015.567	114.943	146.493	864.370	95.915	55.146	955.104	163.306	54.325	877.485	229.523	0.219	847.200	287.014	37.678	935.497	296.818	110.844	884.444	271.259	49.383	781.066	350.960	110.094	798.254	444.842	163.485	800.132	428.234	123.762	718.637	412.665	173.960	763.700
407.355	556.710	803.229	465.802	612.043	670.299	381.931	522.309	729.346	416.511	228.281	810.599	462.370	185.869	716.508	391.015	263.197	737.457	538.593	454.067	847.696	513.108	394.964	877.064	545.121	340.473	850.671	398.716	591.137	571.294	357.598	601.759	636.228	258.790	619.815	560.805	294.036	604.216	503.300	128.237	610.276	440.092	143.188	476.147	434.433	224.120	612.997	355.840	162.357	603.869	321.908	224.427	597.437	229.839	274.274	605.850	262.901	423.355	529.818	82.273	369.568	572.545	104.378	341.803	480.587	100.010	213.607	598.312	36.020	204.071	505.282	39.253	379.670	181.320	591.956	334.000	187.035	652.175	238.827	166.708	577.416	272.037	162.314	526.904	152.475	164.741	446.695	133.764	293.583	420.921	225.059	153.859	331.106	160.068	186.537	301.699	219.427	197.168	210.641	271.046	173.526	232.992	423.178	240.809	72.489	361.210	203.428	98.926	332.503	297.834	106.829	209.804	187.406	36.236	194.635	264.279	40.700	370.556	396.285	954.788	82.872	398.431	1082.616	217.331	490.626	1032.425	226.937	309.852	1031.648	-81.379	395.288	1237.667	-186.920	370.339	1127.835	-67.321	293.620	1131.155	-102.185	487.980	1138.265	-0.399	571.790	994.221	122.649	660.625	854.448	102.124	734.648	960.803	170.028	752.645	881.913	222.099	783.931	853.515	288.579	743.987	933.132	282.755	665.607	815.555	318.900	786.956	783.248	361.422	695.076	762.396	450.037	625.585	801.470	412.381	655.301	719.405	401.817	606.375	753.258	-2.620	233.283	1011.779	114.590	146.332	861.059	95.442	55.190	951.846	163.032	54.167	874.519	229.379	0.074	844.442	286.550	37.635	932.884	296.430	110.718	881.944	271.415	49.306	778.542	350.999	110.093	795.836	444.801	163.459	797.959	428.398	123.888	716.746	412.725	174.034	761.452
408.189	556.336	802.661	466.143	612.161	668.383	382.141	522.386	727.191	416.626	228.354	808.420	462.348	185.975	714.747	391.075	263.296	735.235	538.869	454.032	845.411	513.297	395.053	874.852	545.273	340.510	848.349	398.461	591.199	569.496	357.668	601.751	634.782	258.487	619.889	559.736	293.622	604.412	502.313	127.458	610.410	439.571	142.569	476.401	433.610	223.299	613.100	355.419	161.657	603.883	321.448	223.897	597.430	229.485	273.553	605.944	262.806	423.227	529.755	82.366	369.346	572.457	104.614	341.637	480.542	99.945	213.556	598.294	35.937	203.961	505.263	39.216	379.502	181.270	590.413	334.010	187.161	650.922	238.468	166.687	576.608	270.788	161.615	526.259	151.700	164.472	446.140	133.015	293.369	420.175	224.303	153.671	330.622	159.441	186.360	301.225	218.988	197.111	210.327	270.558	173.433	232.749	423.060	240.929	72.589	361.052	203.434	98.984	332.299	297.866	106.843	209.764	187.394	36.215	194.562	264.256	40.653	370.226	396.402	952.231	82.184	398.501	1078.897	216.627	490.709	1029.147	226.272	309.923	1028.450	-82.206	395.235	1233.429	-187.624	370.324	1123.609	-68.026	293.633	1127.017	-103.009	487.944	1133.931	-1.040	571.693	990.207	122.348	660.601	850.773	101.234	734.379	956.467	169.684	752.634	878.463	221.755	783.950	850.081	287.938	744.148	930.100	282.568	665.650	812.419	318.855	786.905	780.261	361.518	695.102	759.778	450.094	625.841	799.273	412.924	655.175	717.306	402.066	606.474	751.189	-3.213	233.388	1007.932	114.485	146.150	857.501	94.971	55.229	948.584	162.737	54.100	871.203	229.242	-0.016	841.667	286.082	37.579	930.278	296.063	110.628	879.466	271.425	49.305	775.865	350.950	110.135	793.981	444.783	163.450	796.097	428.438	123.881	714.516	412.843	174.104	759.625
408.547	556.367	800.586	466.090	612.295	666.263	382.196	522.624	725.285	416.789	228.450	806.250	462.572	185.970	712.570	391.099	263.333	733.125	539.241	454.197	843.464	513.432	395.126	872.601	545.533	340.657	846.013	398.171	591.269	567.864	357.531	601.737	633.163	258.154	619.930	558.656	292.979	604.517	500.972	126.715	610.462	438.841	141.672	476.471	432.985	222.585	613.162	355.143	160.918	603.919	320.910	223.424	597.366	228.970	272.896	606.021	262.656	423.119	529.693	82.442	369.167	572.433	104.629	341.456	480.471	99.948	213.546	598.296	35.923	203.867	505.255	39.151	379.178	181.098	589.073	333.997	187.304	649.659	238.130	166.719	575.694	270.227	161.345	525.258	150.850	164.259	445.636	132.708	292.960	419.762	223.632	153.494	330.264	158.798	186.108	300.689	218.527	197.042	209.948	270.063	173.323	232.512	422.953	240.942	72.812	360.960	203.411	99.179	332.101	297.870	106.891	209.738	187.413	36.189	194.483	264.231	40.629	369.875	396.482	949.721	81.493	398.563	1075.181	215.914	490.816	1025.888	225.775	309.935	1025.696	-83.054	395.246	1229.199	-188.299	370.303	1119.279	-68.763	293.885	1122.571	-103.710	487.941	1129.752	-1.545	571.604	985.972	121.773	660.440	847.476	100.498	734.452	952.633	169.305	752.689	874.941	221.431	784.006	846.803	287.364	744.323	927.168	282.513	665.689	809.525	318.839	786.915	777.482	361.631	695.033	757.322	450.187	626.014	796.990	413.506	655.065	714.802	402.307	606.508	749.130	-3.845	233.547	1003.995	115.938	146.949	853.964	94.476	55.263	945.363	162.464	53.952	868.197	229.104	-0.130	838.909	285.609	37.503	927.692	295.664	110.525	876.982	271.426	49.240	773.314	350.918	110.165	791.678	445.016	163.577	796.010	428.363	123.950	712.614	412.934	174.230	757.647
408.472	556.278	798.126	466.356	612.440	664.485	382.475	522.679	723.187	416.924	228.495	804.073	462.257	185.997	710.758	390.570	262.997	730.507	539.512	454.226	841.106	513.578	395.156	870.306	545.749	340.700	843.733	397.805	591.393	566.077	357.619	601.650	631.626	257.840	619.928	557.679	292.331	604.625	499.767	125.988	610.539	438.089	141.052	476.555	432.159	221.883	613.229	354.836	160.250	603.921	320.451	222.928	597.373	228.606	272.273	606.119	262.546	422.977	529.608	82.527	368.981	572.385	104.664	341.272	480.421	99.923	213.507	598.289	35.902	203.759	505.248	39.129	378.958	181.068	587.690	333.925	187.396	648.412	237.751	166.693	574.938	269.599	161.080	524.430	150.008	164.055	445.118	132.185	292.650	418.830	222.826	153.224	329.968	158.147	185.933	300.304	218.147	196.952	209.605	269.544	173.146	232.371	422.834	241.015	72.918	360.798	203.415	99.222	331.902	297.876	106.916	209.698	187.413	36.132	194.430	264.177	40.546	369.550	396.563	947.208	80.793	398.606	1071.428	215.238	490.934	1022.663	225.157	309.958	1022.629	-83.851	395.265	1225.015	-188.962	370.290	1115.008	-69.439	293.881	1118.396	-104.402	487.937	1125.524	-2.208	571.575	981.979	121.408	660.460	844.041	99.789	734.525	948.845	168.903	752.708	871.355	221.213	784.040	843.466	286.797	744.476	924.233	282.399	665.711	806.678	318.935	786.883	774.634	361.736	695.070	754.679	450.258	626.242	794.784	413.808	655.012	712.830	402.508	606.616	747.031	-4.514	233.627	1000.154	115.814	146.822	850.510	94.008	55.290	942.139	162.205	53.746	865.232	228.912	-0.271	836.239	285.137	37.447	925.104	294.997	110.185	874.082	270.938	48.485	771.487	350.951	110.194	789.337	445.019	163.655	794.133	428.388	123.961	710.415	413.130	174.442	755.887
408.523	556.527	795.645	466.287	612.562	662.302	382.628	522.827	720.954	417.112	228.543	801.887	462.741	185.946	708.787	391.116	263.331	728.600	539.844	454.287	838.976	513.752	395.233	868.057	545.932	340.775	841.455	397.507	591.461	564.414	357.479	601.662	630.186	257.585	620.010	556.627	291.917	604.833	498.709	125.335	610.677	437.461	140.227	476.623	431.663	221.089	613.317	354.392	159.558	603.924	319.910	222.446	597.386	228.364	271.828	606.134	262.373	422.860	529.551	82.621	368.814	572.336	104.699	341.089	480.338	99.923	213.470	598.289	35.892	203.664	505.231	39.089	378.693	181.020	586.196	333.961	187.565	647.168	237.410	166.673	574.084	269.037	160.902	523.517	149.172	163.857	444.591	131.018	292.420	418.613	222.144	153.061	329.738	157.495	185.875	299.685	217.768	196.860	209.211	269.025	172.999	232.180	422.695	241.107	73.017	360.640	203.443	99.259	331.727	297.896	106.924	209.661	187.408	36.132	194.338	264.129	40.473	369.233	396.630	944.684	80.137	398.643	1067.690	214.546	491.035	1019.403	224.530	310.048	1019.569	-84.647	395.269	1220.868	-189.648	370.297	1110.768	-70.133	293.806	1114.196	-105.069	487.957	1121.352	-2.858	571.565	978.056	121.143	660.462	840.452	99.143	734.619	945.143	168.543	752.777	867.734	221.000	784.092	840.148	286.189	744.673	921.792	282.277	665.711	803.729	319.018	786.936	771.842	362.023	694.908	752.078	450.378	626.369	792.654	413.798	654.954	710.486	402.752	606.702	744.995	-5.130	233.794	996.222	115.672	146.691	847.192	93.521	55.311	938.929	162.001	53.701	862.079	228.779	-0.405	833.447	284.695	37.363	922.511	294.838	110.343	872.037	270.908	48.370	768.951	350.760	110.193	787.212	445.050	163.640	792.048	428.388	124.094	708.451	413.064	174.444	753.782
408.536	556.702	793.097	466.688	612.680	660.407	382.892	522.962	719.017	417.348	228.662	799.724	462.587	185.884	707.224	391.126	263.330	726.383	540.119	454.237	836.493	513.904	395.270	865.799	546.157	340.870	839.132	397.140	591.598	562.657	357.620	601.660	628.741	257.211	620.087	555.554	291.189	604.941	497.468	124.728	610.783	436.783	139.331	476.693	431.209	220.246	613.418	354.041	158.883	603.958	319.498	221.920	597.380	228.044	271.306	606.147	262.125	422.721	529.476	82.748	368.630	572.288	104.723	340.896	480.263	99.910	213.443	598.282	35.838	203.575	505.215	39.027	378.335	180.918	584.775	333.875	187.682	645.867	237.058	166.634	573.318	269.484	161.413	522.202	148.360	163.608	444.037	129.123	292.454	418.706	221.432	152.921	329.411	156.858	185.712	299.372	217.297	196.814	208.970	268.504	172.904	231.962	422.571	241.219	73.257	360.487	203.467	99.301	331.539	297.932	106.976	209.625	187.431	36.109	194.246	264.080	40.399	368.856	396.661	942.200	79.472	398.699	1063.990	213.788	491.161	1016.121	224.050	310.078	1016.623	-85.440	395.292	1216.707	-190.299	370.308	1106.396	-71.041	293.671	1109.979	-105.789	487.979	1117.143	-3.503	571.538	974.032	120.835	660.496	836.842	98.500	734.718	941.431	168.137	752.921	863.814	220.776	784.155	836.995	285.665	744.822	918.966	283.104	665.730	802.184	319.061	786.874	768.958	361.809	694.227	749.554	450.515	626.530	790.501	415.010	655.433	708.075	403.394	606.671	742.329	-5.800	233.916	992.456	115.655	146.651	844.020	93.049	55.368	935.692	161.701	53.599	859.092	228.651	-0.527	830.781	284.236	37.318	919.994	294.477	110.342	869.625	270.839	48.379	766.314	350.800	110.197	784.976	445.107	163.762	790.245	428.374	124.071	706.555	413.297	174.716	752.044
408.681	556.834	790.828	467.035	612.424	658.170	382.996	523.104	716.855	417.523	228.688	797.509	463.165	185.935	705.288	391.073	263.303	724.089	540.353	454.293	834.112	514.064	395.347	863.512	546.450	340.950	836.879	396.867	591.665	561.035	357.376	601.629	627.062	256.830	620.132	554.534	290.480	605.092	496.101	124.063	610.906	436.105	138.526	476.749	430.581	219.389	613.533	353.806	158.173	603.980	319.039	221.440	597.418	227.747	270.791	606.090	261.522	422.605	529.381	82.869	368.453	572.258	104.747	340.717	480.201	99.925	213.393	598.267	35.798	203.467	505.197	38.986	378.049	180.849	583.491	333.637	187.729	644.586	236.761	166.611	572.482	267.900	160.553	521.585	147.482	163.480	443.457	128.337	292.163	418.061	220.745	152.751	329.016	156.284	185.560	299.032	216.830	196.800	208.683	268.000	172.891	231.584	422.448	241.278	73.430	360.361	203.507	99.242	331.355	297.983	106.979	209.595	187.427	36.090	194.183	264.063	40.340	368.551	396.720	939.721	78.812	398.781	1060.275	213.126	491.312	1012.812	223.505	310.158	1013.582	-86.291	395.309	1212.572	-190.975	370.359	1102.137	-71.773	293.675	1105.832	-106.447	488.023	1113.037	-4.150	571.494	970.061	120.690	660.689	833.259	97.836	734.848	937.692	167.801	753.011	860.278	220.567	784.208	833.700	285.086	744.875	916.024	283.040	665.764	799.415	319.081	786.903	766.083	361.910	694.180	746.956	450.637	626.689	788.551	414.521	654.854	706.131	403.662	606.767	740.225	-6.427	234.080	988.479	115.462	146.509	840.645	92.554	55.401	932.498	161.506	53.413	856.250	229.004	-0.715	827.863	283.752	37.244	917.441	294.200	109.421	867.883	270.885	48.374	763.824	350.620	110.193	782.850	445.017	163.799	788.328	428.517	124.033	704.808	413.242	174.692	750.005
408.777	556.996	788.426	467.206	612.673	656.268	383.076	523.434	715.117	417.747	228.721	795.372	462.445	186.086	703.223	391.099	263.341	721.668	540.717	454.346	831.950	514.230	395.369	861.217	546.622	340.927	834.614	396.451	591.809	559.271	357.484	601.646	625.766	256.478	620.202	553.611	290.104	605.317	495.144	123.341	611.017	435.391	137.695	476.808	429.989	218.661	613.580	353.512	157.459	604.043	318.633	220.942	597.395	227.431	270.145	606.156	261.360	422.495	529.278	83.039	368.323	572.234	104.638	340.508	480.128	99.904	213.361	598.269	35.805	203.381	505.196	38.958	377.803	180.801	581.954	333.595	187.849	643.364	236.379	166.603	571.465	267.401	160.346	520.574	146.766	163.218	442.859	128.328	291.852	417.291	220.023	152.564	328.695	155.665	185.384	298.459	216.351	196.797	208.413	267.480	172.883	231.230	422.288	241.336	73.544	360.116	203.521	99.348	331.161	298.006	107.000	209.575	187.430	36.031	194.109	264.016	40.273	368.229	396.729	937.264	78.136	398.874	1056.597	212.420	491.421	1009.599	222.953	310.223	1010.558	-87.034	395.308	1208.405	-191.613	370.328	1097.877	-72.439	293.686	1101.730	-107.117	488.050	1108.866	-4.806	571.447	966.081	120.437	660.692	829.702	97.189	734.954	933.962	167.423	753.080	856.799	220.287	784.259	830.531	284.522	745.045	913.123	283.047	665.755	796.681	319.190	786.909	763.301	361.991	694.134	744.345	450.961	627.150	787.358	414.702	654.783	704.128	403.847	606.881	738.166	-6.972	234.210	984.654	115.257	146.408	837.373	92.009	55.441	929.241	161.194	53.293	853.234	228.805	-0.857	825.261	283.317	37.194	914.981	293.655	109.274	865.477	270.924	48.484	761.215	350.586	110.155	780.570	444.801	163.868	786.782	428.484	124.082	702.825	413.361	174.888	748.197
408.926	557.129	786.230	466.667	613.130	654.207	383.286	523.549	712.881	417.974	228.797	793.186	463.148	185.942	701.310	390.682	263.112	718.945	540.963	454.314	829.456	514.406	395.450	858.968	546.869	341.025	832.354	396.080	591.919	557.591	357.384	601.671	624.287	256.114	620.259	552.468	289.351	605.364	493.820	122.537	611.121	434.759	137.031	476.897	429.335	218.007	613.674	353.018	156.729	604.131	318.278	220.422	597.423	227.085	269.579	606.259	261.113	422.354	529.189	83.142	368.156	572.201	104.658	340.340	480.094	99.847	213.341	598.269	35.760	203.301	505.200	38.910	377.496	180.703	580.443	333.470	187.933	642.197	236.015	166.580	570.647	266.911	160.209	519.634	145.894	163.016	442.426	126.664	291.829	417.126	219.248	152.368	328.203	155.074	185.318	298.094	215.970	196.764	208.156	267.009	172.725	231.069	422.142	241.385	73.738	359.933	203.548	99.379	331.009	298.015	107.008	209.527	187.453	36.004	194.018	264.000	40.232	368.033	396.711	935.081	77.480	398.945	1052.964	211.689	491.536	1006.352	222.310	310.359	1007.454	-87.797	395.327	1204.326	-192.277	370.405	1093.559	-72.821	293.849	1097.616	-107.720	488.102	1104.759	-5.450	571.433	962.064	121.439	660.727	825.721	96.538	735.009	930.215	167.053	753.176	853.404	220.089	784.321	827.392	283.988	745.235	910.264	283.024	665.799	793.913	319.271	786.909	760.513	362.258	694.003	741.579	451.079	627.396	785.504	415.095	654.723	701.968	404.089	606.996	736.071	-7.615	234.348	980.840	115.122	146.245	834.046	91.483	55.487	926.032	160.936	53.200	850.215	228.705	-0.982	822.594	282.787	37.111	912.556	293.313	108.939	862.819	271.040	48.589	758.549	350.462	110.111	778.480	444.804	163.987	784.745	428.515	124.075	700.981	413.406	174.993	746.426
409.113	557.217	784.130	467.271	612.869	652.183	383.447	523.732	710.844	418.197	228.798	790.986	462.717	185.912	699.712	390.744	263.167	716.741	541.232	454.289	827.023	514.536	395.459	856.586	547.131	341.087	830.019	395.739	592.024	555.848	357.200	601.696	622.698	255.364	620.289	551.291	288.640	605.511	492.521	121.706	611.214	434.135	136.188	476.961	428.710	217.258	613.757	352.686	156.054	604.120	317.727	219.961	597.403	226.794	268.997	606.297	261.009	422.212	529.105	83.275	368.009	572.156	104.710	340.190	480.029	99.850	213.297	598.265	35.734	203.195	505.192	38.872	377.232	180.614	578.995	333.446	188.004	640.712	235.730	166.541	569.770	266.360	160.063	518.590	145.106	162.810	441.959	126.198	291.617	416.321	218.610	152.205	327.899	154.453	185.215	297.493	215.537	196.732	207.891	266.569	172.597	230.873	422.029	241.469	73.832	359.738	203.574	99.418	330.780	298.069	107.055	209.484	187.456	35.980	193.940	263.951	40.136	367.736	396.745	932.644	76.791	398.999	1049.207	211.002	491.664	1003.182	221.642	310.452	1004.300	-88.627	395.362	1200.158	-192.962	370.387	1089.265	-73.498	293.910	1093.520	-108.420	488.116	1100.563	-6.015	571.402	958.020	121.269	660.743	822.121	95.902	735.078	926.487	166.753	753.250	849.950	219.921	784.382	824.237	283.447	745.324	907.383	282.964	665.834	791.075	319.304	786.926	757.720	362.461	693.772	738.929	451.222	627.500	783.398	415.524	654.648	699.756	404.300	607.164	734.172	-8.245	234.486	976.988	115.058	146.121	830.790	90.976	55.503	922.788	160.714	53.108	847.282	228.597	-1.152	819.943	282.287	37.019	910.076	292.975	108.952	860.495	271.106	48.610	756.056	350.343	110.118	776.151	444.725	164.080	782.968	429.254	124.453	699.755	413.413	175.089	744.457
409.389	557.294	781.884	467.502	613.039	650.228	383.375	524.123	709.205	418.416	228.794	788.757	463.195	185.908	697.745	391.461	262.457	716.821	541.648	454.302	824.843	514.776	395.464	854.313	547.378	341.132	827.687	395.384	592.132	554.204	357.106	601.711	621.165	255.087	620.373	550.271	288.232	605.731	491.479	120.300	611.114	434.040	135.298	477.034	428.135	216.538	613.845	352.383	155.342	604.159	317.254	219.488	597.431	226.459	268.340	606.392	261.002	422.064	528.991	83.363	367.847	572.103	104.759	340.584	480.283	100.008	213.281	598.255	35.705	203.110	505.165	38.833	376.961	180.515	577.509	333.393	188.088	639.330	235.423	166.487	568.925	265.885	159.930	517.671	144.356	162.537	441.332	125.390	291.431	415.850	217.955	152.035	327.586	153.814	185.080	297.040	215.083	196.683	207.657	266.080	172.526	230.681	421.916	241.536	73.969	359.564	203.611	99.426	330.608	298.093	107.069	209.453	187.491	35.943	193.839	263.955	40.099	367.379	396.781	930.194	76.119	399.048	1045.596	210.281	491.803	999.952	221.026	310.446	1001.275	-89.494	395.338	1196.046	-193.602	370.509	1085.049	-74.088	293.909	1089.416	-109.049	488.170	1096.440	-6.628	571.353	954.110	121.102	660.778	818.584	95.386	735.172	922.929	166.487	753.335	846.489	219.748	784.433	821.058	282.849	745.515	904.813	283.026	665.886	788.365	319.406	786.916	755.032	362.674	693.577	736.523	451.370	627.650	781.392	416.285	654.620	697.692	404.229	606.799	730.310	-8.913	234.605	973.170	115.025	146.039	827.643	90.437	55.539	919.605	160.331	53.032	844.279	228.423	-1.284	817.346	281.757	36.946	907.656	292.529	108.980	858.055	271.120	48.551	753.571	350.176	110.075	773.874	444.627	164.134	781.113	429.239	124.490	697.850	413.343	175.130	742.443
409.622	557.500	779.852	467.578	612.986	648.178	383.790	524.066	706.478	418.651	228.860	786.600	462.928	185.835	696.106	391.512	262.490	714.596	541.841	454.336	822.466	514.934	395.558	852.095	547.656	341.242	825.238	395.027	592.233	552.530	357.175	601.782	619.727	254.859	620.449	549.277	287.529	605.820	490.191	119.438	611.188	433.328	134.479	477.136	427.486	215.973	613.681	352.118	154.676	604.172	316.738	219.011	597.470	226.183	267.914	606.324	260.574	421.936	528.919	83.468	367.680	572.062	104.787	340.426	480.242	99.995	213.233	598.252	35.679	203.043	505.177	38.791	376.665	180.450	575.943	333.374	188.118	638.086	235.076	166.423	567.874	265.308	159.829	516.532	143.664	162.331	440.709	124.350	291.131	415.557	217.396	151.924	327.209	153.198	184.965	296.634	214.687	196.647	207.369	265.520	172.443	230.420	421.780	241.627	74.056	359.405	203.647	99.482	330.434	298.137	107.080	209.417	187.507	35.918	193.780	263.936	40.030	366.947	396.750	927.547	75.471	399.081	1041.905	209.618	491.917	996.784	220.302	310.526	998.075	-90.291	395.319	1191.930	-194.220	370.477	1080.775	-74.752	293.940	1085.314	-109.683	488.217	1092.326	-7.267	571.313	950.165	120.473	660.522	815.339	94.778	735.264	919.258	165.039	754.030	842.473	219.589	784.490	817.893	282.343	745.673	901.914	282.948	666.222	785.421	319.490	786.978	752.334	362.944	693.284	734.177	451.505	627.845	779.284	417.410	655.091	695.119	405.181	607.697	729.321	-9.518	234.747	969.354	114.801	145.941	824.415	89.862	55.594	916.411	160.222	52.942	841.844	228.234	-1.440	814.823	281.263	36.875	905.232	292.052	109.027	855.622	271.126	48.525	751.164	350.004	110.018	771.690	444.543	164.223	779.378	429.383	124.550	696.128	413.298	175.182	740.547
409.837	557.506	777.720	467.835	613.326	646.201	384.124	524.148	704.018	418.905	228.807	784.321	463.134	185.913	693.953	391.623	262.556	712.680	542.101	454.353	820.038	515.150	395.595	849.806	547.903	341.309	822.897	394.684	592.374	550.794	356.966	601.829	618.129	254.287	620.502	548.203	286.901	605.975	488.861	118.643	611.286	432.835	133.610	477.172	427.030	215.195	613.766	351.788	154.018	604.203	316.279	218.797	598.029	225.782	267.412	606.324	260.330	421.810	528.834	83.560	367.504	572.132	104.704	340.284	480.176	99.976	213.202	598.247	35.678	202.971	505.177	38.753	376.377	180.372	574.486	333.295	188.146	636.656	234.777	166.402	566.951	265.168	159.911	515.437	142.875	162.148	440.173	123.410	290.870	414.881	216.780	151.801	326.912	152.567	184.828	296.106	214.215	196.612	207.122	265.071	172.362	230.246	421.649	241.706	74.174	359.241	203.675	99.529	330.227	298.188	107.093	209.402	187.526	35.887	193.725	263.925	39.955	366.645	396.743	925.124	74.822	399.162	1038.307	208.898	491.993	993.661	219.542	310.578	994.840	-91.047	395.368	1187.932	-194.836	370.540	1076.573	-75.374	294.035	1081.276	-110.318	488.278	1088.298	-7.529	571.201	946.308	120.284	660.556	811.792	94.117	735.292	915.662	164.692	754.144	839.087	219.414	784.546	814.774	281.864	745.730	899.179	282.901	666.321	782.668	319.623	786.960	749.566	363.264	693.024	731.798	451.684	627.958	777.248	417.868	655.142	692.953	405.085	607.242	727.838	-10.125	234.895	965.606	114.640	145.827	821.189	89.299	55.640	913.210	159.963	52.785	838.891	228.087	-1.571	812.218	280.701	36.778	902.813	291.651	109.129	853.231	271.120	48.465	748.784	349.804	109.976	769.359	444.448	164.334	777.699	429.422	124.584	694.394	413.444	175.427	738.916
410.100	557.715	775.547	467.775	613.443	644.186	384.583	524.115	701.039	419.155	228.813	782.060	463.147	185.920	692.375	391.722	262.624	710.561	542.495	454.313	817.821	515.350	395.573	847.510	548.195	341.352	820.573	394.358	592.480	549.138	356.759	601.895	616.564	254.076	620.580	547.079	286.487	606.206	487.816	117.856	611.408	432.238	132.753	477.231	426.530	214.480	613.805	351.381	153.309	604.449	315.613	218.320	597.907	225.237	266.646	606.031	259.216	421.660	528.644	83.677	367.333	572.084	104.734	340.057	480.083	99.910	213.172	598.233	35.661	202.883	505.176	38.725	376.173	180.357	573.063	333.497	188.283	635.141	234.522	166.334	566.048	264.741	159.830	514.311	142.166	161.928	439.609	123.307	290.546	414.325	216.243	151.739	326.456	151.951	184.759	295.768	212.934	197.137	207.665	264.577	172.347	230.008	421.511	241.812	74.292	359.101	203.718	99.563	330.026	298.223	107.099	209.351	187.559	35.855	193.633	263.924	39.891	366.359	396.670	922.799	74.171	399.218	1034.739	208.158	492.092	990.479	218.804	310.626	991.616	-91.890	395.379	1183.832	-195.436	370.606	1072.290	-76.005	294.066	1077.169	-110.949	488.316	1084.190	-8.107	571.150	942.403	120.069	660.612	808.328	93.497	735.333	912.044	164.356	754.258	835.732	219.282	784.616	811.777	281.330	745.888	896.284	282.858	666.489	779.795	319.711	786.992	746.970	363.618	692.753	729.473	451.829	628.158	775.181	417.797	655.125	691.050	405.714	606.814	726.595	-10.771	235.069	961.851	114.373	145.769	817.972	88.715	55.710	910.004	159.724	52.671	835.948	227.908	-1.734	809.682	280.199	36.733	900.481	291.166	109.200	850.856	271.138	48.378	746.417	349.947	108.745	766.311	444.251	164.410	775.859	429.435	124.610	692.494	410.118	172.881	733.083
410.410	557.748	773.432	467.861	613.497	642.154	385.092	523.848	697.897	419.398	228.815	779.865	463.268	185.835	690.405	391.937	262.454	709.159	542.710	454.368	815.443	515.536	395.666	845.322	548.441	341.382	818.237	393.992	592.593	547.350	356.732	601.978	615.084	253.814	620.705	545.945	285.800	606.322	486.362	117.085	611.492	431.659	131.920	477.358	426.067	213.768	613.892	351.004	152.684	604.448	315.152	217.960	597.825	224.837	266.149	606.016	259.008	421.513	528.545	83.809	367.196	572.030	104.762	339.899	480.029	99.914	213.149	598.228	35.617	202.772	505.160	38.687	375.877	180.269	571.385	333.210	188.127	633.915	234.263	166.267	565.086	264.281	159.686	513.322	141.418	161.763	439.073	122.745	290.392	413.659	215.601	151.663	325.923	151.407	184.667	295.416	212.521	197.135	207.313	264.129	172.252	229.832	421.374	241.894	74.432	358.968	203.769	99.615	329.845	298.281	107.097	209.325	187.569	35.847	193.562	263.902	39.819	366.036	396.605	920.353	73.506	399.286	1031.074	207.452	492.207	987.295	218.043	310.624	988.379	-92.602	395.392	1179.700	-196.062	370.656	1068.118	-76.642	294.177	1073.141	-111.597	488.372	1080.116	-9.079	571.162	938.437	119.907	660.656	804.943	92.957	735.397	908.471	164.022	754.337	832.409	219.155	784.657	808.592	280.853	745.955	893.367	282.790	666.612	776.934	319.832	787.013	744.282	363.939	692.649	727.487	452.036	628.325	773.158	417.650	655.130	689.068	407.141	606.382	723.047	-11.407	235.215	958.057	114.248	145.669	814.783	88.161	55.774	906.898	159.421	52.583	833.067	227.702	-1.858	807.249	279.673	36.592	898.084	290.691	109.202	848.524	271.171	48.305	744.113	349.847	108.534	763.904	444.121	164.524	774.166	429.424	124.649	690.999	410.099	172.992	731.171
410.605	557.879	771.345	468.014	613.643	640.166	385.549	523.722	694.832	419.626	228.766	777.633	463.272	185.875	688.713	392.408	262.482	708.910	542.971	454.400	813.153	515.778	395.675	843.110	548.713	341.433	815.991	393.645	592.714	545.703	356.633	602.042	613.550	253.049	620.588	545.003	285.312	606.554	485.048	116.279	611.607	431.193	131.080	477.324	425.182	213.097	613.970	350.750	152.028	604.441	314.639	217.522	597.840	224.592	265.554	606.117	258.959	421.378	528.454	83.918	367.042	571.915	104.727	339.745	479.971	99.878	213.133	598.212	35.578	202.694	505.174	38.629	375.597	180.192	569.796	333.149	188.075	632.538	233.992	166.201	564.094	263.743	159.561	512.100	140.591	161.577	438.476	121.671	290.202	413.361	214.974	151.601	325.588	150.814	184.594	294.888	212.104	197.132	207.081	263.726	172.194	229.684	421.270	241.969	74.603	358.832	203.801	99.678	329.649	298.361	107.116	209.304	187.597	35.825	193.464	263.899	39.753	365.738	396.544	918.021	72.866	399.363	1027.502	206.744	492.346	984.174	217.166	310.547	985.126	-93.386	395.446	1175.594	-196.669	370.660	1063.797	-77.281	294.222	1069.092	-112.209	488.421	1076.005	-9.715	571.110	934.575	119.637	660.742	801.477	92.389	735.471	904.878	163.780	754.540	828.864	218.974	784.723	805.568	280.335	746.061	890.560	282.731	666.801	773.982	320.193	787.024	741.881	364.245	692.544	725.418	452.187	628.471	771.571	418.479	655.198	687.005	406.357	607.061	722.841	-12.039	235.369	954.253	114.148	145.553	811.593	87.526	55.783	903.651	159.061	52.377	830.535	227.333	-2.013	804.796	279.181	36.551	895.808	290.226	109.234	846.247	271.114	48.248	741.789	349.636	108.355	761.553	443.962	164.610	772.531	429.433	124.686	689.238	410.008	173.002	729.359
410.863	557.935	769.354	468.260	613.861	638.259	384.683	525.229	696.188	419.876	228.745	775.385	463.219	185.868	686.721	392.391	262.940	706.122	543.228	454.377	810.915	515.943	395.658	840.818	548.934	341.443	813.544	393.339	592.843	543.795	356.406	602.189	611.953	252.809	620.703	543.963	284.784	606.728	483.812	115.408	611.688	430.396	130.247	477.362	424.652	212.305	614.074	350.517	151.400	604.509	314.242	217.067	597.877	224.362	264.953	606.160	258.894	421.265	528.363	84.011	366.928	571.790	104.683	339.589	479.899	99.864	213.086	598.226	35.530	202.576	505.162	38.647	375.438	180.189	568.435	333.333	188.166	630.897	233.738	166.107	563.115	263.223	159.472	511.046	139.851	161.435	437.990	120.797	290.029	412.921	214.052	151.440	325.593	150.249	184.413	294.524	211.697	197.107	206.777	263.278	172.080	229.541	421.162	242.085	74.703	358.656	203.837	99.730	329.422	298.381	107.014	209.256	187.623	35.816	193.376	263.881	39.706	365.497	396.483	915.640	72.242	399.409	1023.901	206.071	492.453	981.049	216.440	310.509	981.955	-94.142	395.518	1171.592	-197.285	370.830	1059.728	-77.874	294.309	1065.025	-112.844	488.484	1071.966	-10.336	571.074	930.709	119.462	660.799	798.052	91.844	735.559	901.267	163.556	754.664	825.516	218.808	784.762	802.636	279.812	746.188	887.802	284.486	665.513	772.804	320.294	787.061	739.199	364.608	692.452	723.331	452.363	628.633	769.537	419.771	654.645	684.890	407.727	606.712	719.222	-12.681	235.543	950.430	113.986	145.470	808.423	86.928	55.816	900.619	158.899	52.387	827.511	227.117	-2.187	802.209	278.560	36.483	893.524	289.773	109.240	843.995	271.085	48.131	739.494	349.472	108.235	759.319	444.192	164.984	771.642	429.488	124.711	687.404	409.337	172.680	726.754
411.028	558.051	767.205	468.370	613.974	636.084	384.742	525.541	694.170	420.383	228.852	773.719	463.227	185.860	684.973	392.476	263.202	704.109	543.468	454.410	808.604	516.151	395.685	838.663	549.178	341.501	811.303	393.047	593.259	542.052	356.449	602.276	610.528	252.309	620.816	542.742	284.259	606.861	482.406	114.643	611.793	429.827	129.334	477.480	424.311	211.556	614.114	350.167	150.724	604.572	313.684	216.545	597.894	224.049	264.375	606.171	258.628	421.145	528.272	84.119	366.829	571.670	104.617	339.408	479.832	99.870	213.059	598.213	35.487	202.495	505.161	38.573	375.114	180.075	566.888	333.295	188.079	629.407	233.595	166.025	562.049	263.285	159.878	509.727	139.118	161.357	437.466	119.999	289.882	412.562	213.420	151.347	325.132	149.682	184.358	294.062	211.300	197.071	206.528	262.805	171.991	229.329	421.035	242.161	74.886	358.531	203.878	99.780	329.175	298.462	107.050	209.219	187.662	35.788	193.276	263.870	39.637	365.182	396.448	913.255	71.610	399.453	1020.324	205.384	492.526	977.992	215.725	310.474	978.815	-94.861	395.599	1167.575	-197.868	370.954	1055.547	-78.495	294.363	1061.032	-113.408	488.617	1067.928	-10.961	571.039	926.811	119.421	660.808	794.556	91.292	735.587	897.708	163.361	754.770	822.195	218.716	784.791	799.593	279.367	746.245	884.959	282.645	667.037	768.449	320.437	787.136	736.623	364.935	692.500	721.361	452.560	628.819	767.579	419.535	655.260	682.736	408.019	606.806	717.316	-13.302	235.697	946.634	113.851	145.460	805.337	86.339	55.945	897.365	158.564	52.284	824.773	227.015	-2.287	799.761	277.996	36.420	891.265	289.303	109.196	841.775	270.235	48.540	737.962	349.217	108.237	757.175	444.031	165.018	770.010	429.404	124.612	685.641	412.944	175.632	729.141
411.318	558.191	765.097	468.555	614.176	634.172	384.922	525.897	692.430	420.562	228.830	771.440	463.257	185.837	683.241	392.583	263.121	701.867	543.799	454.375	806.355	516.313	395.581	836.292	549.428	341.497	808.993	392.683	593.351	540.307	356.309	602.388	608.941	251.829	620.910	541.528	283.714	607.022	480.990	113.845	611.897	429.284	128.614	477.584	423.787	210.839	614.197	349.736	150.079	604.644	313.298	215.983	597.919	223.764	263.818	606.282	258.510	421.024	528.187	84.195	366.736	571.517	104.498	339.233	479.761	99.859	213.036	598.216	35.480	202.418	505.158	38.553	375.017	180.129	565.200	332.637	187.711	628.370	233.432	165.927	560.984	262.444	159.337	508.793	138.483	161.063	436.773	120.758	289.588	411.289	212.783	151.225	324.807	149.140	184.221	293.568	210.902	197.045	206.286	262.335	172.031	228.957	420.912	242.275	74.994	358.372	203.935	99.843	328.982	298.538	107.059	209.207	187.671	35.776	193.174	263.851	39.617	364.940	396.259	911.011	70.964	399.487	1016.764	204.457	492.534	974.892	215.005	310.449	975.760	-95.601	395.659	1163.580	-198.468	371.042	1051.504	-79.065	294.416	1057.001	-114.068	488.698	1063.927	-11.503	571.011	922.975	119.225	660.840	791.322	90.783	735.576	894.279	163.107	754.806	818.842	218.643	784.855	796.537	278.814	746.361	882.148	282.501	667.309	765.509	320.567	787.161	734.054	365.183	692.705	719.389	452.825	629.080	765.647	420.089	655.333	680.750	407.279	607.486	716.931	-13.918	235.869	942.935	113.595	145.383	802.253	85.692	55.972	894.323	158.194	52.199	821.857	226.599	-2.464	797.331	277.468	36.394	889.114	288.790	109.154	839.539	270.170	48.475	735.766	349.145	107.998	754.977	443.847	165.218	768.425	429.319	124.599	683.943	413.334	176.097	728.143
411.567	558.171	763.083	468.738	614.370	632.186	385.165	526.206	690.545	420.761	228.803	769.081	463.372	185.794	681.641	392.685	263.375	699.635	543.972	454.407	804.160	516.536	395.643	834.181	549.624	341.510	806.565	392.635	593.242	538.447	356.056	602.510	607.278	251.621	621.027	540.409	283.230	607.215	479.815	113.033	612.037	428.739	127.564	477.507	423.401	210.149	614.301	349.400	149.456	604.694	312.810	215.599	597.813	223.291	263.456	606.199	258.104	420.907	528.103	84.319	366.671	571.379	104.413	339.043	479.709	99.814	213.005	598.199	35.450	202.317	505.163	38.535	374.786	180.151	563.664	333.118	187.860	626.577	233.169	165.801	559.985	262.013	159.276	507.628	137.740	160.980	436.252	119.475	289.660	411.095	212.048	151.035	324.656	148.576	184.158	293.116	210.461	197.020	206.078	261.937	171.984	228.781	420.784	242.388	75.132	358.221	204.003	99.857	328.779	298.622	107.064	209.207	187.706	35.721	193.074	263.851	39.544	364.584	396.248	908.616	70.330	399.516	1013.169	203.789	492.575	971.797	214.328	310.425	972.718	-96.368	395.745	1159.550	-199.001	371.042	1047.245	-79.660	294.497	1053.061	-114.609	488.791	1059.869	-11.995	571.008	919.361	119.126	660.885	788.120	90.245	735.577	890.766	162.668	754.823	815.655	218.482	784.877	793.796	278.388	746.436	879.450	282.389	667.605	762.612	320.748	787.278	731.506	365.531	692.910	717.267	453.021	629.251	763.720	420.256	655.384	678.643	408.615	607.188	713.515	-14.567	236.068	939.238	113.627	145.309	799.145	85.056	56.022	891.291	157.832	52.085	819.150	226.443	-2.603	794.963	276.858	36.350	886.866	288.315	109.114	837.419	270.143	48.415	733.575	349.030	108.311	753.775	443.589	165.313	766.711	429.458	124.705	682.494	413.366	176.235	726.287
411.791	558.229	760.951	468.783	614.458	630.242	385.339	526.495	688.493	420.938	228.750	766.749	463.266	185.890	679.596	392.845	263.750	697.697	544.292	454.342	801.844	516.722	395.507	831.778	549.870	341.533	804.263	392.276	593.311	536.681	356.143	602.618	605.940	251.154	621.136	539.300	282.715	607.398	478.425	112.289	612.208	428.187	126.825	477.623	422.664	209.436	614.371	349.089	148.836	604.706	312.263	215.212	597.898	223.160	262.966	606.226	257.783	420.812	528.036	84.459	366.596	571.231	104.278	338.888	479.642	99.776	212.983	598.201	35.437	202.205	505.164	38.518	374.544	180.078	561.987	332.329	187.396	625.494	233.027	165.772	558.986	262.081	159.712	506.320	137.025	160.865	435.736	118.627	289.466	410.633	211.447	150.910	324.415	148.004	184.034	292.782	210.099	196.999	205.757	261.444	171.900	228.439	420.658	242.512	75.247	358.074	204.073	99.905	328.609	298.715	107.071	209.143	187.719	35.733	192.955	263.841	39.524	364.338	396.152	906.552	69.868	399.652	1010.001	203.104	492.608	968.704	213.590	310.606	969.809	-97.083	395.927	1155.726	-199.584	371.153	1043.067	-80.380	294.540	1048.918	-115.152	488.888	1055.882	-12.608	570.961	915.438	123.225	660.200	782.795	89.783	735.641	887.298	162.353	754.869	812.491	218.471	784.916	790.701	277.964	746.539	876.732	282.435	667.897	759.901	320.827	787.219	728.925	364.836	694.722	711.951	453.253	629.486	761.805	420.798	654.943	676.759	408.980	607.253	711.442	-15.258	236.264	935.511	113.456	145.220	795.897	84.468	56.111	888.210	157.523	52.011	816.381	226.153	-2.729	792.581	276.256	36.342	884.723	287.850	109.047	835.258	270.064	48.288	731.355	349.297	111.157	756.841	443.162	165.394	765.264	429.298	124.571	680.772	413.186	176.193	724.261
412.025	558.284	758.951	469.080	614.658	628.301	385.576	526.783	686.800	421.087	228.745	764.387	463.162	185.788	677.913	392.951	263.701	695.560	544.456	454.420	799.605	516.961	395.598	829.759	550.123	341.582	802.024	392.080	593.448	534.827	355.939	602.753	604.370	250.837	621.265	538.127	282.112	607.536	477.009	111.489	612.274	427.585	126.072	477.721	422.124	208.718	614.479	348.790	148.191	604.813	311.862	214.768	597.915	222.867	262.449	606.199	257.537	420.685	527.936	84.568	366.632	570.980	104.127	338.718	479.567	99.790	212.963	598.205	35.399	202.116	505.150	38.511	374.410	180.159	560.507	332.229	187.215	624.066	232.789	165.598	557.964	261.646	159.632	505.159	136.356	160.716	435.206	116.221	289.315	410.936	210.848	150.794	324.154	147.439	183.911	292.452	209.674	197.013	205.545	261.019	171.902	228.239	420.523	242.619	75.390	357.911	204.122	99.940	328.390	298.769	107.085	209.112	187.745	35.703	192.842	263.826	39.491	364.078	396.023	904.250	69.284	399.709	1006.487	202.476	492.647	965.680	212.894	310.579	966.838	-97.697	396.043	1151.731	-200.109	371.308	1039.118	-81.106	294.492	1044.970	-115.745	488.979	1052.077	-13.139	570.916	911.634	120.542	661.221	781.025	89.302	735.733	883.767	162.101	754.965	809.223	218.357	784.994	787.776	277.477	746.615	873.993	282.446	668.149	757.368	321.012	787.397	726.501	365.067	694.773	710.182	453.452	629.743	759.909	420.785	655.022	674.785	409.239	607.563	709.638	-15.914	236.456	931.763	113.249	145.144	792.833	83.791	56.198	885.100	157.201	51.897	813.642	225.979	-2.842	790.250	275.642	36.313	882.486	287.260	108.774	832.952	270.026	48.230	729.109	348.968	109.016	753.085	442.883	165.160	762.678	429.306	124.737	679.225	413.476	176.614	723.063
412.179	558.389	756.945	468.807	614.694	625.868	385.478	527.411	685.286	421.319	228.750	762.106	463.523	185.784	676.240	393.216	263.166	694.757	544.694	454.403	797.449	517.163	395.558	827.536	550.352	341.553	799.735	391.771	593.565	533.025	355.792	602.849	602.633	250.834	621.179	536.650	281.691	607.642	475.800	110.679	612.407	426.967	125.433	477.891	421.567	208.060	614.562	348.426	147.614	604.878	311.516	214.380	597.865	222.346	261.905	606.227	257.347	420.572	527.863	84.664	366.529	570.846	104.055	338.556	479.515	99.790	212.927	598.208	35.384	202.017	505.142	38.522	374.130	180.085	558.944	332.967	187.531	622.360	232.611	165.537	556.966	261.245	159.616	504.079	135.604	160.496	434.745	115.336	289.152	410.638	210.249	150.676	323.878	146.876	183.827	292.066	209.277	197.021	205.315	260.587	171.804	228.136	420.380	242.726	75.517	357.749	204.213	100.007	328.212	298.857	107.094	209.081	187.780	35.686	192.740	263.795	39.463	363.832	395.857	902.076	68.668	399.801	1002.936	201.807	492.659	962.701	212.338	310.976	964.248	-98.404	396.166	1147.807	-200.630	371.413	1035.051	-81.456	294.576	1041.290	-116.216	489.077	1048.085	-13.692	570.843	907.817	123.802	660.637	775.822	88.859	735.786	880.407	161.908	755.064	806.049	218.267	785.003	784.943	277.056	746.649	871.304	285.542	665.382	759.073	321.154	787.380	723.964	365.463	694.719	707.666	453.672	630.009	758.066	420.498	655.673	672.594	409.607	607.739	707.807	-16.593	236.637	928.015	112.974	145.066	789.561	83.176	56.280	882.071	156.762	51.685	811.165	225.611	-2.964	788.090	275.040	36.301	880.345	286.877	108.944	830.815	269.956	48.126	726.940	348.810	108.943	751.234	442.679	165.205	761.034	429.328	124.635	677.606	413.280	176.560	721.126
412.344	558.418	754.969	469.363	615.163	623.916	385.732	527.539	683.211	421.398	228.664	759.692	463.221	185.749	674.658	393.272	263.320	692.401	544.994	454.335	795.138	517.397	395.498	825.357	550.581	341.541	797.430	391.329	593.523	531.908	356.182	602.389	601.578	250.121	621.483	535.870	281.176	607.751	474.409	109.930	612.605	426.458	124.608	477.999	421.132	207.422	614.666	348.169	146.984	604.896	311.047	213.858	597.955	222.101	261.450	606.254	257.034	420.468	527.791	84.792	366.279	570.839	104.146	338.386	479.466	99.790	212.897	598.186	35.357	201.936	505.140	38.515	374.016	180.114	557.211	332.937	187.454	620.939	232.461	165.414	556.028	260.858	159.550	502.921	134.934	160.343	434.163	115.437	288.816	409.631	209.661	150.530	323.554	146.333	183.758	291.560	208.902	197.021	205.041	260.167	171.771	227.930	420.227	242.821	75.642	357.615	204.290	100.027	327.990	298.929	107.104	209.039	187.801	35.682	192.650	263.800	39.435	363.576	395.723	899.737	68.041	399.920	999.545	201.035	492.647	959.626	211.610	310.981	961.208	-99.009	396.302	1143.806	-201.172	371.520	1030.985	-82.214	294.492	1037.360	-116.668	489.212	1044.150	-14.294	570.775	904.074	123.854	660.591	772.383	88.334	735.791	876.962	161.763	755.128	802.889	218.192	785.074	782.210	276.639	746.738	868.614	285.588	665.383	756.493	321.390	787.505	721.621	365.442	695.776	705.541	453.862	630.254	756.261	418.961	655.493	670.039	409.846	608.021	706.038	-17.304	236.846	924.310	112.838	144.953	786.470	82.575	56.405	879.077	156.376	51.591	808.407	225.378	-3.086	785.745	274.406	36.306	878.142	286.281	108.659	828.575	269.899	48.034	724.776	348.579	108.971	749.372	442.388	165.304	759.518	429.258	124.661	676.186	413.087	176.587	719.089
412.516	558.474	752.917	469.360	615.494	621.521	385.754	528.048	681.687	421.537	228.572	757.369	463.164	185.854	672.531	393.314	263.397	690.067	545.196	454.386	792.982	517.549	395.504	823.232	550.813	341.534	795.280	391.183	593.734	530.183	356.193	602.365	600.137	250.110	621.398	534.371	280.541	607.912	473.171	109.255	612.724	425.850	123.807	478.095	420.727	206.777	614.772	347.844	146.371	605.091	310.697	213.349	597.994	221.829	260.965	606.327	256.810	420.347	527.714	84.895	365.325	571.435	105.097	338.238	479.400	99.795	212.882	598.181	35.328	201.855	505.127	38.507	373.795	180.166	555.892	332.142	186.996	619.863	232.214	165.328	555.078	260.454	159.458	501.858	134.289	160.127	433.668	114.408	288.596	409.437	209.101	150.415	323.208	145.820	183.719	291.275	208.496	196.998	204.723	259.703	171.697	227.758	420.108	242.949	75.769	357.474	204.359	100.048	327.797	298.989	107.125	209.031	187.844	35.614	192.526	263.793	39.349	363.309	395.586	897.584	67.486	399.943	996.055	200.356	492.665	956.624	210.882	310.645	958.157	-99.658	396.424	1139.896	-201.669	371.646	1027.019	-82.769	294.728	1033.283	-117.174	489.326	1040.187	-14.770	570.705	900.362	124.116	660.469	768.981	87.823	735.817	873.496	161.485	755.114	799.671	218.202	785.094	779.310	276.225	746.779	866.065	285.611	665.513	753.866	321.489	787.441	719.073	365.860	695.134	703.373	454.080	630.482	754.416	418.860	655.573	667.811	410.333	607.990	703.812	-17.943	237.063	920.679	112.610	144.916	783.474	81.915	56.496	876.038	156.017	51.519	805.665	225.148	-3.179	783.427	273.836	36.261	876.014	285.753	108.660	826.474	269.820	47.947	722.659	348.383	109.013	747.487	442.262	165.439	757.812	429.108	124.645	674.445	413.212	176.885	717.858
412.673	558.541	750.928	469.705	615.330	619.976	385.879	528.326	679.789	421.669	228.577	755.034	462.998	185.801	671.048	393.418	263.444	687.725	545.441	454.350	790.783	517.749	395.425	821.027	551.047	341.518	792.968	390.885	593.898	528.494	356.080	602.497	598.584	249.875	621.532	533.219	279.867	607.977	471.909	108.496	612.801	425.200	123.020	478.231	420.081	206.078	614.839	347.353	145.733	605.196	310.256	212.954	598.052	221.575	260.334	606.498	256.915	420.207	527.645	85.010	365.129	571.448	105.195	338.075	479.353	99.745	212.866	598.184	35.305	201.747	505.111	38.567	373.593	180.066	554.236	333.162	187.399	618.158	232.058	165.246	554.021	259.673	158.959	500.960	133.594	159.943	433.264	113.873	288.384	408.930	208.949	150.685	322.939	145.268	183.600	290.903	208.108	196.981	204.410	259.359	171.641	227.562	419.958	243.072	75.881	357.349	204.458	100.074	327.524	299.049	107.096	209.021	187.877	35.587	192.443	263.798	39.300	363.039	395.437	895.319	66.916	399.973	992.554	199.767	492.682	953.700	210.195	310.857	955.271	-100.268	396.524	1135.960	-202.194	371.770	1023.010	-83.277	294.680	1029.587	-117.722	489.439	1036.240	-15.249	570.624	896.580	123.164	660.725	766.164	87.346	735.784	870.197	161.355	755.222	796.668	218.142	785.167	776.551	275.811	746.856	863.333	285.586	665.688	751.466	321.665	787.545	716.664	366.173	695.166	701.010	454.266	630.743	752.585	418.623	655.657	665.657	410.404	608.477	702.385	-18.640	237.261	916.931	112.404	144.789	780.367	81.274	56.601	873.011	155.650	51.404	803.119	224.899	-3.261	781.144	273.230	36.314	873.823	285.149	108.674	824.386	269.777	47.884	720.498	348.182	109.077	745.750	441.988	165.608	756.179	429.145	124.664	672.948	413.124	177.004	716.038
412.873	558.521	748.924	469.958	615.485	618.039	386.030	528.647	678.059	421.871	228.494	752.858	463.362	185.730	669.451	393.465	263.549	685.053	545.639	454.357	788.595	517.923	395.468	819.007	551.251	341.493	790.755	390.641	594.057	526.719	355.780	602.640	596.977	249.123	621.866	532.410	278.627	607.885	471.216	107.735	612.968	424.571	122.271	478.351	419.643	205.419	614.959	346.916	145.098	605.230	309.644	212.556	598.122	221.339	259.778	606.627	256.971	420.081	527.559	85.169	364.971	571.413	105.277	337.906	479.295	99.769	212.845	598.183	35.319	201.658	505.091	38.550	373.436	180.124	552.721	333.663	187.536	617.108	231.779	165.057	553.167	259.567	159.309	499.684	132.911	159.817	432.700	113.124	288.237	408.572	208.343	150.577	322.617	144.729	183.479	290.505	207.740	196.928	204.053	259.024	171.744	227.532	419.843	243.153	76.081	357.124	204.509	100.169	327.352	299.126	107.133	208.977	187.891	35.578	192.350	263.796	39.281	362.752	395.248	893.150	66.300	399.993	989.109	199.082	492.643	950.714	209.492	310.821	952.354	-100.827	396.692	1132.136	-202.696	371.940	1019.143	-83.755	294.722	1025.705	-118.224	489.592	1032.296	-15.675	570.454	892.965	123.069	660.852	763.138	86.890	735.838	866.836	163.132	756.582	795.748	217.720	785.584	774.048	275.445	746.924	860.908	285.604	665.787	748.887	321.856	787.740	714.344	366.303	695.534	698.915	454.491	630.981	750.750	417.341	655.433	664.409	410.815	608.563	700.389	-19.326	237.502	913.198	112.387	144.699	777.316	80.554	56.732	869.889	155.225	51.346	800.385	224.568	-3.368	778.911	272.561	36.333	871.737	284.670	108.873	822.648	269.718	47.797	718.350	347.920	109.080	743.759	441.661	165.603	754.748	429.014	124.695	671.487	412.978	177.084	714.223
412.986	558.596	747.017	469.676	615.535	615.580	386.225	528.848	676.033	421.964	228.446	750.472	463.112	185.786	667.675	393.602	263.428	683.318	545.881	454.330	786.491	518.062	395.386	816.867	551.440	341.474	788.541	390.396	594.248	525.104	356.182	602.386	595.186	249.381	621.791	531.158	277.713	608.024	470.022	106.971	613.140	424.132	121.382	478.376	418.946	204.798	615.071	346.621	144.510	605.331	309.264	212.126	598.180	221.064	259.392	606.629	256.675	419.939	527.471	85.297	364.796	571.394	105.340	337.743	479.247	99.774	212.835	598.179	35.309	201.564	505.044	38.582	373.196	180.083	551.264	334.270	187.733	615.470	231.622	164.996	552.272	259.206	159.282	498.603	132.264	159.640	432.107	112.321	288.094	408.123	207.774	150.475	322.398	144.226	183.405	289.958	207.329	196.908	203.887	258.602	171.650	227.401	419.708	243.282	76.216	356.957	204.586	100.197	327.186	299.233	107.187	208.970	187.938	35.544	192.259	263.792	39.252	362.498	395.084	890.883	65.729	400.017	985.645	198.454	492.622	947.754	208.765	310.755	949.359	-101.409	396.818	1128.256	-203.131	372.079	1015.210	-84.210	294.773	1021.947	-118.779	489.660	1028.299	-16.304	570.422	889.134	123.141	660.877	759.937	86.442	735.878	863.497	163.097	754.940	791.679	217.684	785.721	771.315	275.059	746.986	858.210	285.663	665.942	746.445	322.007	787.743	712.025	366.640	695.542	696.704	454.648	631.269	749.003	422.968	655.430	663.177	410.933	608.929	698.786	-19.994	237.716	909.504	112.035	144.626	774.245	79.995	56.866	867.037	154.952	51.358	797.469	224.365	-3.447	776.490	271.943	36.377	869.630	284.134	108.652	820.280	269.646	47.736	716.297	347.710	109.097	742.117	441.560	165.865	753.112	428.844	124.715	669.653	413.174	177.448	713.018
413.084	558.623	745.120	469.893	615.714	613.717	386.390	529.191	674.435	422.107	228.405	748.234	463.058	185.822	665.761	393.622	263.483	681.030	546.107	454.339	784.365	518.282	395.287	814.725	551.644	341.467	786.322	390.002	594.359	523.344	355.124	602.634	594.523	248.859	621.904	530.002	277.351	608.148	468.838	106.178	613.265	423.549	120.674	478.472	418.454	203.780	615.128	346.607	143.949	605.411	308.842	211.738	598.121	220.636	259.029	606.614	256.395	419.796	527.401	85.453	364.631	571.361	105.425	337.559	479.198	99.783	212.830	598.189	35.263	201.447	504.961	38.661	373.082	180.065	549.574	334.437	187.718	613.998	231.454	164.921	551.347	258.803	159.217	497.544	131.642	159.357	431.688	111.671	287.941	407.535	207.219	150.362	322.152	143.729	183.294	289.604	206.952	196.896	203.643	258.229	171.654	227.233	419.635	243.433	76.336	356.813	204.658	100.233	327.009	299.309	107.191	208.937	187.957	35.539	192.191	263.792	39.223	362.244	394.886	888.734	65.187	400.007	982.168	197.776	492.533	944.900	208.071	310.671	946.485	-101.896	396.948	1124.405	-203.641	372.196	1011.264	-84.893	295.105	1017.980	-119.140	489.730	1024.387	-16.714	570.297	885.509	123.187	660.909	756.768	85.990	735.908	860.188	163.161	755.120	789.195	217.683	785.799	768.730	274.677	747.056	855.799	285.636	666.224	743.855	322.226	787.936	709.753	366.967	695.623	694.447	454.849	631.515	747.206	423.037	655.548	661.206	411.273	609.026	696.840	-20.678	237.987	905.787	111.783	144.587	771.306	79.300	56.965	863.978	154.563	51.270	794.757	224.028	-3.525	774.251	271.280	36.485	867.645	283.571	108.667	818.189	269.578	47.632	714.139	347.449	109.160	740.234	441.315	165.927	751.466	428.715	124.711	668.090	412.719	177.305	710.842
413.229	558.673	743.182	469.900	615.789	611.771	386.478	529.424	672.527	422.285	228.341	746.087	462.967	185.756	664.353	393.698	263.482	678.893	546.269	454.307	782.156	518.418	395.309	812.652	551.830	341.420	784.138	389.780	594.621	521.811	355.708	602.626	592.316	248.589	622.038	528.965	276.597	608.312	467.625	105.386	613.486	423.054	119.845	478.551	418.126	203.095	615.254	346.293	143.383	605.481	308.373	211.317	598.235	220.473	258.550	606.623	255.842	419.665	527.318	85.548	364.480	571.315	105.482	337.367	479.143	99.809	212.807	598.178	35.235	201.384	504.951	38.655	372.906	180.204	548.128	333.877	187.487	613.078	231.239	164.847	550.430	258.432	159.149	496.536	130.948	159.248	431.234	110.832	287.737	407.269	206.676	150.266	321.922	143.179	183.162	289.312	206.607	196.884	203.423	257.801	171.728	227.020	419.540	243.565	76.474	356.634	204.770	100.297	326.815	299.376	107.199	208.930	187.976	35.504	192.096	263.790	39.184	361.997	394.732	886.866	64.592	400.062	978.707	197.102	492.493	941.935	207.290	310.631	943.471	-102.403	397.077	1120.490	-204.085	372.308	1007.461	-85.371	295.186	1014.128	-119.575	489.875	1020.523	-17.233	570.313	881.930	123.213	660.968	753.762	85.568	735.954	856.933	160.694	755.475	784.636	217.995	785.497	765.699	274.303	747.129	853.238	285.668	666.434	741.401	322.371	787.950	707.470	367.108	695.803	692.567	455.016	631.739	745.463	423.523	655.687	659.449	411.566	609.265	695.031	-21.375	238.225	902.140	111.490	144.433	768.354	78.663	57.087	861.029	154.240	51.231	792.149	223.751	-3.618	772.057	270.639	36.521	865.463	283.057	108.907	816.360	269.508	47.580	712.103	347.204	109.121	738.280	440.999	166.159	750.044	428.704	124.767	666.692	412.794	177.641	709.373
413.361	558.688	741.255	470.035	615.934	609.850	386.608	529.639	670.822	422.401	228.313	743.770	463.038	185.908	662.512	393.692	263.631	676.605	546.457	454.282	780.109	518.605	395.179	810.459	552.008	341.448	781.941	389.328	594.722	520.181	355.113	602.569	590.845	248.264	622.172	527.909	276.010	608.467	466.458	104.676	613.685	422.531	119.103	478.693	417.503	202.448	615.401	346.007	142.809	605.620	308.072	210.828	598.230	220.071	257.927	606.118	256.009	419.580	527.256	85.771	364.316	571.298	105.554	337.166	479.093	99.831	212.783	598.175	35.239	201.314	504.933	38.653	372.649	180.099	546.675	334.530	187.744	611.372	231.056	164.769	549.523	258.048	159.085	495.454	130.170	159.101	430.705	108.491	287.833	407.174	205.653	149.790	321.564	142.679	183.052	288.967	206.267	196.874	203.204	257.388	171.604	226.880	419.477	243.744	76.518	356.474	204.822	100.360	326.622	299.439	107.189	208.919	188.011	35.460	192.004	263.779	39.096	361.750	394.566	884.769	64.052	400.101	975.349	196.460	492.433	939.056	206.562	310.516	940.512	-102.876	397.246	1116.675	-204.532	372.452	1003.541	-85.837	295.267	1010.320	-120.062	489.990	1016.593	-17.712	570.249	878.269	123.311	661.054	750.679	85.185	736.014	853.637	160.489	755.515	781.518	218.065	785.560	763.027	273.968	747.204	850.872	285.747	666.551	738.978	322.534	788.042	705.183	367.420	695.823	690.331	455.211	631.969	743.688	423.450	655.747	657.696	411.794	609.473	693.345	-22.021	238.466	898.500	111.320	144.319	765.359	78.089	57.207	858.159	153.827	51.167	789.564	223.492	-3.681	769.831	270.016	36.579	863.469	282.463	108.719	814.035	269.376	47.488	709.966	346.985	109.106	736.582	441.328	165.959	749.466	428.434	124.749	664.568	412.687	177.795	707.889
413.451	558.741	739.368	470.052	616.065	607.929	386.733	529.941	668.912	422.527	228.259	741.776	462.423	185.947	660.539	393.855	263.704	674.441	546.591	454.317	777.963	518.750	395.226	808.463	552.176	341.434	779.752	389.171	594.966	518.618	354.850	602.677	589.309	247.658	622.365	526.897	275.470	608.653	465.392	103.973	613.839	422.032	119.188	479.381	416.910	201.828	615.537	345.696	142.227	605.713	307.735	210.495	598.276	219.781	257.375	606.158	255.936	419.442	527.172	85.886	364.150	571.257	105.598	336.942	479.022	99.887	212.767	598.172	35.204	201.240	504.914	38.664	372.410	180.122	545.206	334.635	187.776	610.099	230.914	164.745	548.586	257.680	158.997	494.495	129.620	158.872	430.273	107.600	287.621	406.870	205.149	149.687	321.344	142.184	182.972	288.517	205.923	196.874	202.970	256.975	171.575	226.698	419.455	243.948	76.702	356.322	204.899	100.385	326.420	299.508	107.194	208.879	188.019	35.441	191.947	263.777	39.025	361.414	394.390	882.519	63.538	400.141	971.963	195.821	492.350	936.200	205.811	310.473	937.627	-103.290	397.474	1112.793	-204.991	372.551	999.627	-85.965	295.264	1006.732	-120.449	490.061	1012.703	-18.137	570.195	874.517	123.471	661.029	747.462	84.754	736.041	850.313	160.323	755.546	778.576	218.038	785.672	760.465	273.557	747.244	848.386	285.744	666.772	736.581	322.784	788.156	702.966	367.716	695.960	688.350	455.415	632.121	741.942	423.955	655.898	655.617	412.130	609.581	691.413	-22.714	238.670	894.697	111.123	144.367	762.534	77.435	57.387	855.191	153.459	51.149	786.847	223.314	-3.775	767.598	269.365	36.628	861.331	281.948	108.948	812.316	269.320	47.418	707.986	346.744	109.133	734.638	440.491	166.393	746.947	428.357	124.744	663.468	412.388	177.848	705.944
413.531	558.824	737.471	470.200	616.269	606.016	386.857	530.195	667.480	422.580	228.222	739.617	462.281	185.914	658.583	393.908	263.797	672.364	546.782	454.290	775.842	518.908	395.165	806.348	552.350	341.415	777.616	388.763	595.130	517.004	354.535	602.839	587.543	247.397	622.488	525.821	274.907	608.800	464.193	103.229	614.087	421.601	118.514	479.643	416.482	201.146	615.677	345.408	141.628	605.853	307.459	210.110	598.333	219.556	256.900	606.193	255.743	419.294	527.079	86.040	363.997	571.222	105.684	336.741	478.985	99.930	212.742	598.175	35.207	201.168	504.916	38.684	372.182	180.088	543.795	334.645	187.785	608.722	230.680	164.680	547.733	257.077	158.794	493.716	128.977	158.750	429.869	107.627	287.341	406.429	204.576	149.581	320.964	141.696	182.885	288.136	205.552	196.841	202.726	256.589	171.541	226.481	419.393	244.128	76.740	356.192	204.993	100.436	326.229	299.594	107.212	208.867	188.057	35.414	191.859	263.766	38.996	361.143	394.234	880.370	62.975	400.164	968.596	195.450	492.185	933.586	205.064	310.400	934.694	-103.729	397.621	1108.938	-205.439	372.686	995.843	-86.628	295.633	1002.769	-120.870	490.193	1008.835	-18.585	570.129	870.759	123.417	661.044	744.526	84.426	736.074	847.169	161.581	754.941	777.531	217.910	785.974	757.582	273.292	747.339	846.029	285.781	666.987	734.177	322.969	788.238	700.808	368.007	696.027	686.365	455.557	632.338	740.248	424.139	656.025	653.584	412.217	609.807	689.928	-23.391	238.900	891.009	110.845	144.291	759.411	76.820	57.452	852.293	153.106	50.953	784.684	223.157	-3.813	765.479	268.799	36.701	859.331	281.380	108.969	810.298	269.227	47.363	705.860	346.492	109.177	732.920	440.218	166.490	745.312	428.219	124.680	661.537	412.488	178.221	704.622
413.681	558.803	735.631	470.210	616.349	604.283	386.837	530.477	665.592	422.725	228.165	737.643	480.095	173.799	662.289	393.978	264.070	669.921	546.948	454.284	773.733	519.053	395.119	804.333	552.511	341.437	775.453	388.373	595.279	515.557	354.166	602.975	586.105	246.126	622.725	525.281	274.301	608.966	463.170	102.555	614.245	421.091	117.765	479.818	415.987	200.532	615.795	345.055	141.045	606.048	306.903	210.031	598.370	219.527	256.380	606.285	255.466	419.183	527.015	86.167	363.816	571.209	105.765	336.556	478.949	99.955	212.718	598.160	35.173	201.104	504.907	38.672	371.967	180.013	542.323	334.732	187.816	607.453	230.488	164.616	546.828	256.631	158.749	492.705	128.462	158.404	429.314	106.424	287.265	405.875	204.045	149.488	320.731	141.206	182.753	287.858	205.274	196.778	202.466	256.210	171.473	226.284	419.361	244.292	76.803	356.051	205.084	100.486	326.014	299.636	107.198	208.833	188.066	35.409	191.782	263.778	38.955	360.839	394.094	878.212	62.435	400.172	965.211	194.858	492.141	930.750	204.366	310.319	931.862	-104.209	397.757	1105.199	-205.873	372.843	992.049	-87.104	295.701	999.003	-121.251	490.302	1005.048	-19.021	570.095	867.066	123.465	661.087	741.420	84.096	736.173	844.008	161.548	754.987	774.792	218.100	785.822	755.336	272.972	747.391	843.665	285.841	667.104	731.781	323.129	788.440	698.597	368.143	696.266	684.258	455.699	632.474	738.512	423.601	656.080	651.771	410.718	611.287	690.902	-24.060	239.175	887.322	110.663	144.201	756.564	76.211	57.602	849.441	152.860	50.993	781.807	222.609	-3.891	763.252	268.112	36.792	857.202	280.857	109.041	808.234	269.149	47.295	703.883	346.234	109.244	731.108	439.969	166.676	743.801	428.038	124.762	660.092	412.180	178.251	702.808
413.749	558.949	733.719	470.331	616.511	602.419	386.923	530.785	664.064	422.795	228.167	735.577	477.243	175.470	659.625	394.027	264.235	667.696	547.092	454.322	771.595	519.152	395.130	802.338	552.642	341.441	773.356	388.168	595.528	513.912	353.841	603.139	584.591	246.373	622.824	523.757	273.666	609.196	462.023	101.861	614.428	420.613	117.047	479.991	415.536	199.855	615.944	344.816	140.455	606.167	306.440	209.614	598.379	219.236	255.948	606.389	255.402	419.054	526.926	86.277	363.678	571.152	105.825	336.398	478.904	99.965	212.699	598.166	35.181	201.058	504.913	38.673	371.715	180.126	540.941	334.096	187.671	606.500	230.340	164.605	545.993	256.211	158.643	491.746	127.727	158.383	428.850	105.245	286.975	405.700	203.914	149.737	320.536	140.723	182.666	287.574	204.937	196.744	202.297	255.899	171.457	226.146	419.335	244.434	76.863	355.932	205.141	100.537	325.850	299.713	107.207	208.835	188.091	35.376	191.689	263.772	38.937	360.523	393.882	875.951	61.941	400.193	961.797	194.226	492.047	927.941	203.656	310.223	929.056	-104.709	397.924	1101.464	-206.318	372.963	988.232	-87.291	295.461	995.699	-121.709	490.378	1001.213	-19.432	570.017	863.452	123.581	661.172	738.603	83.732	736.214	840.863	161.416	755.468	774.033	217.845	786.392	753.133	272.722	747.438	841.360	285.855	667.302	729.466	323.310	788.559	696.432	368.366	696.423	682.038	455.898	632.457	737.207	423.626	656.245	649.745	412.649	610.131	686.532	-24.683	239.431	883.785	110.434	144.125	753.756	75.616	57.724	846.512	152.458	50.878	779.419	219.973	-4.746	762.051	267.528	36.887	855.223	280.230	109.013	806.169	269.085	47.227	701.782	345.927	109.331	729.345	439.566	166.870	742.272	427.143	125.773	659.445	412.069	178.474	701.228
413.862	558.887	731.956	470.550	616.692	600.872	386.989	530.987	662.081	422.935	228.163	733.635	477.132	175.266	657.872	394.041	264.496	665.566	547.274	454.265	769.603	519.295	395.081	800.288	552.835	341.449	771.213	387.683	595.593	512.583	348.118	604.059	584.594	246.147	623.019	522.804	273.203	609.353	460.977	101.214	614.641	420.037	116.449	480.091	414.885	199.298	616.079	344.492	139.927	606.343	306.104	208.883	598.502	218.809	255.488	606.515	255.339	418.928	526.843	86.405	363.534	571.125	105.881	336.180	478.876	99.982	212.690	598.170	35.175	201.001	504.919	38.667	371.525	180.031	539.464	334.731	187.940	604.924	230.092	164.575	545.116	255.875	158.551	490.726	127.033	158.100	428.437	104.629	286.755	405.079	203.401	149.672	320.262	140.217	182.598	287.167	204.575	196.697	202.056	255.535	171.453	225.968	419.260	244.582	76.956	355.766	205.195	100.595	325.678	299.785	107.234	208.815	188.108	35.326	191.633	263.775	38.892	360.229	393.701	873.972	61.379	400.213	958.445	193.665	491.989	925.052	203.023	310.155	926.389	-105.164	398.009	1097.734	-206.753	373.067	984.488	-87.842	295.899	991.947	-122.075	490.484	997.442	-19.834	570.000	859.922	123.687	661.299	735.783	83.485	736.262	837.841	161.421	755.176	769.295	218.075	786.146	750.471	272.395	747.492	839.082	284.741	668.573	725.753	323.511	788.651	694.363	368.529	696.530	680.243	456.031	632.570	735.703	423.348	656.405	647.496	412.834	610.294	684.849	-25.261	239.672	880.238	110.293	144.112	750.817	75.052	57.877	843.656	152.156	50.902	776.648	220.152	-4.732	759.759	266.900	36.969	853.166	279.680	109.038	804.173	268.992	47.184	699.736	345.724	109.418	727.587	439.288	167.031	740.680	426.825	125.905	657.751	411.200	178.819	699.542
413.908	559.028	730.135	470.435	616.800	598.711	386.934	531.477	660.989	422.948	228.073	731.616	476.604	175.310	655.896	393.981	263.348	665.738	547.421	454.311	767.510	519.436	395.101	798.307	552.958	341.458	769.110	386.101	595.317	511.697	346.591	604.002	583.674	245.939	623.184	521.832	272.484	609.585	459.873	100.565	614.841	419.498	115.512	480.241	414.542	198.677	616.260	344.205	139.380	606.453	305.711	208.519	598.598	218.630	255.115	606.619	255.185	418.827	526.792	86.533	363.394	571.059	105.912	335.996	478.838	100.019	212.673	598.166	35.139	200.948	504.914	38.668	371.295	180.060	538.138	333.648	187.503	603.678	229.915	164.575	544.249	255.450	158.436	489.836	126.391	157.885	428.068	104.002	286.613	404.638	202.464	149.224	319.890	139.708	182.500	286.816	204.282	196.703	201.743	255.152	171.402	225.800	419.162	244.631	77.092	355.635	205.260	100.640	325.486	299.851	107.247	208.779	188.135	35.324	191.560	263.765	38.858	359.917	393.429	871.718	60.820	400.230	955.185	193.037	491.893	922.183	202.442	310.017	923.790	-105.590	398.108	1094.043	-207.179	373.252	980.770	-88.435	295.933	988.006	-122.412	490.629	993.744	-20.215	569.986	856.291	123.869	661.351	732.732	83.137	736.308	834.733	161.336	755.238	766.665	218.157	786.244	748.003	272.046	747.507	836.839	284.841	668.703	723.502	323.690	788.792	692.284	368.848	696.398	678.349	456.189	632.636	734.063	422.563	656.587	645.385	413.035	609.746	685.057	-25.860	239.896	876.632	110.176	144.004	748.120	74.461	58.024	840.787	151.869	50.891	774.081	219.638	-4.836	757.566	266.352	37.048	851.184	279.175	109.078	802.210	268.895	47.042	697.633	345.418	109.457	725.790	439.048	167.224	739.277	426.418	125.922	656.349	411.780	178.910	698.070
414.009	558.983	728.251	470.381	616.880	596.900	387.188	531.494	658.710	423.067	228.088	729.794	475.655	175.660	653.640	393.939	263.482	663.713	547.650	454.211	765.529	519.527	394.976	796.096	553.076	341.447	767.054	385.967	595.527	510.279	344.975	603.854	582.989	245.641	623.349	520.984	271.989	609.779	458.815	99.891	615.041	419.089	114.756	480.334	414.060	198.074	616.404	344.023	138.799	606.604	305.393	208.494	598.621	218.592	254.645	606.656	254.994	418.694	526.699	86.633	363.287	571.024	105.985	335.797	478.782	100.017	212.659	598.165	35.221	200.901	504.928	38.642	371.045	180.024	536.831	334.868	188.159	602.444	229.631	164.503	543.447	255.069	158.345	488.917	125.672	157.759	427.579	103.393	286.439	404.216	202.315	149.431	319.669	139.223	182.363	286.495	203.958	196.705	201.486	254.753	171.408	225.661	419.016	244.678	77.168	355.507	205.331	100.698	325.308	299.934	107.301	208.759	188.145	35.293	191.482	263.768	38.799	359.620	393.272	869.722	60.172	400.214	951.565	192.416	491.784	919.310	201.736	309.937	920.940	-106.065	398.234	1090.388	-207.617	373.399	977.076	-88.764	295.973	984.524	-122.805	490.686	990.011	-20.553	569.941	852.771	124.046	661.545	729.856	82.802	736.328	831.683	161.433	755.340	763.897	218.323	786.327	745.546	271.815	747.548	834.634	284.945	668.820	721.387	323.897	788.894	690.263	369.005	696.649	676.406	456.283	632.778	732.475	421.929	656.703	643.008	413.027	610.008	684.124	-26.402	240.214	873.102	109.874	143.924	745.001	73.975	58.232	837.966	151.541	50.780	771.639	219.602	-5.005	755.427	265.721	37.127	849.087	278.614	109.108	800.196	268.775	47.005	695.564	345.202	109.525	724.078	438.749	167.384	737.680	426.161	125.883	654.554	410.625	179.188	696.161
414.089	559.106	726.436	470.334	617.001	594.821	387.328	531.637	656.947	423.108	228.048	727.808	475.648	175.521	652.041	393.946	263.652	661.576	547.678	454.239	763.435	519.653	395.055	794.225	553.199	341.483	764.982	385.381	595.670	508.802	351.492	604.519	580.061	245.412	623.464	520.105	271.473	610.015	457.769	99.215	615.261	418.676	113.951	480.452	413.600	197.516	616.568	343.840	138.296	606.761	305.089	208.177	598.684	218.312	254.608	607.726	256.186	418.584	526.612	86.739	363.162	570.984	106.026	335.643	478.745	100.031	212.638	598.176	35.108	200.847	504.920	38.632	370.786	179.968	535.425	334.688	188.182	601.186	229.421	164.469	542.584	254.607	158.235	488.075	125.123	157.523	427.166	104.036	286.287	403.429	201.865	149.377	319.436	138.753	182.228	286.157	203.658	196.712	201.200	254.389	171.359	225.510	418.524	244.512	77.635	355.384	205.401	100.674	325.153	299.976	107.323	208.734	188.153	35.273	191.430	263.750	38.754	359.296	393.143	867.603	59.647	400.234	948.210	191.851	491.743	916.568	201.045	309.858	918.128	-106.496	398.337	1086.729	-208.018	373.507	973.391	-89.231	296.125	980.969	-123.170	490.791	986.354	-20.983	569.890	849.250	125.068	662.018	726.905	82.567	736.361	828.839	161.412	755.469	761.279	218.364	786.464	743.175	271.521	747.607	832.437	284.982	668.973	719.092	324.151	788.992	688.351	369.146	696.881	674.427	456.387	632.875	730.773	421.447	656.991	641.111	413.188	610.307	682.679	-27.043	240.397	869.469	109.706	143.825	742.204	73.401	58.357	835.079	151.243	50.797	768.982	219.096	-5.037	753.409	265.181	37.202	847.191	278.114	109.133	798.124	268.652	46.881	693.540	344.990	109.537	722.228	438.446	167.557	736.223	425.685	125.844	652.914	410.171	179.261	694.336
414.116	559.117	724.743	470.003	617.105	592.590	387.318	531.949	655.367	423.195	228.079	726.038	474.906	175.812	650.262	394.014	263.371	659.870	547.915	454.171	761.426	519.678	394.971	792.105	553.295	341.479	762.929	385.193	595.876	507.501	351.691	604.645	578.559	244.948	623.661	518.926	270.869	610.204	456.832	98.512	615.524	418.255	113.222	480.532	413.197	196.913	616.727	343.505	138.356	606.623	304.626	207.803	598.727	218.007	254.332	607.901	256.214	418.419	526.597	86.783	363.071	570.933	106.070	335.438	478.680	99.960	212.637	598.166	35.112	200.799	504.938	38.610	370.533	179.960	533.971	333.968	188.042	600.279	229.200	164.484	541.800	254.213	158.143	487.102	124.550	157.307	426.739	103.647	286.164	402.740	201.327	149.249	319.235	138.289	182.123	285.822	203.323	196.720	200.963	253.948	171.222	225.371	418.409	244.637	77.835	355.269	205.454	100.731	324.948	300.042	107.315	208.734	188.189	35.229	191.345	263.748	38.727	358.952	393.015	865.575	59.103	400.255	944.939	191.279	491.616	913.725	200.382	309.809	915.435	-106.877	398.431	1083.045	-208.431	373.626	969.783	-89.688	296.086	977.357	-123.506	490.909	982.744	-21.335	569.773	845.859	124.258	661.655	724.143	82.292	736.406	825.844	161.259	755.539	758.706	218.385	786.587	740.857	271.234	747.616	830.239	285.041	669.047	716.907	324.408	789.103	686.353	369.401	697.032	672.290	456.454	633.008	729.117	420.823	657.145	639.197	413.404	610.468	680.717	-27.539	240.657	866.124	109.720	143.754	739.274	72.769	58.421	832.330	150.933	50.736	766.611	219.138	-5.202	751.197	264.620	37.271	845.211	277.611	109.177	796.211	268.602	46.810	691.552	344.751	109.583	720.451	438.157	167.753	734.644	421.204	125.108	652.465	410.205	179.523	692.869
414.211	559.250	722.929	469.738	616.993	590.976	387.429	532.076	653.497	423.175	228.036	724.129	474.319	175.939	648.366	394.010	263.466	658.124	547.939	454.230	759.424	519.777	395.059	790.261	553.383	341.523	760.919	384.642	596.014	505.954	351.126	604.702	577.576	244.602	623.808	518.049	270.448	610.411	455.826	97.853	615.822	417.875	112.490	480.616	412.741	196.400	616.863	343.097	137.389	606.963	304.273	207.464	598.796	217.801	254.082	607.988	256.046	418.332	526.525	86.899	362.964	570.895	106.076	335.861	478.416	100.252	212.612	598.149	35.074	200.740	504.943	38.563	370.267	179.921	532.810	334.603	188.347	598.745	228.934	164.452	540.960	253.747	158.021	486.207	123.977	157.276	426.366	102.932	286.015	402.384	200.826	149.155	319.007	137.828	182.057	285.459	203.067	196.649	200.567	253.616	171.223	225.172	418.292	244.746	77.948	355.154	205.516	100.790	324.780	300.119	107.334	208.709	188.204	35.230	191.285	263.744	38.672	358.571	392.979	863.565	58.611	400.263	941.697	190.706	491.564	910.888	199.666	309.781	912.626	-107.272	398.512	1079.491	-208.840	373.765	966.102	-90.080	296.151	973.801	-123.807	490.986	979.240	-21.676	569.698	842.277	124.337	661.775	721.332	81.985	736.434	822.877	161.262	755.623	756.040	218.425	786.698	738.583	270.963	747.651	828.139	285.053	669.247	714.774	324.610	789.211	684.448	369.602	697.021	670.892	456.516	633.104	727.580	422.888	658.319	637.881	413.511	610.781	679.049	-28.034	240.871	862.593	109.585	143.797	736.417	72.274	58.590	829.558	150.621	50.680	764.272	218.715	-5.326	749.471	264.062	37.391	843.213	277.122	109.176	794.176	268.408	46.702	689.448	344.500	109.655	718.762	437.916	167.853	733.100	424.574	125.660	649.437	409.699	179.507	691.174
414.262	559.251	721.047	469.306	616.981	588.973	387.653	532.065	651.448	423.248	228.052	722.317	473.557	176.216	646.344	394.026	263.226	656.407	548.110	454.200	757.371	519.804	394.969	788.141	553.452	341.507	758.884	384.557	596.220	504.770	352.203	604.998	575.627	244.442	623.983	517.317	269.911	610.645	454.729	97.251	615.990	417.319	111.822	480.688	412.083	195.864	616.981	342.737	137.352	606.942	304.028	207.041	598.856	217.496	253.801	608.092	255.936	418.210	526.422	87.025	362.870	570.860	106.123	335.737	478.357	100.269	212.595	598.161	35.038	200.702	504.945	38.553	370.004	179.873	531.465	334.660	188.471	597.551	227.195	163.664	540.580	253.348	157.921	485.294	123.355	157.114	425.933	102.024	285.900	402.116	200.341	149.054	318.795	137.396	181.994	285.048	202.743	196.580	200.284	253.264	171.290	224.942	418.163	244.855	78.093	355.011	205.582	100.790	324.577	300.180	107.352	208.689	188.207	35.199	191.213	263.727	38.564	358.231	392.843	861.480	58.087	400.281	938.458	190.106	491.484	908.071	198.870	309.816	909.742	-107.695	398.667	1075.948	-209.256	373.883	962.481	-90.482	296.319	970.227	-124.142	491.027	975.575	-22.045	569.592	838.632	124.559	661.939	718.583	81.740	736.425	820.158	161.315	755.768	753.631	218.507	786.828	736.350	270.699	747.599	826.023	285.063	669.415	712.509	324.849	789.297	682.527	369.918	696.937	668.835	456.577	633.241	725.847	422.914	658.332	636.333	413.768	610.932	677.001	-28.573	241.089	859.099	109.434	143.730	733.604	71.761	58.723	826.761	150.330	50.641	761.732	218.389	-5.476	747.304	263.538	37.473	841.277	276.913	109.481	792.778	268.294	46.601	687.466	344.246	109.734	717.020	437.662	167.966	731.533	424.574	125.770	647.664	409.617	179.724	689.537
414.339	559.364	719.395	469.165	617.105	586.878	387.428	532.642	650.393	423.232	228.062	720.435	473.375	176.250	644.802	394.058	263.187	654.720	548.164	454.205	755.503	519.896	395.081	786.372	553.517	341.556	756.959	384.094	596.377	503.265	351.751	605.122	574.511	244.226	624.140	516.380	269.404	610.849	453.830	96.676	616.209	416.857	111.124	480.841	411.561	195.361	617.159	342.507	136.937	607.065	303.550	206.699	598.923	217.296	253.861	607.425	257.107	418.096	526.319	87.099	362.772	570.812	106.151	335.628	478.289	100.296	212.601	598.158	35.045	200.649	504.955	38.546	369.688	179.828	530.074	334.530	188.527	596.344	228.437	164.416	539.345	252.929	157.848	484.499	122.668	156.863	425.487	101.814	285.785	401.223	199.838	148.951	318.515	136.959	181.927	284.726	202.375	196.541	200.100	252.933	171.223	224.902	418.054	244.967	78.226	354.905	205.664	100.830	324.448	300.263	107.347	208.651	188.220	35.212	191.155	263.723	38.505	357.962	392.718	859.533	57.532	400.268	935.193	189.398	491.379	905.114	198.244	309.783	907.142	-108.099	398.721	1072.353	-209.622	373.985	958.939	-91.197	296.172	966.614	-124.478	491.100	971.933	-21.978	569.466	834.821	124.624	662.122	715.778	81.452	736.434	817.286	161.116	755.806	751.274	218.576	786.971	734.155	270.416	747.569	823.939	285.425	668.869	711.117	325.045	789.380	680.771	370.015	697.318	667.052	456.630	633.278	724.287	423.146	658.409	634.636	414.016	611.090	675.029	-29.089	241.307	855.660	109.315	143.670	730.835	71.276	58.892	824.043	150.096	50.567	759.385	218.348	-5.528	745.405	263.019	37.586	839.279	276.476	109.542	790.962	268.190	46.531	685.443	344.026	109.796	715.281	437.431	168.174	730.053	424.059	125.749	645.953	409.308	179.835	687.943
414.459	559.734	718.230	469.057	617.205	584.966	387.636	532.671	648.441	423.223	228.048	718.673	472.898	176.416	643.168	394.036	263.276	652.796	548.269	454.164	753.435	519.942	395.007	784.280	553.573	341.551	754.928	383.999	596.559	502.004	351.437	605.044	573.398	243.888	624.312	515.495	268.934	611.036	452.827	96.110	616.458	416.431	110.423	481.006	411.099	194.853	617.310	342.278	136.562	607.126	303.094	206.420	598.983	217.119	253.605	607.438	256.854	418.001	526.242	87.216	362.673	570.766	106.194	335.507	478.256	100.316	212.584	598.160	35.038	200.608	504.969	38.517	369.382	179.811	528.819	334.621	188.618	595.093	228.141	164.375	538.591	252.526	157.753	483.595	122.082	156.677	425.071	101.012	285.638	400.940	199.361	148.854	318.315	136.516	181.865	284.418	202.045	196.548	199.969	252.642	171.220	224.817	417.931	245.047	78.376	354.796	205.718	100.876	324.251	300.318	107.374	208.625	188.238	35.123	191.085	263.712	38.451	357.594	392.625	857.427	57.044	400.276	932.041	188.867	491.307	902.379	197.580	309.784	904.347	-108.441	398.800	1068.877	-210.015	374.082	955.484	-91.593	296.217	963.103	-124.796	491.202	968.527	-22.314	569.419	831.502	124.543	662.208	713.241	81.290	736.482	814.630	161.165	755.899	748.718	218.653	787.102	731.956	270.179	747.526	821.928	285.493	668.916	709.100	325.299	789.508	678.942	370.131	697.447	665.524	456.689	633.362	722.706	423.507	658.544	633.032	414.188	611.178	673.135	-29.534	241.517	852.256	109.265	143.580	728.068	70.789	59.038	821.247	149.858	50.576	756.966	217.943	-5.635	743.318	262.496	37.687	837.342	276.082	109.604	789.016	268.095	46.438	683.495	343.751	109.825	713.532	437.151	168.272	728.464	423.757	125.763	644.652	409.277	179.998	686.329
414.591	560.023	716.700	468.834	617.205	583.159	387.646	532.783	646.496	423.155	228.057	716.894	472.276	176.593	641.244	394.119	263.129	651.140	548.373	454.196	751.584	519.993	395.121	782.558	553.599	341.571	753.027	383.516	596.688	500.557	350.877	605.101	572.393	243.732	624.436	514.653	268.499	611.262	451.778	95.609	616.707	416.012	109.731	481.225	410.778	194.334	617.521	342.029	136.158	607.208	302.572	206.142	599.090	216.924	253.357	607.428	256.667	417.909	526.147	87.321	362.581	570.708	106.209	335.403	478.164	100.339	212.588	598.143	35.024	200.568	504.977	38.506	369.154	179.792	527.693	333.806	188.442	594.255	227.901	164.396	537.861	252.086	157.673	482.697	121.530	156.458	424.561	98.660	285.490	401.444	198.858	148.784	318.039	136.072	181.756	284.079	201.705	196.537	199.851	252.322	171.230	224.709	417.841	245.145	78.498	354.644	205.776	100.955	324.084	300.392	107.363	208.586	188.269	35.111	191.030	263.716	38.421	357.243	392.555	855.515	56.563	400.279	928.863	188.334	491.235	899.644	196.924	309.793	901.682	-108.912	398.750	1065.351	-210.356	374.270	951.992	-91.989	296.282	959.551	-125.114	491.307	965.145	-22.545	569.379	828.346	124.655	662.576	710.473	81.021	736.461	811.934	161.181	756.030	746.291	218.687	787.234	729.908	269.898	747.468	819.893	285.495	668.994	706.976	325.530	789.600	677.193	370.654	697.063	663.491	456.715	633.367	721.164	423.921	658.729	631.761	414.336	611.297	671.459	-30.026	241.720	848.821	109.124	143.370	725.271	70.343	59.192	818.578	149.637	50.466	754.590	217.919	-5.663	741.539	262.023	37.796	835.405	275.581	109.689	787.079	268.055	46.364	681.547	343.545	109.919	711.762	436.870	168.430	726.981	426.012	126.234	642.477	408.953	180.017	684.719
414.577	560.038	714.893	470.150	617.511	582.874	387.575	533.246	645.530	423.208	228.106	715.365	472.066	176.531	639.902	393.996	263.606	648.818	548.442	454.175	749.594	519.972	395.072	780.552	553.643	341.594	751.127	383.384	596.809	499.218	351.506	605.291	570.904	243.649	624.598	513.851	268.080	611.448	450.844	95.109	616.961	415.585	109.088	481.403	410.350	193.856	617.696	341.729	135.732	607.377	302.230	205.884	599.132	216.588	253.055	607.390	256.291	417.838	526.060	87.401	362.475	570.420	106.345	335.311	478.130	100.367	212.569	598.150	34.994	200.533	504.987	38.485	368.841	179.792	526.379	334.456	188.775	592.736	227.582	164.370	537.077	251.621	157.637	481.896	120.989	156.387	424.235	97.937	285.368	401.028	198.311	148.681	317.792	135.652	181.735	283.698	201.428	196.565	199.658	251.978	171.203	224.573	417.745	245.262	78.612	354.520	205.849	100.989	323.898	300.448	107.376	208.571	188.271	35.058	190.967	263.710	38.390	356.862	392.548	853.374	56.064	400.322	925.714	187.769	491.141	896.979	196.266	309.818	899.049	-109.260	398.787	1061.904	-210.725	374.401	948.598	-92.420	296.323	956.105	-125.417	491.367	961.619	-22.927	569.333	825.015	124.784	662.757	707.808	80.816	736.462	809.301	161.071	756.125	744.068	218.723	787.315	727.870	269.645	747.382	817.937	285.617	669.056	705.163	325.752	789.702	675.537	370.540	697.828	662.161	456.753	633.443	719.614	423.876	658.705	630.026	414.575	611.367	669.555	-30.484	241.909	845.403	108.983	143.360	722.584	69.922	59.355	815.925	149.392	50.454	752.244	217.622	-5.799	739.328	261.542	37.944	833.453	275.215	109.764	785.266	268.259	46.357	680.159	343.340	109.904	710.059	436.669	168.638	725.534	424.290	127.168	641.736	408.923	180.192	683.231
414.590	560.139	713.231	470.164	617.456	581.118	387.631	533.308	643.499	423.129	228.203	713.694	471.548	176.843	638.081	394.066	263.338	647.359	548.484	454.170	747.758	520.009	395.184	778.802	553.640	341.587	749.210	383.028	596.961	497.897	350.723	605.280	569.847	243.274	624.798	512.781	267.546	611.650	449.865	94.577	617.184	415.017	108.478	481.564	409.902	193.370	617.848	341.434	135.291	607.501	301.945	205.551	599.125	216.411	252.747	607.375	256.034	417.754	525.980	87.459	362.355	570.347	106.326	335.581	478.079	100.697	212.562	598.128	34.986	200.484	504.997	38.480	368.576	179.780	524.982	334.330	188.851	591.698	227.340	164.392	536.191	251.166	157.593	481.068	120.335	156.393	423.853	97.379	285.232	400.567	197.839	148.601	317.372	135.213	181.668	283.398	201.103	196.584	199.397	251.674	171.141	224.401	417.651	245.376	78.689	354.395	205.928	101.001	323.760	300.508	107.374	208.518	188.286	35.050	190.938	263.706	38.308	356.561	392.452	851.432	55.557	400.335	922.541	187.270	491.099	894.275	195.654	309.877	896.400	-109.553	398.825	1058.504	-211.087	374.497	945.139	-92.793	296.387	952.642	-125.706	491.445	958.179	-23.310	569.334	821.707	124.709	662.942	705.231	80.620	736.444	806.721	161.151	756.219	741.766	218.814	787.410	725.762	269.428	747.372	815.988	285.675	669.132	703.232	325.959	789.803	673.820	370.887	697.607	659.910	456.745	633.485	718.095	424.509	658.778	628.560	414.756	611.392	667.713	-30.920	242.046	842.099	109.018	143.214	719.780	69.595	59.616	813.304	149.192	50.403	749.921	217.580	-5.789	737.482	261.092	38.102	831.556	274.749	109.814	783.292	268.305	46.335	678.249	343.128	109.950	708.331	436.485	168.653	723.930	424.513	127.476	640.241	408.627	180.263	681.522
414.609	560.102	711.391	470.118	617.371	579.480	387.731	533.496	641.996	422.985	228.202	711.912	471.189	176.818	636.294	394.014	263.663	645.213	548.561	454.188	745.901	520.005	395.133	776.811	553.640	341.617	747.399	382.683	597.097	496.488	350.906	605.412	568.563	242.878	624.915	511.912	267.204	611.841	448.878	94.006	617.414	414.451	107.857	481.664	409.368	192.941	618.006	341.171	135.836	607.390	301.094	205.237	599.134	216.031	252.481	607.242	255.485	417.673	525.886	87.547	362.248	570.296	106.367	335.467	478.003	100.680	212.548	598.123	34.964	200.449	504.991	38.454	368.251	179.668	523.911	333.492	188.657	590.860	227.097	164.406	535.408	250.734	157.521	480.151	119.731	156.081	423.373	96.803	285.152	400.193	197.414	148.564	317.123	134.781	181.610	283.166	200.811	196.604	199.154	251.357	171.116	224.290	417.516	245.540	78.709	354.284	206.020	101.033	323.616	300.578	107.367	208.431	188.330	35.011	190.875	263.698	38.288	356.207	392.440	849.406	55.064	400.300	919.459	186.743	491.054	891.674	194.988	309.925	893.704	-109.807	398.863	1055.160	-211.424	374.642	941.698	-93.209	296.339	949.253	-125.955	491.583	954.805	-23.634	569.315	818.477	124.800	663.157	702.651	80.364	736.419	804.117	161.228	756.474	741.086	218.916	787.532	723.801	269.139	747.242	814.055	285.716	669.270	701.270	326.410	789.547	672.038	371.006	697.863	658.781	456.802	633.506	716.662	424.636	658.870	627.082	414.956	611.423	666.145	-31.325	242.219	838.883	108.892	143.233	717.135	69.196	59.808	810.636	148.962	50.368	747.538	217.477	-5.845	735.525	260.641	38.252	829.658	274.341	109.857	781.261	268.214	46.269	676.313	342.979	109.919	706.546	436.213	168.840	722.502	425.642	126.473	637.583	408.539	180.355	680.067
414.606	560.103	709.337	470.906	617.114	578.685	387.413	533.720	641.978	422.899	228.280	710.173	470.823	176.952	634.891	394.088	263.270	643.985	548.614	454.142	744.018	519.980	395.176	774.902	553.628	341.591	745.496	382.600	597.252	495.267	350.659	605.457	567.449	242.806	625.023	511.018	266.855	611.982	447.935	93.481	617.640	414.043	107.279	481.827	408.925	192.503	618.154	340.847	135.635	607.473	300.532	204.884	599.158	215.679	252.152	606.983	254.719	417.584	525.782	87.546	362.147	570.239	106.404	335.373	477.968	100.688	212.547	598.129	34.964	200.412	505.002	38.446	367.955	179.697	522.758	334.320	189.020	589.225	226.909	164.418	534.680	250.354	157.478	479.380	119.168	155.895	422.980	96.594	285.109	399.328	197.019	148.522	316.913	134.372	181.648	282.767	200.488	196.609	198.916	251.017	171.082	224.176	417.424	245.661	78.767	354.177	206.127	101.031	323.436	300.654	107.387	208.337	188.366	34.991	190.831	263.693	38.222	355.838	392.393	847.501	54.593	400.294	916.373	186.225	491.087	889.049	194.357	310.016	891.110	-110.136	398.875	1051.779	-211.774	374.715	938.453	-93.575	296.392	945.875	-126.160	491.676	951.641	-23.940	569.290	815.306	124.914	663.414	700.031	80.147	736.433	801.530	161.190	756.635	739.004	218.886	787.672	721.852	268.943	747.190	812.198	285.700	669.334	699.246	326.633	789.660	670.510	370.923	698.476	657.916	456.800	633.504	715.268	424.788	658.933	625.613	415.156	611.401	664.337	-31.762	242.393	835.497	108.902	143.148	714.351	68.707	59.924	808.148	148.793	50.351	745.305	217.067	-5.922	733.488	260.184	38.449	827.772	273.949	109.966	779.370	268.266	46.249	674.497	342.813	109.979	704.812	436.051	168.915	720.926	424.260	127.577	637.128	408.364	180.377	678.368
414.546	560.063	707.622	471.013	617.203	577.025	387.614	533.638	639.918	422.768	228.278	708.478	470.391	177.093	633.259	393.998	263.518	641.920	548.551	454.242	742.260	519.942	395.222	773.293	553.578	341.632	743.752	382.139	597.364	493.755	351.066	605.615	566.061	242.994	624.855	509.609	266.260	612.187	446.986	93.018	617.846	413.520	106.708	482.009	408.290	192.058	618.284	340.479	135.284	607.626	300.158	204.606	599.288	215.488	251.758	606.707	253.970	417.506	525.702	87.587	362.045	570.180	106.398	335.274	477.906	100.705	212.541	598.119	34.933	200.356	505.002	38.435	367.599	180.062	521.171	334.181	189.077	588.107	226.687	164.435	533.945	249.942	157.446	478.456	118.646	155.790	422.546	95.646	284.947	399.255	196.549	148.475	316.679	133.994	181.601	282.501	200.249	196.619	198.652	250.788	171.196	224.535	417.324	245.764	78.845	354.049	206.196	101.041	323.310	300.704	107.360	208.239	188.413	34.928	190.793	263.672	38.171	355.503	392.425	845.450	54.106	400.291	913.388	185.698	491.012	886.429	193.754	310.077	888.446	-110.454	398.915	1048.495	-212.072	374.906	935.184	-93.934	296.431	942.559	-126.447	491.739	948.323	-23.611	569.238	812.234	124.843	663.587	697.587	79.919	736.408	799.059	161.343	756.704	736.733	218.994	787.771	719.872	268.647	747.100	810.289	285.784	669.441	697.462	326.896	789.735	668.894	370.787	699.292	657.182	456.850	633.449	713.791	425.498	658.919	624.172	415.165	611.488	662.930	-32.179	242.528	832.232	109.946	143.550	711.219	68.460	60.165	805.590	148.610	50.304	743.092	217.118	-5.918	731.781	259.775	38.622	825.878	273.454	110.029	777.338	268.182	46.161	672.524	342.683	110.010	703.128	435.791	169.075	719.416	423.788	127.523	635.199	408.363	180.555	676.976
414.571	560.065	705.739	471.033	617.218	575.586	387.827	533.430	637.702	422.655	228.353	706.872	469.969	177.121	631.504	394.074	263.244	640.561	548.588	454.173	740.408	519.896	395.208	771.257	553.545	341.601	741.895	382.123	597.489	492.564	350.409	605.671	565.026	242.700	625.025	508.708	265.999	612.331	445.987	92.499	618.110	413.176	106.200	482.211	407.927	191.597	618.456	340.111	135.618	608.232	299.395	204.334	599.379	215.283	250.265	606.718	253.738	417.440	525.628	87.640	361.954	570.132	106.419	335.143	477.829	100.666	212.543	598.094	35.029	200.623	505.424	38.036	367.398	179.608	520.135	333.122	188.832	587.598	226.363	164.421	533.132	249.523	157.381	477.703	118.022	155.857	422.214	95.605	284.985	398.641	196.127	148.446	316.482	133.543	181.514	282.188	199.986	196.606	198.435	250.316	171.185	223.692	417.232	245.864	78.910	353.940	206.289	101.138	323.152	300.762	107.306	208.116	188.443	34.895	190.750	263.680	38.119	355.137	392.408	843.442	53.651	400.275	910.403	185.161	491.045	883.816	193.187	310.161	885.930	-110.716	398.940	1045.208	-212.498	374.960	931.914	-94.285	296.491	939.235	-126.712	491.825	945.046	-23.908	569.221	809.049	124.845	663.794	695.013	79.742	736.380	796.616	161.162	756.795	734.630	219.043	787.891	717.975	268.464	747.008	808.561	286.232	669.200	696.616	327.141	789.826	667.338	370.747	700.157	656.447	456.842	633.413	712.473	425.814	659.002	622.864	414.471	612.023	662.667	-32.593	242.692	828.999	109.949	143.428	708.419	68.133	60.348	803.065	148.449	50.270	740.780	216.981	-5.921	729.827	259.359	38.815	824.048	273.141	110.139	775.541	268.215	46.111	670.673	342.501	110.045	701.367	435.651	169.243	717.986	425.403	126.741	632.710	408.118	180.444	675.326
414.504	560.158	703.858	471.099	617.318	574.005	387.815	533.671	636.235	422.494	228.339	705.092	470.182	177.142	630.507	394.057	263.284	638.865	548.552	454.283	738.706	519.869	395.324	769.626	553.490	341.613	740.175	381.770	597.638	491.168	350.716	605.775	563.623	242.609	625.168	508.167	265.667	612.476	444.996	91.999	618.380	412.790	105.664	482.380	407.505	191.192	618.588	339.710	135.274	608.354	299.131	204.090	599.430	215.075	249.926	606.829	253.593	417.393	525.537	87.648	361.844	570.076	106.390	335.040	477.776	100.631	212.513	598.085	34.864	200.610	505.450	37.998	367.098	179.617	519.189	333.085	188.884	586.480	226.191	164.455	532.278	249.079	157.350	476.777	117.477	155.757	421.869	95.085	284.927	398.174	195.699	148.430	316.299	133.147	181.453	281.895	199.625	196.626	198.317	250.037	171.265	223.524	417.123	246.068	78.935	353.861	206.378	101.180	323.038	300.846	107.300	208.073	188.470	34.883	190.712	263.676	38.107	354.860	392.392	841.599	53.197	400.249	907.416	184.627	491.049	881.254	192.597	310.280	883.365	-110.959	399.052	1042.047	-212.748	375.187	928.771	-94.610	296.557	936.036	-126.969	491.955	941.898	-24.258	569.207	805.944	124.995	664.065	692.588	79.558	736.377	794.194	161.323	756.851	732.448	219.112	788.005	716.076	268.197	746.925	806.687	286.291	669.263	694.887	327.386	789.909	665.922	370.953	700.916	655.579	456.825	633.552	711.636	425.910	659.123	621.595	414.621	612.014	661.022	-33.013	242.848	825.810	110.030	143.362	705.760	67.785	60.520	800.621	148.306	50.261	738.657	216.868	-5.971	727.945	259.002	38.977	822.177	272.737	110.252	773.499	268.162	46.082	668.902	342.383	110.131	699.765	435.582	169.193	716.493	422.855	127.585	632.272	407.391	180.433	673.349
414.453	560.141	702.232	471.072	617.397	572.331	388.204	533.427	633.882	422.365	228.395	703.405	469.238	177.416	628.380	394.033	263.369	637.057	548.566	454.238	736.843	519.799	395.237	767.721	553.453	341.601	738.361	381.730	597.716	489.859	350.403	605.842	562.656	242.538	625.303	506.954	265.216	612.653	444.051	91.585	618.611	412.363	105.195	482.560	407.078	190.755	618.745	339.428	134.879	608.521	298.771	203.855	599.508	214.868	249.616	606.931	253.451	417.323	525.466	87.695	361.787	570.021	106.390	334.910	477.700	100.614	212.530	598.091	34.887	200.576	505.451	37.992	366.853	179.633	517.844	332.885	188.873	585.338	225.964	164.487	531.509	248.695	157.317	476.023	117.019	155.567	421.416	94.217	284.797	397.956	195.299	148.421	316.057	132.815	181.471	281.574	199.398	196.660	198.150	249.724	171.295	223.339	417.040	246.190	78.980	353.753	206.453	101.192	322.940	300.930	107.290	208.089	188.491	34.848	190.673	263.691	38.063	354.459	392.362	839.574	52.716	400.233	904.502	184.101	491.007	878.724	192.064	310.352	880.864	-111.183	399.076	1038.820	-213.037	375.297	925.643	-94.946	296.633	932.701	-127.162	492.019	938.738	-25.136	569.353	802.900	124.889	664.223	690.074	79.412	736.371	791.951	161.315	756.987	730.362	219.193	788.109	714.288	267.967	746.811	804.989	286.367	669.261	693.054	327.600	790.010	664.344	371.555	701.416	654.446	456.832	633.473	710.179	425.963	659.223	620.272	414.674	612.119	659.818	-33.471	242.959	822.497	110.392	143.269	703.117	67.348	60.578	798.152	148.138	50.233	736.414	217.805	-5.722	725.760	258.599	39.184	820.359	272.031	109.995	771.023	268.260	46.035	667.083	342.259	110.221	698.141	435.378	169.450	715.020	422.817	127.601	630.535	407.290	180.459	671.792
414.404	560.214	700.345	471.047	617.374	570.838	387.952	533.784	632.696	422.207	228.446	701.735	469.160	177.317	627.173	394.062	263.203	635.678	548.601	454.260	735.205	519.777	395.335	766.295	553.394	341.603	736.709	381.537	597.834	488.711	350.889	605.988	561.144	242.285	625.415	506.407	264.921	612.789	443.091	91.120	618.806	411.902	104.713	482.687	406.609	190.401	618.955	339.198	134.404	608.660	298.412	203.526	599.411	214.584	249.337	607.006	253.272	417.264	525.395	87.717	361.682	569.984	106.351	334.822	477.645	100.592	212.506	598.072	34.857	200.569	505.456	37.974	366.616	179.592	516.849	333.880	189.255	583.646	225.703	164.505	530.708	248.330	157.296	475.221	116.431	155.574	421.051	94.759	284.782	397.168	194.917	148.414	315.827	132.453	181.504	281.250	199.123	196.699	197.896	249.442	171.308	223.201	416.954	246.314	79.026	353.665	206.536	101.221	322.801	301.010	107.280	208.397	188.453	34.854	190.659	263.711	38.015	354.185	392.323	837.806	52.257	400.259	901.575	183.609	490.980	876.199	191.574	310.443	878.424	-111.379	399.004	1035.726	-213.395	375.332	922.603	-95.273	296.707	929.593	-127.364	492.085	935.669	-24.872	569.187	799.950	124.931	664.469	687.752	79.153	736.371	789.496	161.334	757.096	728.424	219.276	788.230	712.483	267.732	746.690	803.255	286.381	669.323	691.316	327.859	790.118	663.038	372.701	701.501	652.916	456.919	633.290	709.012	426.149	659.240	618.800	414.731	612.141	658.395	-33.803	243.110	819.319	110.015	143.112	700.549	67.083	60.823	795.841	147.997	50.205	734.336	217.689	-5.720	723.926	258.222	39.403	818.542	271.689	110.154	769.134	268.233	45.973	665.276	342.150	109.216	697.750	435.281	169.554	713.647	422.759	127.763	629.131	407.222	180.581	670.388
414.371	560.267	698.734	471.185	617.564	569.336	388.527	533.403	630.246	422.032	228.450	700.026	468.926	177.455	625.730	393.923	263.619	633.286	548.483	454.281	733.449	519.677	395.410	764.654	553.349	341.605	734.969	381.226	597.883	487.098	350.201	606.067	560.231	242.439	625.270	504.915	264.627	612.914	442.126	90.716	619.068	411.535	104.228	482.797	406.100	190.047	619.154	338.957	129.906	608.817	299.842	203.306	599.374	214.175	249.038	607.116	253.133	417.208	525.296	87.718	361.629	569.931	106.378	334.748	477.583	100.549	212.520	598.052	34.820	200.544	505.463	37.953	366.239	179.959	515.178	332.597	188.842	583.119	225.440	164.539	530.040	247.953	157.298	474.359	115.962	155.509	420.675	92.919	284.832	397.267	194.504	148.410	315.570	132.072	181.545	280.907	198.903	196.777	197.637	249.368	171.433	223.819	416.875	246.462	79.100	353.573	206.654	101.219	322.700	301.078	107.259	208.396	188.477	34.840	190.607	263.707	38.000	353.768	392.364	835.897	51.812	400.268	898.706	183.118	491.004	873.783	191.002	310.536	875.886	-111.518	399.052	1032.690	-213.637	375.470	919.414	-95.618	296.798	926.571	-127.561	492.188	932.703	-25.174	569.191	796.939	125.096	664.696	685.253	79.006	736.363	787.254	161.377	757.180	726.379	219.352	788.309	710.724	267.712	746.539	801.668	286.422	669.336	689.615	328.082	790.196	661.537	374.541	701.018	650.858	456.847	633.396	707.678	426.645	659.117	617.087	414.811	612.161	656.983	-34.191	243.224	816.214	109.982	143.027	698.067	66.856	61.040	793.394	147.910	50.217	732.202	217.658	-5.706	722.117	257.762	39.636	816.699	271.353	110.285	767.223	268.256	45.948	663.549	342.000	108.977	695.991	435.130	169.639	712.177	422.991	127.206	626.824	407.218	180.509	668.862
414.267	560.357	697.082	471.109	617.542	567.895	387.829	534.336	630.064	421.933	228.521	698.461	468.462	177.580	623.974	394.017	263.257	632.430	548.565	454.297	731.765	519.610	395.349	762.788	553.279	341.603	733.313	381.076	597.988	486.125	350.706	606.232	558.790	242.428	625.421	503.973	264.155	613.041	441.199	90.309	619.231	411.051	103.899	482.811	405.404	189.666	619.355	338.677	129.468	608.936	299.371	203.167	599.503	213.858	248.724	607.203	252.968	417.156	525.208	87.749	361.566	569.868	106.363	334.679	477.522	100.514	212.503	598.032	34.912	200.495	505.445	37.938	366.003	179.607	514.398	333.953	189.290	581.327	225.224	164.592	529.205	247.543	157.267	473.504	115.476	155.412	420.300	92.408	284.844	396.907	194.104	148.398	315.282	131.749	181.545	280.563	198.643	196.841	197.431	249.109	171.470	223.751	416.799	246.565	79.154	353.497	206.755	101.238	322.626	301.171	107.236	208.366	188.475	34.850	190.562	263.709	37.985	353.432	392.367	834.024	51.374	400.252	895.902	182.617	491.026	871.386	190.466	310.598	873.416	-111.706	399.235	1029.678	-213.951	375.550	916.512	-95.954	296.842	923.417	-127.801	492.267	929.645	-25.407	569.121	794.132	125.017	664.879	683.053	78.792	736.360	784.952	161.295	757.303	724.450	219.486	788.376	708.977	267.538	746.436	800.004	286.496	669.434	687.985	328.276	790.289	660.121	374.502	701.151	649.596	456.866	633.276	706.329	426.474	659.376	616.195	414.952	612.194	655.643	-34.584	243.362	813.065	110.271	142.914	695.498	66.540	61.210	791.025	147.757	50.194	730.117	217.486	-5.672	720.306	257.410	39.862	814.971	271.050	110.413	765.407	268.224	45.880	661.826	341.929	109.221	694.610	435.103	169.837	711.135	422.518	128.117	626.589	407.118	180.576	667.433
414.251	560.362	695.426	471.119	617.617	566.376	388.606	533.563	626.891	421.891	228.297	696.715	468.488	177.572	622.840	393.936	263.416	630.368	548.440	454.364	730.156	519.574	395.483	761.365	553.231	341.604	731.673	380.978	598.132	484.776	350.183	606.245	557.861	242.144	625.576	503.497	263.887	613.162	440.273	89.915	619.422	410.567	103.521	482.886	404.834	189.304	619.534	338.435	129.313	609.120	299.016	202.833	599.559	213.558	248.428	607.232	252.664	417.124	525.132	87.763	361.499	569.811	106.338	334.588	477.458	100.458	212.503	598.014	34.904	200.499	505.427	37.936	365.804	179.572	513.281	333.740	189.254	580.108	225.032	164.616	528.345	247.203	157.291	472.747	114.917	155.379	419.909	91.833	284.856	396.685	193.711	148.408	315.062	131.367	181.562	280.322	198.366	196.900	197.219	248.853	171.508	223.599	416.718	246.673	79.197	353.412	206.834	101.255	322.529	301.255	107.201	208.367	188.507	34.825	190.536	263.708	37.951	353.108	392.456	832.181	50.926	400.266	893.133	182.108	491.014	868.865	189.944	310.705	871.015	-111.860	399.293	1026.736	-214.234	375.696	913.614	-96.205	296.906	920.430	-127.964	492.377	926.786	-25.685	569.135	791.257	125.236	665.099	680.662	78.628	736.356	782.741	161.482	757.352	722.366	219.418	788.521	707.419	267.369	746.320	798.424	286.504	669.428	686.304	328.494	790.406	658.783	375.322	700.660	647.755	456.902	633.095	705.025	427.071	659.319	614.504	415.017	612.203	654.254	-34.949	243.506	809.979	110.371	142.853	693.123	66.269	61.357	788.611	147.706	50.199	728.106	217.391	-5.644	718.571	257.019	40.090	813.170	270.731	110.519	763.659	268.277	45.843	660.069	341.880	109.421	692.965	435.002	170.015	709.788	422.466	127.983	625.422	407.197	180.561	665.962
414.059	560.516	693.941	471.073	617.694	564.808	387.987	534.492	626.712	421.802	228.282	695.170	467.861	177.810	621.042	394.043	262.977	629.423	548.466	454.360	728.473	519.421	395.417	759.588	553.149	341.617	730.099	380.675	598.171	483.551	350.343	606.361	556.692	241.994	625.684	502.680	263.649	613.247	439.295	89.572	619.587	410.146	103.288	482.907	404.168	188.922	619.648	337.961	129.225	609.279	298.573	202.585	599.590	213.330	248.181	607.205	252.275	417.195	525.060	88.008	361.421	569.760	106.306	334.507	477.441	100.463	212.523	598.019	34.916	200.481	505.412	37.907	365.456	179.998	511.753	332.653	188.988	579.721	224.847	164.677	527.767	246.848	157.280	471.947	114.485	155.348	419.514	91.404	284.886	396.280	193.311	148.419	314.788	131.016	181.570	280.019	198.214	196.960	196.922	248.609	171.533	223.415	416.647	246.795	79.231	353.341	206.944	101.256	322.412	301.339	107.151	208.350	188.528	34.804	190.515	263.740	37.935	352.711	392.458	830.353	50.467	400.240	890.398	181.671	491.064	866.780	189.456	310.802	868.606	-111.931	399.392	1023.844	-214.466	375.822	910.734	-96.152	296.678	917.799	-128.095	492.462	923.915	-25.930	569.112	788.366	125.220	665.287	678.360	78.390	736.323	780.509	161.379	757.477	720.485	219.596	788.595	705.684	267.142	746.199	796.833	286.588	669.523	684.707	328.721	790.470	657.401	375.706	700.458	645.847	456.871	633.166	703.722	426.809	659.478	613.670	415.052	612.282	653.001	-35.263	243.644	806.991	110.349	142.739	690.598	65.969	61.546	786.352	147.556	50.230	725.994	217.258	-5.649	716.812	256.663	40.283	811.433	270.437	110.688	761.827	268.263	45.804	658.384	341.759	109.568	691.180	434.896	169.995	708.380	424.348	126.197	621.620	407.125	180.681	664.658
414.054	560.539	692.346	471.212	617.784	563.525	388.434	534.071	624.248	421.674	228.304	693.580	467.683	177.790	619.824	394.030	263.001	627.910	548.360	454.504	726.916	519.381	395.457	758.009	553.102	341.607	728.409	380.639	598.245	482.398	350.029	606.439	555.550	241.638	626.073	502.088	263.256	613.360	438.367	89.188	619.801	409.823	103.046	482.925	403.458	188.546	619.816	337.630	129.094	609.418	298.058	202.403	599.632	213.119	247.916	607.301	252.092	417.160	524.980	87.987	361.380	569.706	106.307	334.425	477.361	100.403	212.523	598.005	34.748	200.491	505.429	37.862	365.266	180.063	510.469	333.926	189.446	577.813	224.669	164.793	527.019	246.478	157.312	471.205	114.004	155.299	419.158	90.958	284.840	395.802	192.981	148.471	314.540	130.714	181.588	279.733	198.022	197.007	196.715	248.307	171.559	223.290	416.592	246.929	79.274	353.263	207.061	101.278	322.314	301.435	107.101	208.356	188.533	34.766	190.489	263.745	37.900	352.370	392.540	828.551	50.086	400.215	887.681	181.217	491.097	864.372	188.956	310.858	866.219	-112.140	399.416	1020.904	-214.690	375.982	908.020	-96.478	296.729	914.857	-128.294	492.516	920.961	-26.805	569.250	785.294	125.341	665.517	676.320	78.267	736.356	778.347	161.502	757.539	718.548	219.696	788.714	704.064	266.859	746.051	795.168	286.605	669.536	683.044	328.900	790.579	656.211	375.564	700.532	644.720	456.912	633.049	702.505	427.379	659.437	611.897	415.172	612.308	651.689	-35.700	243.755	803.991	110.192	142.694	688.314	65.620	61.641	784.076	147.458	50.429	724.212	217.186	-5.608	715.108	256.345	40.481	809.775	270.148	110.779	760.102	268.263	45.781	656.724	341.710	109.745	689.501	434.825	170.072	706.983	422.506	128.010	622.478	407.157	180.526	663.182
413.910	560.595	690.828	471.069	617.772	561.930	388.507	534.267	622.871	421.466	228.311	692.092	467.529	177.861	618.378	394.068	262.943	626.256	548.182	454.622	725.374	519.260	395.519	756.485	553.031	341.664	726.941	380.244	598.330	481.055	349.964	606.500	554.666	241.529	626.217	501.205	262.981	613.450	437.523	88.805	619.966	409.371	102.672	483.141	403.070	188.203	619.941	337.334	129.035	609.532	297.596	202.201	599.601	212.790	247.675	607.366	251.900	417.117	524.883	87.999	361.310	569.642	106.276	334.353	477.286	100.370	212.500	597.987	34.746	200.475	505.407	37.838	365.053	180.098	509.513	332.498	188.944	577.619	224.530	164.838	526.158	246.139	157.346	470.364	113.543	155.286	418.751	90.740	284.832	395.293	192.640	148.514	314.352	130.424	181.544	279.352	197.775	197.071	196.535	248.020	171.588	223.160	416.513	246.998	79.311	353.174	207.162	101.268	322.480	301.447	107.253	208.346	188.554	34.753	190.484	263.768	37.855	352.048	392.559	826.739	49.698	400.209	885.061	180.758	491.062	862.068	188.546	310.920	863.951	-112.311	399.453	1018.074	-214.938	376.153	905.285	-96.742	296.806	912.057	-128.429	492.632	918.297	-27.084	569.248	782.556	125.316	665.696	673.997	78.053	736.313	776.169	161.374	757.669	716.880	219.770	788.774	702.579	266.699	745.960	793.631	286.692	669.620	681.525	329.090	790.698	654.832	375.972	700.514	642.824	456.893	633.034	701.151	427.324	659.629	611.193	415.277	612.289	650.188	-35.984	243.855	801.256	110.328	142.647	685.861	65.421	61.846	781.760	147.344	50.440	722.170	217.025	-5.588	713.447	255.928	40.713	808.009	269.826	110.948	758.417	268.282	45.769	655.105	341.618	109.861	687.689	434.891	170.270	706.174	424.222	126.149	619.149	407.062	180.713	661.908
413.793	560.708	689.411	471.234	617.925	560.685	388.256	534.602	621.632	421.363	228.317	690.509	467.178	177.969	616.884	394.031	262.782	625.207	548.182	454.797	723.950	519.182	395.532	754.850	552.950	341.632	725.313	380.220	598.396	479.963	350.144	606.632	553.281	241.478	626.042	500.070	262.748	613.545	436.667	88.394	620.145	408.949	101.845	483.862	403.544	187.842	620.065	337.057	129.174	609.646	297.139	201.918	599.551	212.704	247.471	607.347	251.511	417.081	524.812	88.048	361.277	569.576	106.277	334.279	477.205	100.301	212.514	597.966	34.855	200.511	505.387	37.797	364.844	180.063	508.394	333.923	189.441	575.685	224.299	164.841	525.500	245.810	157.424	469.499	113.115	155.256	418.399	90.362	284.859	394.953	192.308	148.566	314.106	130.125	181.618	279.036	197.564	197.163	196.404	248.085	172.259	223.477	416.440	247.131	79.333	353.113	207.258	101.287	322.378	301.526	107.192	208.319	188.571	34.758	190.414	263.765	37.874	351.662	392.601	824.970	49.305	400.240	882.431	180.282	491.084	859.831	188.047	311.017	861.651	-112.307	399.541	1015.404	-215.160	376.307	902.671	-96.966	296.833	909.344	-128.598	492.720	915.540	-27.355	569.282	779.886	125.396	665.885	671.957	77.928	736.295	774.052	161.425	757.711	715.104	219.871	788.907	700.903	266.391	745.797	792.056	286.704	669.641	679.970	329.286	790.753	653.649	375.961	700.309	641.579	456.895	632.979	699.970	427.384	659.582	609.585	415.245	612.412	649.213	-36.320	244.014	798.389	110.287	142.601	683.633	65.063	61.905	779.496	147.230	50.464	720.254	216.963	-5.571	711.730	255.589	40.908	806.394	269.566	111.040	756.681	268.306	45.750	653.488	341.535	110.013	686.001	434.665	170.362	704.467	422.575	128.017	619.573	407.019	180.509	660.332
413.720	560.723	687.874	471.143	617.917	559.163	387.937	535.460	621.675	421.175	228.369	689.077	466.934	177.998	615.722	394.054	262.629	623.699	548.087	454.786	722.332	519.050	395.504	753.269	552.910	341.674	723.832	380.247	598.462	478.816	349.910	606.677	552.430	241.380	626.428	499.662	262.442	613.653	435.695	88.002	620.344	408.581	101.467	483.999	403.063	187.501	620.187	336.742	129.152	609.722	296.628	201.736	599.551	212.475	247.257	607.416	251.371	416.914	524.689	87.769	361.223	569.506	106.190	334.214	477.077	100.127	212.513	597.956	34.814	200.552	505.377	37.734	364.642	180.179	507.298	332.145	188.874	575.488	224.149	164.959	524.813	245.482	157.455	468.906	112.609	155.234	418.069	89.902	284.898	394.529	191.971	148.619	313.866	129.797	181.736	278.731	197.361	197.216	196.178	247.872	172.394	223.335	416.402	247.278	79.335	353.052	207.376	101.318	322.300	301.636	107.160	208.321	188.572	34.727	190.417	263.797	37.829	351.429	392.643	823.269	49.016	400.303	880.168	179.829	491.089	857.670	187.579	311.106	859.349	-112.364	399.644	1012.733	-215.394	376.439	900.067	-97.187	296.864	906.579	-128.701	492.818	912.844	-27.586	569.270	777.264	125.498	666.093	669.863	77.726	736.296	772.008	161.140	757.914	712.016	219.945	788.964	699.515	266.189	745.666	790.581	286.768	669.705	678.493	329.184	790.757	651.427	377.139	700.516	639.061	456.928	632.912	698.831	427.683	659.717	608.751	415.342	612.458	647.917	-36.682	244.093	795.553	110.313	142.618	681.358	64.857	62.181	777.284	147.135	50.496	718.249	216.831	-5.526	710.130	255.193	41.116	804.738	269.285	111.152	755.010	268.242	45.738	651.923	341.476	110.177	684.467	434.598	170.492	703.325	424.188	126.046	616.563	406.976	180.677	659.172
413.492	560.842	686.426	471.195	617.976	557.976	387.702	535.588	621.621	421.056	228.405	687.631	466.603	178.042	614.063	393.920	263.398	621.273	547.974	454.885	720.776	518.974	395.625	751.988	552.829	341.684	722.328	379.803	598.528	477.602	350.424	606.866	550.966	241.507	626.306	498.529	262.057	613.724	434.861	87.710	620.569	408.234	101.170	484.177	402.730	187.124	620.328	336.512	129.156	609.814	296.236	201.563	599.514	212.167	246.992	607.552	251.454	417.007	524.624	88.037	361.175	569.424	106.179	334.150	477.058	100.153	212.527	597.954	34.708	200.605	505.368	37.621	364.513	179.823	506.781	333.819	189.510	573.568	223.922	164.957	524.113	245.160	157.523	468.188	112.185	155.267	417.728	89.349	284.886	394.148	191.610	148.675	313.651	129.492	181.796	278.396	197.077	197.294	195.995	247.641	172.489	223.193	416.320	247.379	79.352	353.007	207.501	101.301	322.237	301.753	107.097	208.316	188.596	34.753	190.415	263.823	37.794	350.995	392.657	821.587	48.620	400.329	877.647	179.401	491.078	855.405	187.135	311.172	857.113	-112.435	399.754	1010.115	-215.623	376.564	897.560	-97.428	296.947	903.945	-128.758	492.926	910.290	-27.852	569.255	774.659	125.569	666.228	667.876	77.657	736.293	770.080	161.453	757.871	711.516	219.957	789.067	698.009	266.058	745.637	788.971	286.778	669.720	676.970	329.683	790.939	651.175	377.288	700.311	637.988	456.909	632.876	697.627	427.767	659.769	607.441	415.427	612.498	646.535	-37.002	244.234	792.832	110.307	142.599	679.168	64.536	62.367	775.025	147.124	50.561	716.331	216.716	-5.503	708.508	254.818	41.299	803.099	268.978	111.268	753.363	268.324	45.731	650.298	341.341	110.231	682.672	434.404	170.610	702.164	422.443	128.236	617.121	406.947	180.580	657.687
413.508	560.893	685.066	471.210	618.080	556.568	387.467	535.716	621.567	420.873	228.412	686.203	466.422	178.144	613.032	394.073	262.444	621.212	548.029	454.956	719.635	518.831	395.596	750.283	552.756	341.685	720.897	379.835	598.612	476.492	349.798	606.875	550.259	241.262	626.401	497.718	261.856	613.788	434.008	87.385	620.707	407.751	100.931	484.205	402.257	186.755	620.472	336.324	129.227	609.959	295.797	201.397	599.471	211.828	246.856	607.530	251.090	416.968	524.514	88.002	361.127	569.359	106.146	334.060	476.983	99.992	212.536	597.945	34.658	200.681	505.346	37.536	364.236	180.220	505.186	331.776	188.877	573.571	223.896	165.111	523.416	244.855	157.576	467.306	111.777	155.288	417.375	88.786	284.949	393.870	191.273	148.751	313.442	129.204	181.849	278.105	196.893	197.408	195.753	247.386	172.604	223.007	416.288	247.510	79.343	352.966	207.627	101.297	322.196	301.859	107.048	208.313	188.633	34.727	190.394	263.834	37.776	350.697	392.720	819.929	48.295	400.312	875.142	178.989	491.119	853.378	186.696	311.280	854.991	-112.569	399.821	1007.506	-215.802	376.730	895.236	-97.669	296.999	901.368	-128.968	493.050	907.778	-28.104	569.266	771.958	125.776	666.392	665.952	77.427	736.283	768.030	161.434	757.975	709.911	220.116	789.122	696.534	265.735	745.402	787.630	286.870	669.767	675.592	329.842	791.040	649.937	377.542	700.522	636.380	456.901	632.884	696.447	428.044	659.857	606.425	415.410	612.630	645.594	-37.332	244.407	790.013	110.197	142.616	676.953	64.233	62.530	772.833	146.900	50.549	714.588	216.545	-5.480	706.935	254.510	41.479	801.555	268.700	111.415	751.780	268.207	45.695	648.842	341.260	110.316	681.139	434.272	170.653	700.827	424.107	126.105	613.805	406.848	180.638	656.509
413.274	561.070	683.693	471.189	618.066	555.371	387.232	535.844	621.513	420.739	228.433	684.726	465.791	178.284	611.290	393.977	262.897	618.846	547.946	454.948	718.179	518.676	395.543	748.809	552.688	341.727	719.441	379.735	598.643	475.515	349.777	606.994	549.088	241.098	626.492	496.928	261.631	613.868	433.177	87.048	620.892	407.461	100.596	484.302	401.873	186.479	620.603	336.118	129.308	610.368	295.061	201.183	599.498	211.620	246.641	607.718	250.837	416.920	524.384	87.957	361.103	569.313	106.125	333.978	476.897	99.919	212.521	597.932	34.647	200.812	505.348	37.364	363.998	180.185	504.298	334.311	189.843	571.915	223.645	165.151	522.760	244.586	157.663	466.600	111.390	155.321	417.001	88.232	284.974	393.490	191.136	148.963	313.152	128.954	181.898	277.872	196.648	197.532	195.515	247.191	172.679	222.843	416.229	247.646	79.333	352.905	207.734	101.297	322.110	301.974	106.973	208.321	188.641	34.699	190.411	263.869	37.736	350.410	392.759	818.270	47.940	400.327	872.784	178.572	491.111	851.153	186.305	311.349	852.843	-112.545	399.962	1005.115	-215.975	376.904	892.878	-97.925	297.074	898.853	-129.087	493.240	905.308	-28.331	569.321	769.529	125.777	666.498	663.907	77.288	736.293	766.033	161.432	758.018	708.249	220.130	789.166	695.242	265.487	745.284	786.162	286.906	669.809	674.134	330.036	791.119	648.922	377.516	700.450	635.513	456.925	632.826	695.385	428.261	659.908	605.220	415.646	612.578	644.231	-37.605	244.505	787.458	110.308	142.633	674.859	63.909	62.674	770.636	148.127	51.480	712.596	216.450	-5.451	705.394	254.111	41.654	799.993	268.410	111.495	750.172	268.189	45.713	647.220	341.122	110.437	679.617	434.149	170.689	699.583	422.310	128.118	614.747	406.828	180.716	655.377
413.208	561.067	682.332	471.073	618.085	553.940	386.997	535.972	621.459	420.656	228.479	683.474	465.945	178.223	610.347	394.062	262.507	618.242	547.852	455.031	716.775	518.599	395.668	747.452	552.636	341.744	718.091	379.417	598.750	474.239	349.766	607.088	548.091	241.003	626.564	496.097	261.333	613.972	432.378	86.734	621.065	407.170	100.274	484.421	401.496	186.197	620.685	335.878	129.152	610.404	294.359	201.049	599.486	211.425	246.409	607.716	250.576	416.879	524.272	87.895	361.044	569.235	106.098	333.924	476.817	99.834	212.517	597.913	34.608	200.899	505.351	37.234	363.888	179.930	503.633	332.575	189.499	572.069	223.368	165.119	522.082	244.262	157.743	465.882	110.960	155.429	416.641	89.110	285.028	392.666	190.670	148.919	313.100	128.685	181.937	277.685	196.442	197.666	195.338	246.978	172.763	222.732	416.179	247.788	79.321	352.870	207.846	101.275	322.047	302.104	106.905	208.309	188.656	34.683	190.359	263.892	37.718	350.002	392.786	816.713	47.565	400.338	870.532	178.150	491.155	849.258	185.902	311.431	850.780	-112.635	400.015	1002.590	-216.190	377.036	890.595	-98.136	297.158	896.455	-129.129	493.265	902.838	-28.546	569.317	767.042	125.897	666.731	662.148	77.119	736.252	764.154	161.585	758.075	706.510	220.037	789.569	693.858	265.395	745.273	784.727	286.955	669.842	672.803	330.197	791.215	647.748	377.874	700.646	633.933	456.949	632.794	694.241	428.383	659.899	604.020	415.651	612.663	642.953	-37.978	244.619	784.821	110.276	142.597	672.685	63.573	62.840	768.497	146.736	50.727	710.711	216.238	-5.359	703.918	253.756	41.837	798.510	268.096	111.620	748.625	268.135	45.659	645.724	341.002	110.505	678.111	434.050	170.726	698.383	423.914	126.222	611.470	406.782	180.718	654.029
413.035	561.254	681.006	471.191	618.236	552.851	386.762	536.100	621.405	420.463	228.500	682.050	465.320	178.390	608.760	394.204	261.687	617.880	547.801	455.103	715.562	518.462	395.668	746.131	552.528	341.738	716.807	379.407	598.800	473.142	349.678	607.205	547.076	241.008	626.685	495.336	261.080	614.029	431.633	86.464	621.240	406.826	99.707	484.515	401.327	185.909	620.791	335.716	129.017	610.542	293.757	200.874	599.494	211.195	246.206	607.741	250.383	416.841	524.163	87.887	361.024	569.156	106.091	333.865	476.731	99.764	212.499	597.881	34.597	200.948	505.329	37.155	363.718	179.935	502.766	334.424	190.077	570.008	223.296	165.277	521.398	243.990	157.813	465.182	110.531	155.467	416.276	88.733	285.145	392.338	190.551	149.156	312.761	128.421	182.061	277.436	196.283	197.777	195.090	246.788	172.863	222.564	416.141	247.910	79.315	352.814	207.968	101.265	321.962	302.216	106.824	208.306	188.684	34.697	190.347	263.920	37.704	349.735	392.843	815.135	47.181	400.317	868.221	177.710	491.154	847.167	185.469	311.489	848.701	-112.663	400.095	1000.225	-216.373	377.178	888.372	-98.310	297.231	894.055	-129.266	493.405	900.505	-28.744	569.345	764.667	126.038	666.837	660.225	76.928	736.236	762.220	161.433	758.171	705.162	220.119	789.649	692.681	265.333	745.154	783.428	287.027	669.911	671.494	330.356	791.306	646.685	377.834	700.473	633.000	456.928	632.799	693.238	428.801	660.022	603.166	415.609	612.813	642.130	-38.227	244.715	782.298	110.312	142.634	670.720	63.274	63.004	766.412	147.750	51.489	709.153	216.093	-5.374	702.421	253.353	41.949	797.047	267.813	111.696	747.171	268.126	45.707	644.384	340.828	110.630	676.733	433.904	170.753	697.147	422.142	128.144	612.418	406.701	180.711	652.919
412.986	561.299	679.745	471.123	618.263	551.584	386.527	536.228	621.350	420.322	228.499	680.715	465.270	178.377	607.921	393.959	261.709	617.956	547.720	455.069	714.132	518.219	395.577	744.569	552.455	341.749	715.403	379.070	598.828	472.163	349.581	607.312	545.976	240.862	626.770	494.668	260.900	614.103	430.787	86.156	621.405	406.501	99.336	484.587	400.887	185.619	620.857	335.520	128.986	610.712	293.320	200.717	599.482	210.948	245.984	607.719	250.167	416.810	524.046	87.873	360.985	569.080	106.058	333.823	476.654	99.693	212.516	597.864	34.733	201.091	505.342	37.022	363.436	180.410	501.371	332.511	189.676	570.232	223.205	165.396	520.769	243.734	157.890	464.541	110.216	155.497	415.897	86.857	285.190	392.713	190.097	149.134	312.651	128.179	182.233	277.122	196.120	197.907	194.916	246.611	172.957	222.455	416.086	248.021	79.286	352.768	208.101	101.252	321.900	302.331	106.734	208.308	188.695	34.655	190.331	263.954	37.670	349.403	392.892	813.585	46.844	400.315	865.982	177.366	491.169	845.240	185.090	311.538	846.687	-112.659	400.221	997.984	-216.529	377.289	886.219	-98.497	297.324	891.789	-129.387	493.549	898.261	-28.962	569.339	762.330	126.092	666.840	658.557	76.772	736.217	760.346	161.590	758.193	703.485	220.116	789.693	691.365	264.958	744.899	782.161	287.052	669.888	670.097	330.526	791.364	645.616	378.087	700.903	631.574	456.943	632.792	692.131	428.414	660.070	601.883	415.761	612.829	640.904	-38.435	245.044	779.603	110.359	142.785	668.722	62.921	63.160	764.365	147.735	51.715	707.159	215.880	-5.345	700.930	252.966	42.112	795.594	267.489	111.707	745.527	268.003	45.654	642.875	340.682	110.610	675.320	433.681	170.830	696.138	423.632	126.348	609.633	406.607	180.656	651.551
412.807	561.385	678.492	471.172	618.320	550.527	386.292	536.356	621.296	420.245	228.565	679.507	464.645	178.505	606.351	393.713	261.730	618.032	547.690	455.075	712.904	518.157	395.647	743.426	552.375	341.738	714.118	378.912	598.936	471.112	349.271	607.398	545.293	240.728	626.840	493.922	260.560	614.157	430.026	85.842	621.483	406.060	98.996	484.697	400.541	185.361	620.909	335.148	128.941	610.876	292.959	200.532	599.480	210.724	245.784	607.720	250.006	416.763	523.938	87.838	360.933	568.992	105.992	333.776	476.559	99.612	212.517	597.869	34.600	201.098	505.316	36.958	363.204	180.412	500.369	334.486	190.264	568.200	223.041	165.441	520.172	243.462	157.971	463.896	109.914	155.573	415.584	86.834	285.412	392.173	190.027	149.384	312.330	127.956	182.386	276.837	196.017	198.059	194.740	246.424	173.051	222.300	416.061	248.161	79.243	352.712	208.223	101.235	321.864	302.443	106.653	208.287	188.727	34.654	190.317	264.000	37.646	349.035	392.925	812.106	46.522	400.356	863.794	176.944	491.181	843.308	184.674	311.613	844.761	-112.683	400.296	995.679	-216.720	377.431	884.117	-98.667	297.380	889.560	-129.520	493.638	896.019	-29.173	569.418	760.088	126.212	667.004	656.973	76.599	736.246	758.501	161.590	758.213	701.956	220.302	789.781	689.926	264.766	744.771	780.813	287.154	669.944	668.922	330.656	791.455	644.558	378.143	700.765	630.751	456.964	632.774	691.140	428.980	660.131	600.947	415.694	612.989	639.899	-38.695	245.176	777.219	110.283	142.768	666.804	62.559	63.327	762.314	147.742	51.895	705.449	215.693	-5.304	699.557	252.558	42.216	794.185	267.183	111.843	744.273	267.896	45.675	641.468	340.519	110.731	674.180	433.539	170.853	694.943	421.835	128.202	610.072	406.529	180.796	650.544
412.729	561.466	677.158	471.080	618.412	549.230	386.057	536.484	621.242	420.046	228.549	678.209	464.802	178.419	605.551	393.468	261.752	618.109	547.519	455.208	711.673	518.030	395.706	742.247	552.273	341.760	712.963	378.783	598.971	470.013	348.971	607.502	544.337	240.664	626.938	493.246	260.337	614.161	429.256	85.571	621.605	405.678	98.721	484.805	400.052	185.084	620.950	334.845	128.785	611.007	292.578	200.352	599.459	210.536	245.581	607.733	249.861	416.636	523.797	87.543	360.926	568.909	105.955	333.714	476.417	99.454	212.504	597.818	34.717	201.191	505.304	36.857	363.187	180.165	499.705	334.476	190.405	567.420	222.885	165.594	519.607	243.173	158.053	463.201	109.568	155.664	415.146	86.628	285.581	391.662	189.779	149.528	312.095	127.719	182.523	276.537	195.857	198.162	194.579	246.241	173.218	222.089	416.049	248.283	79.233	352.617	208.406	101.031	321.801	302.596	106.549	208.302	188.763	34.648	190.311	264.045	37.634	348.742	392.927	810.636	46.227	400.331	861.703	176.588	491.202	841.487	184.332	311.663	842.954	-112.622	400.428	993.509	-216.884	377.553	882.052	-98.918	297.448	887.389	-129.572	493.719	893.894	-29.345	569.439	757.826	127.018	666.755	655.192	76.584	736.187	756.859	161.657	758.254	700.581	220.321	789.830	688.795	264.860	744.814	779.553	287.219	670.013	667.669	330.764	791.537	643.445	378.386	700.748	629.414	456.978	632.767	690.118	428.893	660.232	599.915	415.757	613.032	638.802	-38.965	245.283	774.833	110.909	143.035	664.699	62.212	63.470	760.329	147.439	51.846	703.914	215.504	-5.286	698.228	252.155	42.369	792.831	266.874	111.867	742.670	267.879	45.661	640.167	340.285	110.725	672.777	433.377	170.839	693.768	421.591	128.187	609.244	406.384	180.768	649.331
412.600	561.582	676.105	471.223	618.544	548.304	385.822	536.613	621.188	419.902	228.396	677.126	464.106	178.650	603.900	393.223	261.773	618.185	547.395	455.163	710.447	517.822	395.691	740.895	552.166	341.711	711.693	378.441	599.002	469.110	348.765	607.597	543.394	240.563	627.008	492.560	260.081	614.249	428.591	85.201	621.698	405.331	98.408	484.922	399.705	184.833	621.003	334.511	128.709	611.145	292.306	200.204	599.422	210.295	245.409	607.772	249.727	416.616	523.682	87.471	360.866	568.829	105.907	333.681	476.346	99.387	212.511	597.821	34.581	201.238	505.288	36.790	362.869	180.588	498.580	332.428	189.927	567.677	222.769	165.722	518.901	242.922	158.182	462.605	109.238	155.802	414.850	86.490	285.748	391.243	189.513	149.639	311.953	127.475	182.661	276.355	195.680	198.340	194.429	246.057	173.373	221.958	415.982	248.404	79.193	352.556	208.535	100.999	321.721	302.721	106.445	208.304	188.775	34.648	190.292	264.077	37.610	348.473	393.027	809.318	45.883	400.351	859.671	176.236	491.182	839.572	183.886	311.722	841.067	-112.559	400.533	991.506	-217.007	377.647	880.160	-99.001	297.527	885.431	-129.658	493.802	891.691	-29.532	569.476	755.729	127.220	666.889	653.605	76.411	736.226	755.146	161.837	758.270	699.062	220.368	789.883	687.624	264.751	744.704	778.329	287.252	670.014	666.400	330.904	791.606	642.441	378.421	700.924	628.407	456.949	632.781	689.175	429.112	660.354	599.036	415.843	613.100	637.759	-39.180	245.398	772.570	110.307	142.881	663.124	61.814	63.664	758.296	147.376	52.040	702.139	215.278	-5.267	696.840	251.747	42.489	791.514	266.498	111.911	741.473	267.664	45.594	638.823	340.122	110.741	671.604	433.118	170.867	692.738	423.199	126.121	605.774	406.158	180.767	648.139
412.427	561.725	674.894	471.056	618.480	547.196	385.587	536.741	621.134	419.801	228.409	676.081	463.947	178.622	603.099	392.978	261.795	618.262	547.363	455.170	709.321	517.706	395.693	739.811	552.070	341.709	710.552	378.497	599.099	468.207	348.568	607.664	542.373	240.449	627.060	491.904	259.910	614.278	427.890	84.908	621.791	405.188	94.660	483.644	400.796	184.621	621.073	334.275	128.699	611.308	291.992	200.086	599.418	210.060	245.204	607.763	249.549	416.710	523.625	87.716	360.855	568.750	105.874	333.626	476.330	99.425	212.529	597.816	34.573	201.300	505.298	36.686	362.810	180.276	498.279	332.356	190.035	566.939	222.691	165.869	518.286	242.631	158.285	462.030	108.891	155.914	414.525	85.377	285.797	391.244	189.294	149.805	311.782	127.215	182.753	276.069	195.535	198.487	194.263	245.613	172.983	221.315	415.974	248.540	79.186	352.556	208.684	100.973	321.691	302.860	106.344	208.292	188.790	34.648	190.265	264.108	37.582	348.101	393.051	807.876	45.549	400.437	857.744	175.921	491.214	837.964	183.633	311.755	839.579	-112.590	400.632	989.479	-217.159	377.772	878.347	-99.346	297.825	883.088	-129.704	493.932	889.771	-29.713	569.530	753.581	127.338	666.977	652.099	76.357	736.167	753.498	161.725	758.297	697.819	220.452	789.964	686.347	264.388	744.442	777.164	287.299	670.068	665.302	331.068	791.686	641.518	378.448	700.805	627.607	456.973	632.770	688.225	429.483	660.393	598.051	415.812	613.203	636.713	-39.532	245.508	770.331	111.072	143.183	661.121	61.411	63.808	756.343	147.208	52.136	700.609	215.034	-5.249	695.535	251.415	42.564	790.244	266.186	111.959	740.052	267.588	45.593	637.476	339.925	110.732	670.446	432.899	171.067	692.264	422.944	126.289	605.120	406.047	180.879	647.316
412.328	561.763	673.724	471.023	618.603	546.098	385.352	536.869	621.080	419.618	228.402	674.896	463.383	178.721	601.791	392.732	261.817	618.338	547.262	455.250	708.204	517.612	395.746	738.781	551.963	341.705	709.451	378.104	599.105	467.075	348.029	607.726	541.817	240.296	627.143	491.236	259.627	614.329	427.088	84.564	621.919	404.898	94.184	483.663	400.506	184.441	621.126	333.994	128.662	611.455	291.735	199.971	599.402	209.802	245.038	607.780	249.426	416.580	523.474	87.416	360.818	568.669	105.797	333.593	476.192	99.235	212.513	597.794	34.549	200.438	505.088	37.400	362.502	180.737	496.912	332.163	190.075	566.231	222.457	165.974	517.775	241.964	158.202	461.539	108.460	156.052	414.292	84.919	285.977	391.026	189.069	149.965	311.577	126.999	182.865	275.895	195.377	198.642	194.070	245.445	173.142	221.173	415.963	248.700	79.154	352.488	208.826	100.939	321.677	302.998	106.264	208.288	188.815	34.623	190.694	264.539	37.160	347.821	393.132	806.532	45.298	400.435	855.778	175.545	491.195	836.104	183.236	311.814	837.828	-112.560	400.775	987.619	-217.289	377.885	876.516	-99.436	297.888	881.118	-129.825	493.951	887.723	-29.857	569.518	751.571	127.373	667.116	650.618	76.255	736.166	751.968	161.854	758.323	696.393	220.559	790.013	685.326	264.308	744.353	776.052	287.371	670.160	664.113	331.211	791.798	640.645	378.777	701.114	626.209	456.971	632.832	687.435	429.034	660.434	596.916	415.901	613.265	635.659	-39.789	245.609	768.177	111.106	143.277	659.369	61.107	63.975	754.714	146.940	52.150	699.098	214.749	-5.266	694.262	250.974	42.615	788.961	265.777	112.025	738.926	267.365	45.548	636.303	339.679	110.665	669.199	432.729	171.092	691.316	422.795	126.033	603.787	405.858	180.792	645.938
412.191	561.902	672.639	471.104	618.752	545.267	385.117	536.997	621.026	419.428	228.412	673.802	463.162	178.741	600.764	392.487	261.838	618.414	547.106	455.239	707.090	517.440	395.788	737.682	551.844	341.666	708.363	377.770	599.154	466.234	348.048	607.821	540.797	240.160	627.184	490.508	259.380	614.353	426.352	84.345	622.053	404.640	93.262	483.687	400.283	184.205	621.202	333.785	128.479	611.561	291.362	199.832	599.395	209.590	244.849	607.767	249.312	416.580	523.355	87.329	360.760	568.601	105.756	333.570	476.090	99.154	212.543	597.783	34.534	200.443	505.058	37.362	362.380	180.355	496.392	332.026	190.126	565.498	222.248	166.139	517.318	241.720	158.354	460.886	108.158	156.196	414.019	84.516	286.191	390.758	188.836	150.142	311.426	126.786	183.023	275.718	195.188	198.774	193.919	245.275	173.335	221.076	415.929	248.811	79.150	352.443	208.967	100.910	321.603	303.143	106.144	208.306	188.850	34.610	190.679	264.570	37.156	347.566	393.183	805.320	45.000	400.477	854.016	175.226	491.201	834.480	182.857	311.852	836.185	-112.581	400.891	985.742	-217.438	377.990	874.847	-99.642	297.967	879.373	-129.838	494.086	885.972	-30.000	569.579	749.680	127.510	667.137	648.985	76.161	736.140	750.373	161.994	758.352	695.061	220.632	790.018	684.180	264.387	744.361	774.841	287.415	670.151	662.951	331.311	791.866	639.651	378.743	700.951	625.427	456.988	632.840	686.556	429.725	660.516	596.053	415.833	613.433	634.964	-40.027	245.780	766.075	111.205	143.332	657.742	60.782	64.134	752.814	146.798	52.257	697.681	214.511	-5.267	693.204	250.576	42.685	787.781	265.428	112.067	737.633	267.262	45.527	635.121	339.438	110.731	668.338	432.458	171.047	690.197	422.612	126.090	601.799	405.695	180.945	645.094
412.076	562.031	671.595	470.906	618.769	544.136	384.882	537.125	620.972	419.270	228.397	672.672	463.120	178.774	600.048	392.242	261.860	618.491	546.945	455.254	706.106	517.177	395.765	736.430	551.727	341.682	707.331	377.655	599.161	465.363	348.027	607.913	539.885	240.094	627.231	489.893	259.151	614.375	425.766	84.051	622.119	404.266	92.889	483.704	399.962	184.037	621.216	333.478	128.300	611.598	291.020	199.702	599.360	209.338	244.674	607.724	248.996	416.573	523.258	87.283	360.739	568.513	105.731	333.552	476.017	99.076	212.534	597.752	34.545	200.438	505.027	37.338	362.195	180.455	495.630	331.962	190.246	564.790	222.033	166.336	516.841	241.508	158.506	460.247	107.855	156.342	413.735	84.206	286.374	390.332	188.565	150.312	311.300	126.597	183.229	275.376	195.025	198.927	193.767	245.120	173.541	220.938	415.918	248.955	79.133	352.480	209.112	101.011	321.563	303.273	106.068	208.306	188.857	34.597	190.681	264.629	37.108	347.265	393.270	804.115	44.724	400.503	852.274	174.963	491.213	832.941	182.506	311.930	834.654	-112.561	401.026	983.939	-217.552	378.067	873.218	-99.694	298.006	877.550	-129.958	494.103	884.109	-30.147	569.596	747.766	127.668	667.219	647.715	76.092	736.161	748.903	161.910	758.394	693.969	220.838	790.243	682.635	264.237	744.215	773.747	287.448	670.187	661.934	331.434	791.927	638.713	378.892	701.187	624.341	456.989	632.858	685.681	429.739	660.585	595.304	416.002	613.431	633.790	-40.246	245.912	764.179	111.144	143.450	656.220	60.330	64.310	751.146	146.603	52.302	696.217	214.252	-5.234	691.887	250.194	42.730	786.610	265.038	112.089	736.504	267.063	45.498	633.913	339.203	110.684	667.226	432.267	171.096	689.277	422.359	126.201	600.893	405.596	181.048	644.406
411.881	562.136	670.612	470.945	618.850	543.292	384.647	537.253	620.918	419.111	228.406	671.709	462.364	178.928	598.688	391.997	261.881	618.567	546.781	455.300	705.171	517.083	395.819	735.638	551.590	341.688	706.366	377.500	599.276	464.443	347.443	607.938	539.237	239.957	627.266	489.385	258.986	614.408	425.260	83.783	622.191	403.928	96.579	485.033	398.081	183.872	621.237	333.121	128.171	611.613	290.674	199.581	599.325	209.077	244.472	607.682	248.746	416.569	523.141	87.209	360.699	568.441	105.642	333.507	475.935	98.985	212.532	597.739	34.535	200.449	504.984	37.321	361.958	181.020	494.697	331.885	190.373	564.110	221.907	166.544	516.252	241.303	158.693	459.782	107.520	156.515	413.465	84.291	286.520	389.828	188.342	150.508	311.067	126.365	183.445	275.133	194.923	199.132	193.552	245.207	174.229	221.257	415.887	249.050	79.120	352.424	209.229	100.990	321.516	303.420	106.024	208.315	188.891	34.621	190.678	264.652	37.092	346.948	393.318	802.925	44.463	400.528	850.606	174.691	491.240	831.484	182.121	311.966	833.108	-112.540	401.167	982.342	-217.687	378.136	871.683	-99.833	298.080	876.006	-130.041	494.218	882.444	-30.235	569.639	746.078	127.815	667.359	646.335	75.971	736.096	747.462	162.036	758.424	692.684	220.808	790.166	682.084	264.196	744.131	772.740	287.493	670.244	660.981	331.520	792.010	637.821	379.032	701.354	623.478	457.019	632.897	684.799	429.361	660.651	594.290	415.886	613.532	632.839	-40.524	246.065	762.176	111.069	143.479	654.533	59.982	64.466	749.377	146.413	52.374	694.865	213.938	-5.281	690.767	249.813	42.761	785.505	264.715	112.108	735.406	266.888	45.449	632.844	338.929	110.621	666.045	432.046	171.047	688.426	422.106	126.118	600.088	405.327	180.863	643.106
411.733	562.265	669.574	470.805	618.921	542.443	384.412	537.381	620.863	418.963	228.430	670.717	462.127	179.054	597.773	391.752	261.903	618.643	546.732	455.311	704.217	516.957	395.811	734.674	551.442	341.652	705.405	376.960	599.179	463.520	347.465	607.975	538.249	239.803	627.144	488.730	258.694	614.396	424.493	83.513	622.246	403.632	96.338	485.131	397.816	183.776	621.237	332.707	127.954	611.600	290.383	199.482	599.276	208.805	244.331	607.671	248.561	416.601	523.018	87.123	360.647	568.392	105.608	333.496	475.856	98.890	212.553	597.734	34.470	200.447	504.967	37.296	361.713	181.147	494.019	331.763	190.511	563.422	221.748	166.720	515.834	241.056	158.858	459.318	107.174	156.697	413.216	84.059	286.742	389.548	188.106	150.713	310.856	126.167	183.671	274.907	194.766	199.308	193.361	245.036	174.410	221.171	415.888	249.154	79.135	352.387	209.383	100.974	321.507	303.573	105.935	208.290	188.905	34.606	190.261	264.322	37.453	346.676	393.382	801.815	44.212	400.559	849.027	174.385	491.279	830.031	181.775	312.043	831.724	-112.522	401.263	980.726	-217.754	378.251	870.235	-99.858	298.089	874.350	-130.153	494.264	880.837	-30.386	569.691	744.249	128.243	667.131	644.894	75.929	736.113	746.161	162.135	758.425	691.540	220.933	790.515	680.780	264.145	744.034	771.668	287.560	670.261	659.867	331.636	792.243	637.006	379.050	701.079	622.642	457.028	632.904	683.838	430.008	660.678	593.293	415.924	613.657	631.952	-40.629	246.224	760.590	111.066	143.560	653.271	59.598	64.639	748.001	146.223	52.418	693.651	213.703	-5.292	689.718	249.394	42.777	784.402	264.334	112.122	734.352	266.719	45.461	631.798	338.684	110.669	665.240	431.782	171.025	687.503	421.837	126.144	599.101	405.137	180.930	642.243
411.868	562.277	668.268	470.601	618.944	541.541	384.177	537.509	620.809	418.800	228.427	669.794	461.782	179.050	596.849	391.506	261.924	618.720	546.582	455.305	703.311	516.713	395.828	733.700	551.304	341.648	704.504	376.759	599.249	462.790	346.945	607.993	537.680	239.662	627.329	488.125	258.411	614.457	423.898	83.240	622.321	403.359	96.224	485.152	397.275	183.604	621.350	332.549	127.604	611.440	290.293	199.346	599.262	208.608	244.197	607.722	248.472	416.624	522.898	87.065	360.622	568.314	105.537	333.449	475.836	98.826	212.558	597.713	34.475	200.458	504.924	37.269	361.534	181.290	493.404	331.711	190.698	562.830	221.576	166.893	515.372	240.892	159.062	458.786	106.803	156.920	413.011	83.272	287.143	389.477	187.821	150.938	310.681	125.965	183.845	274.732	194.649	199.465	193.206	244.828	174.603	221.090	415.875	249.314	79.081	352.368	209.509	100.985	321.442	303.716	105.858	208.297	188.923	34.596	190.232	264.363	37.410	346.392	393.462	800.710	43.923	400.611	847.487	174.159	491.319	828.735	181.429	312.118	830.309	-112.531	401.370	979.221	-217.847	378.260	868.840	-99.977	298.176	872.964	-130.226	494.342	879.299	-30.483	569.711	742.607	127.942	667.446	643.792	75.882	736.115	744.900	162.109	758.454	690.552	220.937	790.598	679.945	264.021	743.912	770.752	287.555	670.334	658.879	331.740	792.363	636.140	379.200	701.338	621.531	457.050	632.923	682.975	430.080	660.786	592.729	415.848	613.802	631.296	-40.863	246.369	758.908	111.035	143.611	651.868	59.286	64.805	746.457	145.951	52.438	692.325	213.414	-5.324	688.734	249.003	42.841	783.380	263.945	112.141	733.351	266.534	45.424	630.723	338.401	110.655	664.359	431.530	171.008	686.544	421.607	126.254	598.153	404.962	181.042	641.576
411.657	562.397	667.431	470.695	619.160	540.862	383.942	537.637	620.755	418.476	228.465	668.871	461.408	179.148	596.050	391.261	261.946	618.796	546.372	455.340	702.452	516.530	395.855	732.836	551.160	341.669	703.657	376.540	599.253	462.017	346.966	608.053	536.867	239.461	627.350	487.548	258.195	614.462	423.320	82.968	622.382	403.040	96.020	485.171	396.902	183.410	621.314	332.176	124.631	610.143	291.538	199.234	599.227	208.451	243.998	607.708	248.261	416.630	522.799	86.984	360.599	568.233	105.485	333.415	475.773	98.753	212.583	597.692	34.434	200.465	504.893	37.269	361.328	181.414	492.819	331.563	190.877	562.292	221.416	167.099	514.810	240.628	159.255	458.333	106.467	157.164	412.778	82.929	287.421	389.289	187.592	151.166	310.511	125.780	184.062	274.576	194.511	199.649	193.068	244.680	174.832	220.985	415.854	249.416	79.074	352.329	209.640	100.972	321.438	303.839	105.778	208.304	188.939	34.612	190.211	264.410	37.402	346.125	393.527	799.718	43.733	400.649	846.054	173.904	491.351	827.431	181.121	312.160	829.080	-112.445	401.482	977.749	-217.935	378.364	867.639	-99.913	298.247	871.447	-130.320	494.390	877.839	-30.565	569.772	741.135	128.189	667.542	642.562	75.820	736.067	743.667	162.168	758.470	689.485	221.216	790.592	678.938	264.014	743.826	769.797	287.592	670.391	658.011	331.860	792.433	635.459	379.199	701.407	620.759	457.051	632.940	682.068	430.030	660.748	591.680	415.814	613.923	630.373	-40.985	246.510	757.165	110.970	143.623	650.538	58.904	64.966	745.041	145.638	52.438	691.194	213.116	-5.385	687.640	248.631	42.856	782.444	263.615	112.086	732.279	266.271	45.394	629.762	338.074	110.662	663.444	431.198	170.700	685.664	421.323	126.125	597.437	404.336	181.293	641.053
411.343	562.659	666.744	470.582	619.217	540.104	383.707	537.765	620.701	418.497	228.511	668.209	461.096	179.226	595.192	391.016	261.968	618.873	546.138	455.396	701.673	516.327	395.901	731.936	550.980	341.666	702.878	376.310	599.198	461.271	346.550	608.098	536.363	239.416	627.383	487.048	258.004	614.465	422.756	82.669	622.397	402.645	95.758	485.176	396.563	183.197	621.292	331.821	124.163	610.028	291.419	199.116	599.138	208.206	243.867	607.605	247.871	416.739	522.700	87.084	360.583	568.160	105.460	333.412	475.696	98.671	212.568	597.679	34.461	200.492	504.860	37.225	361.148	181.587	492.223	331.401	190.996	561.780	221.219	167.266	514.254	240.323	159.418	457.951	106.181	157.397	412.475	82.594	287.672	389.038	187.336	151.411	310.331	125.595	184.282	274.403	194.411	199.828	192.899	244.511	175.024	220.883	415.837	249.540	79.039	352.277	209.767	100.995	321.398	303.977	105.704	208.286	188.966	34.608	190.176	264.465	37.370	345.852	393.592	798.770	43.503	400.673	844.715	173.623	491.384	826.211	180.721	312.225	827.773	-112.412	401.594	976.500	-218.014	378.373	866.453	-100.032	298.322	869.986	-130.378	494.425	876.523	-30.642	569.812	739.598	128.234	667.651	641.570	75.831	736.037	742.644	162.238	758.536	688.602	221.216	790.648	678.292	264.036	743.738	768.952	287.618	670.460	657.150	331.930	792.505	634.693	379.221	701.315	620.099	457.069	632.962	681.353	430.331	660.881	590.834	415.870	613.936	629.416	-41.210	246.641	755.731	110.864	143.737	649.331	58.715	65.281	743.413	145.435	52.481	690.140	212.873	-5.412	686.709	248.291	42.886	781.499	263.251	112.086	731.365	266.079	45.372	628.777	337.818	110.684	662.567	430.923	170.622	684.858	421.042	126.097	596.776	404.111	181.471	640.382
411.283	562.659	665.724	470.466	619.301	539.443	383.472	537.893	620.647	418.389	228.484	667.449	460.875	179.325	594.616	390.771	261.989	618.949	545.973	455.437	700.975	516.176	395.975	731.339	550.808	341.665	702.124	375.898	599.208	460.509	347.298	608.122	535.521	239.199	627.388	486.550	257.789	614.466	422.305	82.403	622.480	402.277	91.669	483.832	397.669	182.987	621.281	331.699	123.871	609.992	290.961	199.019	599.124	208.073	243.718	607.586	247.786	416.759	522.613	87.049	360.546	568.097	105.379	333.393	475.623	98.595	212.575	597.665	34.430	200.526	504.835	37.197	361.013	181.732	491.591	331.168	191.124	561.222	221.060	167.494	513.838	240.094	159.671	457.405	105.843	157.639	412.173	82.392	287.980	388.685	187.104	151.675	310.254	125.373	184.542	274.191	194.247	200.024	192.760	244.128	174.702	220.347	415.822	249.666	79.068	352.239	209.884	100.971	321.388	304.124	105.583	208.304	188.998	34.581	190.138	264.519	37.334	345.578	393.681	797.862	43.281	400.740	843.463	173.470	491.445	825.196	180.461	312.320	826.716	-112.276	401.731	975.198	-218.082	378.413	865.407	-100.009	298.383	868.945	-130.371	494.539	875.294	-30.696	569.840	738.200	128.609	667.473	640.399	75.872	735.965	741.642	162.319	758.556	687.614	221.234	790.788	677.431	263.954	743.618	768.196	287.639	670.477	656.206	332.010	792.583	633.974	379.416	701.563	619.134	457.092	633.003	680.632	430.263	660.916	590.242	415.863	614.001	628.583	-41.342	246.808	754.296	110.783	143.727	648.196	58.263	65.329	742.455	145.122	52.492	689.042	212.536	-5.430	685.815	247.872	42.901	780.537	262.849	112.090	730.540	265.850	45.387	627.911	337.538	110.699	661.920	430.532	170.688	684.238	420.738	126.182	595.989	403.886	181.629	639.880
411.185	562.681	664.854	470.289	619.410	538.689	383.237	538.021	620.593	418.197	228.442	666.758	460.358	179.467	593.709	390.525	262.011	619.025	545.794	455.463	700.215	515.953	395.985	730.604	550.655	341.655	701.386	375.451	599.184	459.881	347.009	608.138	534.897	239.025	627.347	486.052	257.468	614.449	421.824	82.152	622.481	402.155	91.256	483.760	397.486	182.794	621.342	331.342	123.712	609.932	290.668	198.875	599.046	207.790	243.610	607.467	247.387	416.758	522.498	86.946	360.546	568.026	105.336	333.366	475.550	98.510	212.558	597.638	34.420	200.486	504.796	37.215	360.794	181.834	491.088	331.060	191.315	560.623	220.869	167.739	513.534	239.974	159.923	456.889	105.459	157.948	411.924	82.153	288.148	388.210	186.896	151.920	310.111	125.127	184.775	273.936	194.145	200.233	192.554	243.952	174.895	220.234	415.819	249.791	79.025	352.202	210.022	100.961	321.371	304.267	105.415	208.293	189.013	34.595	190.614	264.854	36.982	345.338	393.773	797.028	43.119	400.761	842.272	173.224	491.466	824.009	180.153	312.383	825.619	-112.229	401.768	974.079	-218.111	378.512	864.489	-99.975	298.418	867.840	-130.488	494.567	874.130	-30.765	569.913	736.982	128.801	667.559	639.433	75.857	735.922	740.711	162.264	758.594	686.884	221.253	790.815	676.614	264.010	743.572	767.403	287.660	670.559	655.429	332.064	792.682	633.274	379.500	701.599	618.265	457.099	633.033	679.815	429.868	660.957	589.393	415.828	614.127	627.986	-41.482	246.970	752.879	110.670	143.803	647.082	58.138	65.656	741.064	144.867	52.479	688.030	212.268	-5.473	684.972	247.548	42.892	779.725	262.467	112.065	729.585	265.561	45.349	627.065	337.282	110.684	661.144	430.303	170.647	683.468	420.468	126.201	595.292	403.660	181.712	639.352
410.936	562.852	664.060	470.252	619.523	538.115	383.002	538.149	620.539	418.060	228.474	666.044	459.825	179.591	592.798	390.280	262.032	619.102	545.592	455.536	699.597	515.723	396.035	729.850	550.477	341.669	700.748	375.082	599.147	459.114	346.688	608.215	534.346	238.790	627.377	485.668	257.247	614.447	421.337	81.883	622.475	401.937	91.010	483.736	397.065	182.673	621.335	331.084	123.429	609.884	290.286	198.728	598.987	207.639	243.450	607.449	247.246	416.774	522.398	86.893	360.515	567.950	105.301	333.361	475.478	98.441	212.579	597.623	34.378	200.507	504.778	37.197	360.565	181.889	490.665	330.779	191.401	560.059	220.650	167.928	513.223	239.758	160.108	456.436	105.129	158.253	411.712	81.911	288.397	387.917	186.643	152.152	309.967	124.924	185.037	273.760	193.963	200.412	192.369	243.818	175.105	220.175	415.810	249.931	78.988	352.133	210.196	100.820	321.314	304.395	105.348	208.308	189.051	34.557	190.640	264.905	36.944	345.077	393.855	796.185	42.936	400.787	841.159	173.010	491.483	823.115	179.858	312.449	824.644	-112.038	401.891	973.039	-218.131	378.539	863.637	-99.982	298.479	866.775	-130.507	494.612	873.077	-30.901	570.048	735.832	128.936	667.629	638.432	75.830	735.875	739.823	162.347	758.655	686.138	221.515	790.808	675.830	264.000	743.502	766.557	287.674	670.623	654.672	332.127	792.774	632.627	379.402	701.486	617.719	457.088	633.100	678.943	430.363	661.026	588.451	415.662	614.305	627.285	-41.673	247.105	751.704	110.622	143.841	646.116	57.756	65.775	739.952	144.645	52.515	687.125	211.985	-5.524	684.196	247.227	42.899	778.946	262.093	112.040	728.814	265.340	45.366	626.262	337.006	110.667	660.316	430.017	170.629	682.846	420.241	126.172	594.701	403.397	181.621	638.567
410.643	563.074	663.493	470.143	619.615	537.593	382.767	538.277	620.485	417.828	228.471	665.243	459.674	179.645	592.393	390.035	262.054	619.178	545.414	455.614	698.985	515.582	396.083	729.280	550.301	341.711	700.168	375.074	599.173	458.725	346.280	608.244	533.978	238.567	627.360	485.239	256.914	614.476	420.811	81.623	622.474	401.735	90.696	483.662	396.816	182.524	621.297	330.826	123.338	609.857	290.052	198.589	598.939	207.491	243.253	607.417	247.163	416.791	522.299	86.849	360.489	567.888	105.271	333.343	475.425	98.375	212.576	597.614	34.368	200.492	504.767	37.216	360.312	182.053	490.169	330.557	191.533	559.573	220.453	168.162	512.883	239.494	160.314	456.067	104.758	158.545	411.494	82.003	288.562	387.525	186.401	152.377	309.789	124.673	185.383	273.460	193.820	200.622	192.252	243.662	175.300	220.068	415.780	250.047	79.004	352.104	210.347	100.820	321.287	304.535	105.268	208.307	189.076	34.573	190.629	264.951	36.948	344.848	393.940	795.480	42.750	400.859	840.210	172.862	491.535	822.207	179.588	312.534	823.747	-111.796	402.027	972.128	-218.179	378.552	862.928	-100.019	298.533	865.910	-130.467	494.695	872.162	-30.844	570.022	734.623	129.016	667.701	637.693	75.845	735.848	739.026	162.455	758.639	685.311	221.440	790.907	675.357	263.950	743.387	765.922	287.689	670.679	654.003	332.183	792.846	631.991	379.461	701.665	616.932	457.087	633.143	678.244	430.302	661.105	587.975	415.673	614.396	626.507	-41.810	247.294	750.535	110.405	143.865	645.100	57.294	65.750	739.520	144.401	52.555	686.226	211.739	-5.503	683.403	246.938	42.941	778.209	261.886	111.965	728.049	265.182	45.384	625.511	336.749	110.634	659.640	429.777	170.623	682.208	419.990	126.163	594.036	403.198	181.739	637.872
410.359	563.215	663.029	469.974	619.693	537.001	382.532	538.406	620.431	417.598	228.434	664.622	459.430	179.702	591.953	389.790	262.076	619.254	545.233	455.627	698.351	515.417	396.158	728.783	550.101	341.726	699.638	374.922	599.219	458.263	346.278	608.337	533.281	238.327	627.316	484.791	256.732	614.435	420.455	81.348	622.421	401.439	94.364	484.969	395.061	182.382	621.159	330.325	123.157	609.806	289.860	198.442	598.819	207.248	243.126	607.382	247.064	416.783	522.215	86.828	360.470	567.800	105.238	333.326	475.347	98.300	212.588	597.590	34.368	200.489	504.747	37.221	360.092	182.251	489.749	330.288	191.656	559.043	220.259	168.471	512.528	239.155	160.515	455.756	104.550	158.802	411.282	81.594	288.939	387.431	186.148	152.606	309.698	124.476	185.620	273.283	193.671	200.858	192.102	243.752	176.037	220.446	415.760	250.160	78.987	352.049	210.478	100.830	321.254	304.668	105.214	208.325	189.090	34.569	190.645	264.980	36.891	344.665	393.996	794.890	42.624	400.897	839.323	172.717	491.585	821.414	179.344	312.620	822.966	-111.598	402.101	971.356	-218.469	378.545	862.592	-100.074	298.591	864.945	-130.494	494.769	871.364	-30.973	570.220	734.004	129.037	667.775	637.024	75.867	735.816	738.306	162.513	758.679	684.692	221.408	790.997	674.928	263.976	743.319	765.353	287.681	670.789	653.323	332.228	792.930	631.478	379.613	701.954	616.156	457.112	633.153	677.601	430.077	661.151	587.326	415.704	614.425	625.663	-41.882	247.449	749.574	110.277	143.863	644.210	57.246	66.127	738.215	144.112	52.581	685.400	211.448	-5.508	682.661	246.671	42.952	777.498	261.554	111.998	727.319	264.993	45.373	624.720	336.531	110.632	659.069	429.497	170.638	681.589	419.713	126.281	593.374	403.010	181.795	637.273
410.119	563.336	662.490	469.754	619.745	536.459	382.297	538.534	620.376	417.390	228.430	664.086	459.190	179.747	591.501	389.544	262.097	619.331	545.027	455.703	697.884	515.137	396.147	728.060	549.912	341.762	699.139	374.640	599.200	457.701	345.997	608.341	532.778	238.171	627.292	484.381	256.502	614.412	420.062	81.051	622.378	401.169	94.212	484.932	394.784	182.201	621.118	330.127	122.979	609.709	289.687	198.308	598.727	207.052	242.974	607.333	246.961	416.784	522.136	86.751	360.445	567.717	105.188	333.327	475.284	98.255	212.611	597.574	34.352	200.507	504.737	37.183	359.900	182.505	489.340	330.121	191.867	558.660	220.012	168.730	512.240	238.777	160.737	455.497	104.203	159.072	411.151	80.941	289.378	387.335	185.886	152.852	309.600	124.317	185.837	273.104	193.514	201.065	191.985	243.572	176.267	220.347	415.734	250.264	78.989	352.013	210.599	100.844	321.230	304.816	105.158	208.301	189.109	34.593	190.186	264.814	37.121	344.434	394.094	794.312	42.482	400.965	838.452	172.521	491.611	820.634	179.057	312.643	822.159	-111.320	402.209	970.601	-218.521	378.628	862.124	-100.023	298.633	864.172	-130.496	494.832	870.643	-30.914	570.148	732.714	129.045	667.847	636.318	75.884	735.790	737.678	162.541	758.709	684.179	221.424	791.033	674.471	264.065	743.290	764.759	287.686	670.782	652.700	332.300	793.012	630.959	379.542	701.931	615.725	457.105	633.223	677.047	429.846	661.198	586.651	415.605	614.552	625.182	-42.004	247.563	748.621	110.192	143.806	643.436	57.008	66.318	737.563	143.776	52.566	684.692	211.209	-5.529	682.013	246.373	42.954	776.833	261.264	111.972	726.557	264.726	45.355	624.088	336.300	110.633	658.503	429.232	170.689	681.093	419.511	126.407	592.745	402.796	181.887	636.843
410.081	563.360	661.593	469.689	619.853	536.156	382.062	538.662	620.322	417.177	228.448	663.510	458.683	179.699	591.023	389.299	262.119	619.407	544.769	455.820	697.438	514.993	396.259	727.769	549.711	341.802	698.678	374.375	599.239	457.156	345.708	608.358	532.448	238.005	627.263	484.043	256.280	614.345	419.684	80.780	622.336	400.975	94.030	484.902	394.574	182.008	621.093	330.015	122.822	609.669	289.551	198.185	598.659	206.876	242.817	607.297	246.889	416.802	522.078	86.734	360.419	567.656	105.179	333.304	475.216	98.190	212.602	597.553	34.326	200.492	504.716	37.209	359.594	182.657	488.938	329.853	192.059	558.323	219.754	168.968	511.773	238.461	160.968	455.198	103.875	159.404	410.922	80.677	289.699	387.053	185.646	153.106	309.514	124.120	186.090	273.001	193.324	201.286	191.884	243.386	176.499	220.263	415.727	250.408	79.011	351.985	210.782	100.842	321.212	304.948	105.104	208.293	189.132	34.544	190.152	264.893	37.149	344.172	394.192	793.721	42.330	401.024	837.675	172.404	491.635	819.994	178.832	312.724	821.525	-111.047	402.280	969.910	-218.556	378.668	861.835	-99.995	298.707	863.579	-130.464	494.908	870.037	-30.918	570.192	731.917	129.229	667.950	635.657	75.929	735.763	737.176	162.538	758.784	683.728	221.544	791.151	673.983	264.188	743.276	764.242	287.679	670.888	652.121	332.338	793.108	630.524	379.458	701.859	615.314	457.102	633.312	676.457	430.230	661.214	585.865	415.520	614.688	624.740	-42.158	247.710	747.747	110.015	143.904	642.618	56.829	66.457	736.943	143.519	52.565	684.118	211.019	-5.518	681.441	246.142	42.967	776.220	260.975	111.966	725.940	264.532	45.371	623.471	336.083	110.612	657.876	429.048	170.716	680.508	419.325	126.397	592.256	402.586	181.891	636.398
409.815	563.475	661.064	469.564	619.985	535.643	381.827	538.790	620.268	416.951	228.445	662.977	458.361	179.842	590.542	389.054	262.140	619.484	544.556	455.863	696.987	514.774	396.260	727.262	549.502	341.840	698.269	374.087	599.187	456.807	345.154	608.303	532.192	237.855	627.216	483.705	256.012	614.274	419.343	80.478	622.281	400.750	93.831	484.809	394.227	181.729	621.043	329.937	122.616	609.548	289.283	198.072	598.560	206.723	242.644	607.227	246.799	416.799	522.020	86.738	360.385	567.604	105.139	333.276	475.146	98.133	212.591	597.552	34.310	200.460	504.692	37.219	359.286	182.788	488.626	329.641	192.253	557.932	219.451	169.186	511.498	238.188	161.191	454.928	103.593	159.658	410.703	80.418	289.987	386.704	185.395	153.410	309.409	123.907	186.360	272.829	193.216	201.506	191.752	243.208	176.674	220.198	415.704	250.512	79.019	351.937	210.887	100.854	321.188	305.073	105.045	208.314	189.143	34.565	190.152	264.930	37.122	343.929	394.266	793.223	42.231	401.080	837.098	172.311	491.672	819.398	178.623	312.786	820.944	-110.735	402.368	969.397	-218.555	378.727	861.659	-99.950	298.740	863.112	-130.420	494.972	869.567	-30.923	570.311	731.216	129.328	668.030	635.101	75.960	735.767	736.741	162.537	758.821	683.324	221.627	791.219	673.663	264.210	743.210	763.837	287.676	670.963	651.625	332.358	793.177	630.244	379.473	701.748	614.758	457.073	633.388	675.886	430.208	661.352	585.483	415.426	614.814	624.157	-42.272	247.870	747.041	109.856	143.916	642.110	56.506	66.514	736.855	143.309	52.623	683.495	210.784	-5.508	680.896	245.911	42.997	775.621	260.683	111.984	725.393	264.410	45.357	622.834	335.864	110.648	657.323	428.816	170.735	680.084	419.094	126.390	591.858	402.336	181.946	635.941
409.689	563.549	660.484	469.402	620.061	535.200	381.592	538.918	620.214	416.769	228.448	662.626	457.983	179.931	590.011	388.809	262.162	619.560	544.327	455.926	696.641	514.565	396.317	726.906	549.265	341.889	697.890	373.858	599.259	456.506	345.728	608.429	531.398	237.624	627.162	483.419	255.782	614.247	419.047	80.206	622.182	400.554	89.609	483.376	395.489	181.577	620.919	329.785	122.392	609.455	289.148	197.964	598.460	206.583	242.507	607.164	246.753	416.798	521.963	86.703	360.393	567.535	105.132	333.245	475.085	98.057	212.596	597.521	34.299	200.477	504.678	37.157	359.106	182.575	488.668	329.232	192.347	557.677	219.187	169.456	511.216	237.957	161.464	454.620	103.206	159.754	410.682	80.250	290.313	386.381	185.146	153.668	309.295	123.700	186.647	272.562	193.118	201.736	191.635	243.072	176.869	220.091	415.658	250.625	79.044	351.894	211.058	100.840	321.165	305.226	105.038	208.299	189.174	34.543	190.153	265.013	37.057	343.709	394.351	792.744	42.140	401.137	836.643	172.171	491.700	818.902	178.403	312.862	820.421	-110.438	402.415	969.000	-218.528	378.830	861.519	-99.915	298.798	862.748	-130.312	495.043	869.236	-30.945	570.390	730.527	129.320	668.125	634.701	76.010	735.758	736.441	162.626	758.879	682.936	221.648	791.287	673.286	264.268	743.162	763.483	287.678	671.057	651.210	332.355	793.253	629.776	379.491	701.952	614.248	457.074	633.443	675.327	430.009	661.375	585.009	415.343	614.879	623.616	-42.349	248.000	746.452	109.551	143.843	641.399	56.340	66.642	736.345	143.114	52.656	682.990	210.623	-5.500	680.427	245.781	43.047	775.140	260.408	112.008	724.829	264.326	45.411	622.249	335.657	110.682	656.867	428.613	170.785	679.640	418.921	126.330	591.533	402.104	182.008	635.510
409.458	563.666	660.117	469.152	620.071	534.722	381.357	539.046	620.160	416.567	228.436	662.265	457.627	180.010	589.592	388.563	262.183	619.636	544.093	455.986	696.353	514.359	396.383	726.603	549.046	341.931	697.622	373.602	599.172	456.188	345.514	608.430	531.099	237.340	627.074	483.150	255.487	614.170	418.775	79.921	622.071	400.341	89.263	483.202	395.258	181.424	620.793	329.579	122.263	609.387	289.033	197.865	598.342	206.356	242.376	607.077	246.677	416.774	521.903	86.692	360.347	567.487	105.129	333.232	475.022	98.002	212.594	597.500	34.261	200.455	504.666	37.200	358.795	182.668	488.399	328.926	192.511	557.405	218.948	169.710	510.893	237.723	161.720	454.300	102.892	160.048	410.497	80.019	290.672	386.191	184.927	153.941	309.204	123.523	186.894	272.443	192.988	201.968	191.521	242.911	177.076	220.039	415.665	250.718	79.078	351.886	211.194	100.834	321.150	305.359	104.962	208.301	189.184	34.553	190.577	265.184	36.867	343.508	394.458	792.399	42.073	401.192	836.195	172.095	491.776	818.514	178.211	312.961	820.024	-110.099	402.494	968.704	-218.489	378.900	861.565	-99.862	298.862	862.447	-130.205	495.098	868.988	-30.957	570.459	730.038	129.389	668.181	634.354	76.049	735.743	736.165	162.672	758.902	682.621	221.596	791.387	673.088	264.311	743.117	763.160	287.636	671.141	650.790	332.387	793.372	629.438	379.438	702.096	613.874	457.053	633.509	674.811	429.775	661.435	584.488	415.344	614.941	623.033	-42.395	248.098	745.973	109.342	143.810	640.887	56.180	66.762	735.976	142.889	52.654	682.572	210.439	-5.448	679.955	245.646	43.073	774.703	260.202	112.018	724.311	264.186	45.443	621.782	335.468	110.729	656.469	428.427	170.786	679.200	419.034	126.235	591.876	401.907	182.120	635.109
409.260	563.733	659.746	468.968	620.119	534.367	381.122	539.174	620.106	416.359	228.439	661.957	457.488	180.106	589.350	388.318	262.205	619.713	543.867	456.073	696.087	514.127	396.425	726.290	548.840	341.982	697.374	373.471	599.197	456.046	345.101	608.363	530.785	237.009	626.985	482.822	255.180	614.104	418.491	79.661	621.956	400.136	89.021	483.053	394.992	181.167	620.686	329.445	122.114	609.325	288.799	197.767	598.276	206.282	242.252	607.013	246.646	416.772	521.883	86.705	360.345	567.431	105.105	333.198	474.958	97.931	212.585	597.466	34.258	200.475	504.662	37.196	358.481	183.327	487.613	328.648	192.671	557.168	218.633	169.967	510.675	237.382	161.959	454.061	102.610	160.384	410.321	79.774	291.005	385.942	184.748	154.242	309.109	123.310	187.134	272.295	192.932	202.181	191.267	242.778	177.274	219.975	415.638	250.835	79.102	351.990	211.637	100.977	321.102	305.495	104.905	208.303	189.189	34.528	190.587	265.234	36.838	343.357	394.512	792.145	41.980	401.243	835.816	172.022	491.838	818.217	178.087	313.004	819.747	-109.724	402.567	968.547	-218.446	378.983	861.744	-99.774	298.923	862.269	-130.093	495.185	868.897	-30.946	570.504	729.741	129.379	668.262	634.105	76.112	735.753	736.022	162.724	758.967	682.411	221.601	791.427	672.920	264.384	743.067	762.878	287.608	671.231	650.485	332.367	793.459	629.167	379.378	702.231	613.524	457.028	633.583	674.391	429.699	661.450	583.916	415.261	615.047	622.609	-42.441	248.214	745.601	109.245	143.842	640.545	56.053	66.916	735.739	142.738	52.676	682.176	210.302	-5.417	679.522	245.542	43.132	774.323	259.985	112.037	723.896	263.958	45.485	621.580	335.310	110.781	656.150	428.336	170.826	678.854	418.864	126.275	591.557	401.747	182.163	634.789
408.914	563.941	659.517	468.732	620.141	534.046	380.887	539.302	620.052	416.133	228.465	661.697	457.306	180.152	589.189	388.073	262.227	619.789	543.648	456.133	695.884	513.877	396.485	726.025	548.624	342.035	697.156	373.472	599.243	455.879	344.794	608.297	530.691	236.701	626.935	482.599	254.923	613.997	418.306	79.420	621.847	399.944	88.821	482.932	394.713	180.958	620.539	329.218	121.784	609.189	288.715	197.664	598.183	206.142	242.101	606.921	246.611	416.746	521.814	86.708	360.306	567.366	105.125	333.179	474.898	97.909	212.595	597.481	34.256	200.473	504.631	37.149	358.166	183.478	487.435	328.399	192.841	556.782	218.296	170.213	510.463	237.015	162.198	453.804	102.325	160.692	410.113	79.973	291.214	385.564	184.496	154.526	309.048	123.109	187.452	272.130	192.801	202.425	191.191	241.533	176.013	219.360	415.613	250.952	79.102	351.929	211.776	100.984	321.050	305.612	104.813	208.303	189.208	34.528	190.583	265.267	36.809	343.184	394.596	791.923	41.900	401.273	835.579	171.954	491.919	818.011	177.948	313.082	819.503	-109.342	402.615	968.510	-218.361	379.062	862.010	-99.699	299.005	862.165	-129.967	495.273	868.942	-30.941	570.603	729.522	129.472	668.338	633.932	76.170	735.790	735.932	162.762	759.008	682.283	221.565	791.537	672.833	264.463	743.020	762.690	287.590	671.319	650.225	332.354	793.530	628.955	379.277	702.331	613.264	456.990	633.684	674.003	429.829	661.550	583.529	415.194	615.134	622.234	-42.517	248.228	745.265	109.117	143.928	640.212	55.946	67.050	735.603	142.512	52.696	681.828	210.146	-5.373	679.193	245.451	43.194	774.001	259.818	112.090	723.549	263.863	45.521	621.049	335.150	110.828	655.858	428.161	170.875	678.552	418.423	126.653	590.254	401.605	182.230	634.533
408.637	564.075	659.353	468.600	620.200	533.897	380.652	539.430	619.998	415.912	228.469	661.459	457.075	180.243	588.986	387.828	262.248	619.865	543.385	456.255	695.726	513.663	396.592	725.893	548.386	342.071	696.998	373.235	599.190	455.671	344.557	608.246	530.547	236.456	626.875	482.407	254.650	613.906	418.109	79.109	621.717	399.795	92.440	484.032	393.049	180.694	620.396	329.209	121.529	609.080	288.606	197.548	598.132	206.098	241.929	606.749	246.445	416.734	521.778	86.729	360.267	567.310	105.103	333.143	474.831	97.816	212.575	597.455	34.252	200.455	504.618	37.169	357.964	183.285	487.526	328.112	193.028	556.584	218.035	170.512	510.149	236.705	162.509	453.437	102.086	161.222	409.678	79.834	291.608	385.193	184.261	154.803	308.985	122.901	187.708	272.036	192.732	202.633	191.086	241.313	176.195	219.299	415.555	251.048	79.100	351.906	211.925	101.022	321.029	305.748	104.772	208.300	189.244	34.542	190.592	265.290	36.793	342.986	394.678	791.757	41.822	401.352	835.406	171.914	491.957	817.855	177.842	313.164	819.376	-108.910	402.717	968.580	-218.267	379.158	862.494	-99.618	299.067	862.219	-129.814	495.358	869.088	-30.913	570.702	729.382	129.492	668.424	633.876	76.228	735.801	735.957	162.806	759.071	682.246	221.546	791.625	672.832	264.515	742.973	762.560	287.548	671.409	650.026	332.324	793.611	628.778	379.160	702.415	613.067	456.979	633.776	673.589	429.760	661.681	583.234	415.021	615.286	622.032	-42.534	248.320	745.143	108.991	143.978	640.033	55.892	67.169	735.534	142.376	52.754	681.621	210.005	-5.320	678.985	245.363	43.270	773.718	259.683	112.146	723.250	263.705	45.568	620.761	335.040	110.898	655.568	428.017	170.919	678.246	418.176	126.796	590.024	401.481	182.247	634.300
408.330	564.194	659.233	468.463	620.279	533.740	380.417	539.558	619.943	415.662	228.464	661.276	456.855	180.338	588.776	387.582	262.270	619.942	543.229	456.444	695.652	513.424	396.664	725.746	548.140	342.093	696.869	373.047	599.235	455.585	344.355	608.167	530.416	236.142	626.775	482.195	254.313	613.752	417.915	78.803	621.566	399.613	92.331	483.904	392.618	180.460	620.263	329.122	121.314	608.946	288.506	197.425	598.059	206.017	241.789	606.636	246.364	416.703	521.736	86.754	360.247	567.247	105.129	333.113	474.756	97.752	212.577	597.444	34.213	200.432	504.620	37.164	357.634	183.381	487.355	327.805	193.195	556.447	217.716	170.780	509.904	236.389	162.826	453.205	101.712	161.569	409.540	79.708	291.936	384.967	184.024	155.101	308.938	122.719	188.015	271.871	192.590	202.855	191.021	241.155	176.410	219.208	415.555	251.180	79.149	351.852	212.106	101.041	320.975	305.894	104.705	208.297	189.244	34.537	190.582	265.319	36.799	342.814	394.778	791.630	41.780	401.417	835.377	171.875	492.015	817.818	177.739	313.241	819.331	-108.419	402.782	968.847	-218.153	379.291	863.019	-99.519	299.153	862.380	-129.650	495.463	869.356	-30.909	570.781	729.347	129.503	668.494	633.856	76.280	735.835	736.052	162.856	759.120	682.314	221.584	791.692	672.834	264.637	742.951	762.474	287.482	671.474	649.870	332.276	793.700	628.658	379.029	702.488	612.933	456.927	633.871	673.339	429.730	661.718	583.088	414.924	615.407	621.916	-42.599	248.409	745.086	108.882	144.025	639.926	55.839	67.301	735.554	142.221	52.802	681.523	209.873	-5.261	678.824	245.340	43.355	773.516	259.540	112.195	722.993	263.626	45.624	620.485	334.888	110.931	655.278	427.905	170.965	678.022	418.068	126.783	589.728	401.317	182.256	634.095
408.106	564.287	659.097	468.273	620.308	533.625	380.182	539.686	619.889	415.453	228.441	661.139	456.649	180.426	588.652	387.337	262.291	620.018	542.957	456.542	695.535	513.195	396.716	725.681	547.922	342.144	696.805	372.815	599.187	455.435	344.093	608.077	530.311	235.903	626.707	482.039	254.114	613.631	417.797	78.524	621.418	399.494	92.129	483.784	392.471	180.280	620.125	329.102	121.062	608.789	288.374	197.329	597.925	205.851	241.636	606.450	246.141	416.699	521.712	86.761	360.231	567.189	105.179	333.074	474.703	97.716	212.558	597.424	34.204	200.415	504.594	37.168	357.375	183.626	487.120	327.508	193.397	556.341	217.373	171.059	509.692	236.089	163.158	452.987	101.362	161.941	409.375	79.755	292.313	384.631	183.825	155.402	308.871	122.551	188.313	271.728	192.443	203.035	190.882	241.000	176.652	219.153	415.528	251.287	79.102	351.812	212.258	101.076	320.912	306.040	104.654	208.290	189.255	34.564	190.577	265.361	36.751	342.632	394.882	791.589	41.751	401.478	835.474	171.850	492.049	817.857	177.668	313.332	819.402	-107.865	402.844	969.201	-218.032	379.433	863.671	-99.407	299.230	862.641	-129.489	495.588	869.800	-30.877	570.846	729.410	129.520	668.572	633.963	76.336	735.850	736.255	162.894	759.168	682.403	221.531	791.775	672.993	264.737	742.919	762.490	287.449	671.546	649.839	332.239	793.784	628.686	378.894	702.562	612.851	456.888	633.941	673.110	429.582	661.777	582.789	414.707	615.571	621.762	-42.618	248.503	745.152	108.755	144.077	639.916	55.804	67.423	735.661	142.128	52.835	681.517	209.761	-5.190	678.697	245.329	43.436	773.349	259.445	112.276	722.796	263.490	45.707	620.321	334.787	110.958	654.969	427.809	171.002	677.801	418.216	126.515	590.400	401.153	182.300	633.903
407.916	564.337	659.038	468.153	620.403	533.545	379.947	539.814	619.835	415.233	228.407	661.057	456.381	180.518	588.464	387.092	262.313	620.095	542.734	456.612	695.504	512.992	396.770	725.632	547.669	342.186	696.768	372.663	599.203	455.327	343.986	608.019	530.203	235.623	626.604	481.898	253.862	613.517	417.648	78.198	621.284	399.218	91.880	483.626	392.364	180.166	619.933	329.118	120.922	608.724	288.272	197.221	597.811	205.718	241.484	606.327	246.124	416.653	521.655	86.736	360.197	567.125	105.180	333.040	474.658	97.689	212.546	597.399	34.191	200.427	504.579	37.174	356.970	184.240	486.663	327.245	193.622	556.173	216.969	171.313	509.563	235.898	163.483	452.770	101.084	162.292	409.192	79.473	292.665	384.348	183.602	155.735	308.807	122.373	188.588	271.591	192.307	203.274	190.946	240.865	176.924	219.117	415.513	251.362	79.151	351.585	212.106	100.855	320.860	306.168	104.562	208.282	189.264	34.524	190.554	265.376	36.744	342.489	395.003	791.589	41.755	401.533	835.655	171.841	492.089	817.944	177.580	313.403	819.535	-107.378	402.904	969.686	-217.954	379.532	864.510	-99.293	299.320	863.019	-129.284	495.714	870.415	-30.871	570.922	729.556	129.495	668.679	634.156	76.389	735.887	736.519	162.930	759.192	682.573	221.571	791.838	673.138	264.848	742.884	762.566	287.391	671.633	649.847	332.199	793.854	628.729	378.766	702.648	612.812	456.838	634.035	672.920	429.568	661.912	582.722	414.630	615.640	621.431	-42.679	248.538	745.312	108.638	144.155	639.989	55.786	67.540	735.760	142.068	52.939	681.527	209.691	-5.094	678.647	245.336	43.532	773.274	259.381	112.334	722.684	263.409	45.791	620.190	334.680	111.011	654.748	427.759	171.054	677.621	418.102	126.550	590.245	401.013	182.323	633.730
407.718	564.406	659.014	467.941	620.409	533.470	379.712	539.942	619.781	415.032	228.430	661.024	456.237	180.559	588.449	386.847	262.334	620.171	542.474	456.667	695.526	512.774	396.828	725.660	547.444	342.226	696.815	372.436	599.108	455.378	342.804	608.024	530.160	235.325	626.501	481.730	253.649	613.391	417.532	77.952	621.079	398.946	91.621	483.414	392.186	179.967	619.803	329.092	120.704	608.569	288.109	197.081	597.700	205.630	241.334	606.203	246.136	416.631	521.631	86.764	360.164	567.067	105.211	333.020	474.607	97.653	212.536	597.382	34.193	200.379	504.564	37.186	356.666	184.460	486.505	326.949	193.797	556.062	216.710	171.585	509.409	235.561	163.771	452.647	100.849	162.633	408.999	79.127	293.021	384.292	183.397	156.041	308.715	122.195	188.829	271.518	192.169	203.490	190.928	240.749	177.122	219.108	415.461	251.489	79.105	351.499	212.246	100.860	320.809	306.290	104.503	208.295	189.288	34.560	190.554	265.403	36.726	342.322	395.163	791.607	41.773	401.586	835.991	171.851	492.113	818.161	177.521	313.498	819.742	-106.912	402.946	970.228	-217.764	379.698	865.522	-99.196	299.415	863.458	-129.096	495.811	871.035	-30.820	570.998	729.867	129.485	668.758	634.445	76.407	735.981	736.817	162.958	759.245	682.968	221.576	791.891	673.466	264.994	742.851	762.759	287.329	671.705	649.926	332.116	793.930	628.877	378.651	702.748	612.811	456.793	634.100	672.793	429.348	661.981	582.632	414.492	615.770	621.353	-42.685	248.627	745.631	107.767	144.043	640.420	55.785	67.636	736.013	141.978	52.998	681.676	209.586	-5.009	678.681	245.377	43.627	773.242	259.354	112.431	722.628	263.239	45.858	620.130	334.593	111.050	654.617	427.690	171.109	677.479	417.999	126.640	590.055	400.869	182.340	633.603
407.489	564.498	659.069	467.763	620.463	533.438	379.477	540.070	619.727	414.826	228.410	661.022	455.940	180.690	588.309	386.601	262.356	620.247	542.239	456.735	695.584	512.569	396.870	725.717	547.213	342.278	696.880	372.230	599.087	455.349	342.572	607.961	530.072	235.010	626.399	481.589	253.325	613.258	417.404	77.713	620.927	398.930	87.442	481.961	393.544	179.758	619.555	328.808	120.606	608.422	287.855	196.976	597.588	205.549	241.209	606.104	246.074	416.604	521.615	86.790	360.101	567.028	105.227	332.979	474.549	97.596	212.549	597.378	34.170	200.425	504.581	37.124	356.322	184.628	486.440	326.691	193.980	555.965	216.390	171.828	509.287	235.160	164.006	452.597	100.593	162.987	408.880	79.128	293.446	383.996	183.159	156.337	308.665	121.979	189.137	271.383	192.057	203.718	190.839	241.713	178.964	219.791	415.411	251.575	79.113	351.456	212.389	100.899	320.750	306.432	104.403	208.299	189.300	34.529	190.544	265.439	36.734	342.179	395.301	791.728	41.766	401.642	836.400	171.860	492.152	818.409	177.467	313.591	819.989	-106.399	402.985	970.895	-217.615	379.835	866.571	-98.983	299.548	864.163	-128.823	495.908	871.836	-30.807	571.203	730.546	129.403	668.829	634.774	76.489	736.009	737.291	162.984	759.265	683.336	221.593	791.935	673.796	265.069	742.783	762.984	287.277	671.776	650.065	332.044	794.035	629.061	378.547	702.859	612.848	456.739	634.170	672.740	429.152	662.069	582.482	414.413	615.852	621.210	-42.710	248.666	746.030	107.620	144.164	640.675	55.837	67.746	736.366	141.939	53.124	681.858	209.530	-4.922	678.784	245.434	43.729	773.284	259.347	112.542	722.640	263.139	45.953	620.156	334.534	111.098	654.530	427.647	171.173	677.353	417.864	126.782	589.932	400.740	182.371	633.512
407.277	564.561	659.106	467.481	620.463	533.273	379.242	540.198	619.673	414.666	228.405	661.106	455.700	180.744	588.225	386.356	262.378	620.324	541.994	456.803	695.673	512.325	396.928	725.830	546.986	342.339	697.032	372.025	598.976	455.393	342.299	607.902	530.050	234.735	626.297	481.506	253.044	613.100	417.278	77.501	620.733	398.709	87.084	481.736	393.480	179.583	619.337	328.734	120.438	608.317	287.653	196.831	597.415	205.381	241.069	605.931	245.914	416.596	521.617	86.854	360.091	566.974	105.217	332.931	474.488	97.525	212.533	597.354	34.162	200.373	504.562	37.169	355.959	184.803	486.379	326.363	194.156	555.968	216.065	172.068	509.183	234.733	164.249	452.573	100.262	163.376	408.757	79.006	293.776	383.750	182.967	156.624	308.658	121.825	189.408	271.314	191.901	203.923	190.792	240.522	177.652	219.126	415.406	251.664	79.104	351.396	212.541	100.931	320.711	306.577	104.348	208.273	189.319	34.517	190.540	265.467	36.712	342.029	395.410	791.934	41.784	401.689	836.840	171.910	492.166	818.732	177.429	313.698	820.347	-105.786	403.064	971.761	-217.404	379.978	867.754	-98.776	299.661	864.978	-128.491	496.064	872.784	-30.799	571.325	731.087	129.345	668.897	635.223	76.595	736.032	737.864	162.942	759.305	683.880	221.365	792.036	674.407	265.218	742.741	763.295	287.209	671.838	650.290	331.968	794.121	629.345	378.460	702.981	612.923	456.674	634.235	672.702	428.962	662.161	582.392	414.231	615.972	621.199	-42.747	248.708	746.519	107.648	144.292	641.084	55.862	67.854	736.802	141.913	53.249	682.201	209.460	-4.804	678.931	245.532	43.828	773.375	259.328	112.629	722.706	262.973	46.014	620.258	334.479	111.156	654.531	427.591	171.255	677.261	417.746	126.873	589.806	400.617	182.373	633.484
407.076	564.612	659.221	467.325	620.521	533.372	379.007	540.327	619.619	414.423	228.379	660.994	455.472	180.840	588.181	386.111	262.399	620.400	541.744	456.852	695.847	512.113	396.969	726.006	546.731	342.407	697.205	371.829	598.942	455.475	342.000	607.871	529.995	234.410	626.203	481.427	252.728	612.979	417.116	77.244	620.551	398.562	86.888	481.515	393.329	179.346	619.170	328.689	120.359	608.164	287.438	196.707	597.287	205.342	240.939	605.857	246.003	416.559	521.587	86.871	360.085	566.922	105.236	332.911	474.452	97.489	212.531	597.350	34.144	200.344	504.566	37.177	355.650	184.993	486.353	326.018	194.314	556.003	215.742	172.330	509.094	234.496	164.565	452.437	100.008	163.722	408.641	78.703	294.052	383.706	182.781	156.909	308.636	121.619	189.692	271.233	191.984	204.075	190.526	241.502	179.085	220.004	415.348	251.749	79.122	351.359	212.666	100.954	320.618	306.702	104.278	208.276	189.331	34.510	190.542	265.502	36.681	341.908	395.539	792.164	41.797	401.751	837.390	171.945	492.210	819.266	177.378	313.804	820.800	-105.175	403.145	972.648	-217.218	380.166	869.189	-98.565	299.733	865.904	-128.234	496.217	873.903	-30.692	571.326	731.549	129.307	668.965	635.871	76.682	736.068	738.618	163.021	759.315	684.377	221.447	792.034	674.902	265.355	742.682	763.699	287.111	671.927	650.542	331.877	794.201	629.682	378.374	703.095	613.059	456.616	634.306	672.703	428.832	662.233	582.464	414.086	616.080	621.212	-42.749	248.747	747.121	107.536	144.428	641.483	55.964	67.963	737.302	141.768	53.251	682.894	209.402	-4.688	679.197	245.627	43.929	773.553	259.387	112.730	722.858	262.886	46.138	620.530	334.412	111.231	654.578	427.576	171.319	677.289	417.613	126.959	589.778	400.503	182.416	633.491
406.722	564.692	659.519	467.085	620.534	533.369	378.772	540.455	619.565	414.234	228.389	661.100	455.270	180.909	588.197	385.866	262.421	620.476	541.469	456.913	696.062	511.912	397.047	726.231	546.476	342.456	697.447	371.551	598.796	455.511	341.997	607.877	530.158	234.087	626.073	481.358	252.482	612.798	417.110	77.003	620.336	398.423	86.737	481.326	393.136	179.226	619.008	328.559	120.160	608.018	287.327	196.601	597.181	205.289	240.824	605.710	245.952	416.535	521.585	86.912	360.047	566.870	105.253	332.899	474.406	97.501	212.504	597.337	34.122	200.333	504.572	37.212	355.282	185.217	486.512	325.747	194.536	556.039	215.384	172.616	509.110	234.240	164.881	452.370	99.733	164.072	408.529	79.113	294.605	383.163	182.630	157.213	308.567	121.442	190.005	271.058	191.863	204.287	190.467	238.885	175.760	217.328	415.332	251.880	79.128	351.343	212.808	100.968	320.574	306.834	104.171	208.284	189.344	34.562	190.547	265.528	36.660	341.795	395.648	792.497	41.830	401.830	838.125	171.982	492.250	819.848	177.420	313.942	821.406	-104.549	403.235	973.780	-216.981	380.302	870.663	-98.493	299.855	866.804	-128.005	496.305	875.022	-30.654	571.399	732.311	129.370	669.049	636.550	76.727	736.067	739.401	163.056	759.326	685.043	221.445	792.049	675.491	265.494	742.599	764.115	287.012	671.969	650.879	331.779	794.274	630.079	378.278	703.198	613.273	456.526	634.371	672.790	428.685	662.335	582.552	413.960	616.169	621.217	-42.766	248.791	747.811	107.621	144.574	642.069	55.978	68.012	737.764	141.780	53.374	683.322	209.312	-4.563	679.532	245.746	44.031	773.822	259.443	112.842	723.047	262.794	46.241	620.746	334.375	111.289	654.646	427.700	171.602	677.325	417.431	127.021	589.785	400.387	182.413	633.512
406.361	564.749	659.829	466.856	620.559	533.431	378.537	540.583	619.511	414.078	228.380	661.299	455.033	180.944	588.221	385.620	262.442	620.553	541.288	456.953	696.360	511.684	397.032	726.424	546.241	342.503	697.681	371.432	598.716	455.610	342.034	607.883	530.181	233.742	625.980	481.271	252.139	612.673	417.096	76.735	620.140	398.259	86.612	481.178	392.954	179.070	618.833	328.494	120.005	607.870	287.192	196.494	597.075	205.232	240.681	605.641	246.001	416.503	521.569	86.939	359.988	566.850	105.310	332.852	474.360	97.465	212.496	597.323	34.094	200.288	504.564	37.245	355.054	185.508	486.454	325.452	194.747	556.107	215.031	172.845	509.074	233.980	165.187	452.321	99.403	164.274	408.558	78.742	295.019	383.046	182.465	157.512	308.522	121.315	190.322	270.916	191.795	204.483	190.401	238.832	175.901	217.306	415.297	251.984	79.130	351.291	212.920	100.998	320.553	306.972	104.096	208.258	189.364	34.493	190.513	265.538	36.663	341.649	395.771	792.894	41.907	401.894	839.034	172.030	492.291	820.517	177.441	314.037	822.082	-103.890	403.359	974.925	-216.759	380.519	872.351	-98.222	299.971	868.076	-127.595	496.467	876.375	-30.579	571.578	733.521	128.949	669.360	637.159	76.824	736.058	740.335	163.088	759.345	685.784	221.388	792.111	676.107	265.605	742.539	764.663	286.926	672.019	651.325	331.699	794.360	630.654	378.166	703.292	613.568	456.434	634.438	672.889	428.475	662.419	582.687	413.795	616.268	621.258	-42.709	248.823	748.806	107.562	144.671	642.652	55.925	67.980	738.477	141.821	53.569	683.859	209.303	-4.440	680.007	245.893	44.130	774.122	259.507	112.941	723.329	262.644	46.339	621.043	334.323	111.398	654.819	427.663	171.690	677.433	417.345	127.121	589.817	400.263	182.440	633.616
406.094	564.814	660.111	466.609	620.576	533.555	378.302	540.711	619.456	413.896	228.347	661.533	454.754	181.045	588.221	385.375	262.464	620.629	540.961	457.054	696.658	511.456	397.137	726.774	546.010	342.554	697.958	371.230	598.625	455.733	342.166	607.881	530.177	233.385	625.865	481.275	251.827	612.512	417.112	76.499	619.950	398.152	90.175	482.280	391.343	178.983	618.685	328.376	119.858	607.721	287.044	196.391	596.975	205.209	240.600	605.558	246.016	416.507	521.573	86.984	360.010	566.805	105.310	332.839	474.341	97.446	212.494	597.316	34.076	200.271	504.577	37.232	354.650	185.585	486.700	325.158	194.963	556.207	214.716	173.194	508.999	233.637	165.472	452.318	99.098	164.613	408.478	78.390	295.199	383.015	182.289	157.808	308.468	121.168	190.576	270.856	191.633	204.678	190.365	238.809	176.153	217.320	415.264	252.091	79.135	351.240	213.056	101.014	320.512	307.124	104.043	208.251	189.361	34.506	190.521	265.578	36.640	341.532	395.891	793.354	41.993	401.893	839.878	172.112	492.364	821.300	177.518	314.144	822.870	-103.226	403.417	976.244	-216.420	380.738	874.160	-97.969	300.156	869.365	-127.333	496.591	877.774	-30.476	571.603	734.309	129.071	669.212	637.917	76.945	736.094	741.357	163.107	759.306	686.589	221.273	792.184	676.972	265.725	742.440	765.341	286.783	672.038	651.869	331.535	794.408	631.230	378.033	703.376	613.946	456.320	634.492	673.072	428.289	662.531	583.022	413.576	616.379	621.507	-42.674	248.904	749.823	107.317	144.803	643.361	56.077	68.123	739.221	141.874	53.773	684.356	209.241	-4.317	680.446	246.047	44.215	774.494	259.440	113.079	723.700	262.480	46.408	621.205	334.269	111.454	655.045	427.655	171.712	677.650	417.165	127.203	589.956	400.129	182.443	633.742
405.824	564.875	660.435	466.350	620.569	533.673	378.067	540.839	619.402	413.712	228.318	661.820	454.453	181.114	588.355	385.130	262.485	620.706	540.669	457.076	697.028	511.266	397.219	727.207	545.734	342.558	698.320	370.862	598.518	455.953	341.868	607.812	530.334	233.015	625.760	481.314	251.442	612.380	417.087	76.260	619.779	398.044	90.091	482.134	391.215	178.895	618.556	328.268	119.659	607.536	286.895	196.309	596.861	205.167	240.520	605.471	246.170	416.484	521.555	87.011	359.966	566.770	105.320	332.838	474.307	97.442	212.488	597.307	34.074	200.233	504.580	37.293	354.503	185.434	487.100	324.804	195.173	556.334	214.308	173.455	509.010	233.245	165.734	452.328	98.832	164.965	408.382	78.344	295.442	382.781	182.130	158.103	308.432	121.045	190.830	270.681	191.492	204.888	190.365	241.036	179.408	219.577	415.226	252.181	79.156	351.177	213.147	101.085	320.439	307.243	103.985	208.266	189.367	34.550	190.526	265.587	36.622	341.440	395.991	793.958	42.082	401.978	840.907	172.182	492.376	822.068	177.509	314.216	823.627	-102.405	403.594	977.799	-216.224	380.855	876.086	-97.760	300.224	870.879	-126.924	496.772	879.412	-30.423	571.797	735.720	128.961	669.244	638.849	77.026	736.138	742.476	163.131	759.333	687.563	221.286	792.188	677.969	265.864	742.342	766.060	286.709	672.148	652.520	331.363	794.504	631.817	377.862	703.436	614.427	456.256	634.377	673.280	427.791	662.566	583.244	413.381	616.492	621.726	-42.709	248.938	750.854	107.308	144.985	644.217	56.098	68.173	739.938	141.901	53.980	684.931	209.201	-4.170	680.882	246.152	44.300	774.901	259.548	113.196	724.211	262.294	46.509	621.589	334.202	111.543	655.334	427.598	171.758	677.878	416.802	127.345	589.089	400.027	182.448	633.905
405.554	564.909	660.798	466.048	620.531	533.921	377.832	540.967	619.348	413.537	228.311	662.192	454.262	181.163	588.669	384.885	262.507	620.782	540.394	457.157	697.430	511.039	397.346	727.739	545.463	342.589	698.735	370.541	598.442	456.214	341.393	607.694	530.614	232.612	625.628	481.341	251.156	612.200	417.122	76.030	619.589	397.961	89.981	481.976	391.065	178.500	618.444	328.350	119.463	607.353	286.802	196.259	596.732	205.048	240.427	605.382	246.277	416.473	521.546	87.031	359.929	566.736	105.366	332.800	474.285	97.418	212.489	597.288	34.030	200.244	504.598	37.286	354.148	185.574	487.286	324.632	195.449	556.639	213.989	173.736	509.080	232.902	165.996	452.384	98.638	165.321	408.259	78.994	296.092	382.139	181.951	158.396	308.454	120.923	191.036	270.651	191.391	205.070	190.292	240.919	179.691	219.628	415.234	252.263	79.224	351.133	213.288	101.105	320.400	307.370	103.903	208.268	189.386	34.544	190.505	265.616	36.626	341.418	396.117	794.523	42.210	402.042	842.113	172.297	492.392	822.992	177.549	314.343	824.521	-101.739	403.686	979.250	-215.873	381.099	878.133	-97.557	300.347	872.381	-126.536	496.916	881.029	-30.346	571.824	736.801	129.109	669.339	639.897	77.123	736.125	743.738	163.096	759.364	688.649	221.403	792.213	678.831	266.096	742.290	766.844	286.569	672.222	653.124	331.213	794.592	632.499	377.675	703.506	614.980	456.134	634.533	673.586	427.503	662.701	583.580	412.153	616.823	623.338	-42.692	248.966	752.015	107.203	145.220	645.098	56.184	68.169	740.867	141.917	54.160	685.682	209.110	-4.033	681.441	246.289	44.375	775.406	259.643	113.283	724.701	262.058	46.623	622.212	334.129	111.638	655.727	427.590	171.677	678.007	416.699	127.365	589.194	400.319	181.923	633.323
405.304	564.969	661.131	465.786	620.469	534.329	377.597	541.095	619.294	413.367	228.291	662.636	454.056	181.213	588.970	384.639	262.529	620.858	540.108	457.225	697.926	510.835	397.401	728.264	545.168	342.624	699.210	370.172	598.310	456.398	341.659	607.681	530.793	232.242	625.497	481.441	250.881	612.032	417.192	75.820	619.365	397.800	89.811	481.798	390.954	178.270	618.290	328.355	119.262	607.186	286.812	196.167	596.636	205.043	240.275	605.176	246.108	416.454	521.557	87.094	359.939	566.688	105.430	332.798	474.259	97.426	212.481	597.289	34.012	200.230	504.608	37.289	353.804	185.728	487.486	324.360	195.687	556.896	213.635	173.976	509.144	232.637	166.292	452.403	98.359	165.668	408.191	78.585	296.454	382.065	181.799	158.705	308.460	120.816	191.350	270.494	191.308	205.275	190.220	240.802	179.955	219.634	415.215	252.346	79.238	351.109	213.404	101.135	320.366	307.489	103.849	208.274	189.392	34.558	190.494	265.634	36.608	341.372	396.221	795.207	42.344	402.078	843.353	172.387	492.441	823.996	177.638	314.426	825.542	-100.905	403.844	981.000	-215.538	381.232	880.271	-97.258	300.498	874.133	-126.143	497.091	882.861	-30.200	571.896	738.159	128.428	669.610	641.252	77.191	736.165	745.063	163.176	759.340	689.739	221.245	792.208	679.953	266.239	742.144	767.827	286.445	672.274	653.843	331.110	794.668	633.295	377.427	703.589	615.629	455.995	634.569	673.876	427.270	662.764	583.828	411.847	616.935	623.720	-42.757	248.817	753.496	107.141	145.410	646.160	56.194	68.191	741.836	141.841	54.190	686.784	209.003	-3.901	682.107	246.456	44.441	776.020	259.754	113.374	725.270	261.872	46.771	622.864	334.038	111.700	656.213	427.536	171.665	678.288	416.562	127.320	589.369	400.174	181.908	633.689
405.066	565.031	661.553	465.499	620.483	534.555	377.362	541.223	619.240	413.224	228.280	663.109	453.998	181.273	589.471	384.394	262.550	620.935	539.803	457.332	698.518	510.586	397.488	728.917	544.892	342.684	699.739	369.866	598.238	456.697	341.271	607.588	531.139	231.863	625.398	481.517	250.576	611.885	417.332	75.575	619.155	397.651	89.673	481.634	390.843	178.138	618.179	328.295	119.209	607.061	286.699	196.097	596.540	205.035	240.166	605.027	246.032	416.435	521.559	87.119	359.888	566.671	105.374	332.768	474.220	97.393	212.463	597.297	33.971	200.206	504.600	37.326	353.466	185.963	487.651	324.074	195.885	557.142	213.280	174.235	509.189	232.360	166.605	452.553	98.070	166.032	408.180	77.830	296.739	382.261	181.671	159.043	308.437	120.711	191.615	270.412	191.235	205.451	190.152	240.676	180.190	219.624	415.131	252.448	79.184	351.070	213.514	101.161	320.324	307.610	103.779	208.264	189.390	34.531	190.496	265.654	36.612	341.294	396.337	795.950	42.511	402.126	844.724	172.532	492.497	825.179	177.777	314.515	826.626	-100.064	404.004	982.838	-215.170	381.491	882.681	-96.999	300.629	875.941	-125.695	497.240	884.771	-30.081	572.007	739.736	128.212	669.679	642.483	77.333	736.211	746.476	163.215	759.328	690.950	221.169	792.245	681.070	266.385	742.016	768.801	286.306	672.294	654.651	330.932	794.739	634.302	377.118	703.680	616.381	455.855	634.600	674.213	427.047	662.905	584.233	411.644	617.023	624.035	-42.741	248.846	754.923	107.038	145.579	647.298	56.249	68.209	742.758	141.904	54.398	687.704	208.922	-3.802	682.799	246.619	44.462	776.706	259.838	113.430	725.918	261.675	46.915	623.526	333.956	111.747	656.718	427.489	171.660	678.721	416.335	127.478	589.780	400.012	181.852	634.038
404.813	565.108	662.086	465.307	620.523	535.014	377.127	541.351	619.186	413.042	228.266	663.648	453.598	181.371	589.861	384.149	262.572	621.011	539.539	457.359	699.216	510.343	397.592	729.529	544.626	342.745	700.280	369.539	598.132	457.029	341.117	607.508	531.340	231.496	625.280	481.629	250.311	611.737	417.516	75.356	618.947	397.603	90.062	481.381	390.372	177.856	618.026	328.248	119.111	606.921	286.679	196.013	596.481	205.023	240.030	604.890	246.032	416.407	521.532	87.144	359.854	566.644	105.407	332.761	474.205	97.373	212.473	597.299	33.984	200.187	504.629	37.364	353.060	186.110	488.056	323.682	196.043	557.379	212.875	174.488	509.331	232.104	166.907	452.660	97.867	166.396	408.100	77.901	297.137	382.057	181.499	159.344	308.456	120.570	191.865	270.350	191.152	205.630	190.122	240.539	180.342	219.664	415.115	252.537	79.204	351.044	213.606	101.192	320.292	307.699	103.769	208.253	189.415	34.512	190.497	265.681	36.588	341.203	396.433	796.732	42.686	402.165	846.202	172.685	492.515	826.330	177.681	314.664	827.465	-99.240	404.154	984.784	-214.760	381.744	885.236	-96.501	300.637	878.281	-125.225	497.427	886.895	-29.929	572.114	741.294	128.670	669.488	643.742	77.417	736.211	748.032	163.111	759.350	692.399	221.258	792.256	682.387	266.559	741.904	769.803	286.141	672.357	655.671	330.787	794.833	635.295	376.737	703.784	617.249	455.716	634.532	674.462	426.880	663.027	584.725	411.370	617.146	624.459	-42.729	248.839	756.540	107.007	145.788	648.489	56.311	68.219	743.980	141.844	54.515	688.713	208.891	-3.672	683.664	246.791	44.492	777.523	259.888	113.517	726.768	261.457	47.040	624.276	333.865	111.840	657.271	427.349	171.707	679.009	416.136	127.521	590.323	399.925	182.009	634.667
404.517	565.164	662.662	465.096	620.535	535.422	376.892	541.479	619.132	412.813	228.220	664.121	453.319	181.499	590.129	383.904	262.593	621.087	539.230	457.411	699.831	510.194	397.614	730.089	544.330	342.831	700.936	369.371	598.037	457.291	340.693	607.410	531.681	231.146	625.148	481.753	250.041	611.596	417.673	75.152	618.759	397.537	89.820	481.138	390.246	177.637	617.906	328.330	118.932	606.769	286.617	195.951	596.409	205.004	239.945	604.738	246.019	416.390	521.549	87.165	359.858	566.630	105.470	332.739	474.172	97.390	212.468	597.286	33.982	200.872	504.810	36.785	352.681	186.289	488.363	322.915	196.042	557.522	212.494	174.724	509.454	231.820	167.178	452.804	97.773	166.923	407.830	78.004	297.490	381.752	181.309	159.629	308.464	120.439	192.064	270.316	191.110	205.833	190.035	240.421	180.580	219.643	415.092	252.621	79.208	351.011	213.713	101.200	320.261	307.802	103.742	208.258	189.420	34.525	190.485	265.677	36.598	341.271	396.509	797.666	42.887	402.208	847.789	172.800	492.575	827.630	177.852	314.747	828.768	-98.295	404.359	986.901	-214.344	381.972	887.872	-96.145	300.735	880.418	-124.791	497.570	889.052	-29.742	572.149	742.907	127.939	669.798	645.426	77.544	736.268	749.687	163.230	759.319	693.687	221.111	792.304	683.793	266.707	741.777	771.007	286.009	672.425	656.604	330.565	794.935	636.354	376.293	703.919	618.219	455.528	634.625	674.918	426.508	663.199	585.515	412.142	617.040	623.530	-42.645	249.003	758.121	106.793	146.116	649.952	56.307	68.175	745.131	141.831	54.659	689.792	208.766	-3.573	684.683	246.912	44.536	778.360	259.950	113.655	727.718	261.287	47.168	625.005	333.765	111.878	657.859	427.177	171.659	679.101	415.939	127.609	590.817	399.304	182.602	635.994
404.250	565.225	663.305	464.809	620.558	535.869	376.657	541.607	619.078	412.606	228.212	664.790	453.122	181.535	590.725	383.658	262.615	621.164	538.892	457.474	700.451	509.983	397.677	730.723	544.026	342.886	701.649	368.946	597.932	457.731	340.412	607.323	532.031	230.775	625.044	481.910	249.788	611.407	417.837	74.929	618.549	397.421	89.678	480.974	390.118	177.392	617.788	328.500	118.855	606.628	286.545	195.870	596.315	204.993	239.816	604.590	245.980	416.361	521.532	87.177	359.835	566.580	105.496	332.720	474.164	97.375	212.450	597.282	33.925	200.979	504.863	36.702	352.365	186.439	488.741	322.474	196.190	557.864	212.125	174.941	509.568	231.442	167.447	453.034	97.615	167.277	407.690	78.028	297.834	381.571	181.202	159.899	308.431	120.316	192.327	270.222	191.034	205.980	189.998	240.300	180.732	219.622	415.071	252.658	79.224	350.995	213.842	101.194	320.232	307.876	103.696	208.249	189.413	34.530	190.480	265.701	36.579	341.244	396.622	798.606	43.051	402.243	849.416	173.022	492.637	829.255	177.984	314.870	830.103	-97.300	404.562	989.153	-213.884	382.163	890.687	-95.804	300.886	882.580	-124.254	497.740	891.384	-29.530	572.188	744.782	127.939	669.861	646.855	77.620	736.261	751.441	163.255	759.357	695.312	221.102	792.237	685.205	266.964	741.638	772.218	285.860	672.474	657.600	330.370	795.048	637.422	375.816	704.064	619.262	455.382	634.588	675.581	426.715	663.220	585.934	410.839	617.414	625.500	-42.658	248.983	759.943	106.727	146.309	651.314	56.378	68.185	746.461	141.855	54.825	691.022	208.694	-3.448	685.542	247.052	44.556	779.187	260.054	113.702	728.521	261.070	47.273	625.968	333.610	111.926	658.548	427.035	171.723	679.703	415.712	127.644	591.639	399.067	182.560	636.441
403.979	565.324	664.043	464.515	620.480	536.593	376.422	541.735	619.023	412.360	228.330	665.275	453.016	181.538	591.517	383.413	262.636	621.240	538.554	457.546	701.215	509.716	397.762	731.489	543.717	342.973	702.414	368.596	597.813	458.223	340.131	607.247	532.353	230.440	624.906	482.088	249.626	611.259	418.096	74.732	618.370	397.342	89.488	480.763	390.015	177.128	617.655	328.656	118.840	606.528	286.499	195.789	596.264	204.974	239.744	604.488	246.032	416.292	521.514	87.178	359.811	566.576	105.505	332.714	474.134	97.350	212.447	597.281	33.899	200.928	504.859	36.759	352.001	186.641	489.095	322.032	196.381	558.217	211.776	175.221	509.747	231.107	167.733	453.288	97.458	167.621	407.620	77.913	298.157	381.432	181.082	160.174	308.392	120.199	192.565	270.137	190.984	206.154	189.964	240.216	180.931	219.625	415.041	252.749	79.260	350.959	213.888	101.234	320.219	307.964	103.676	208.227	189.426	34.542	190.486	265.703	36.571	341.257	396.745	799.701	43.262	402.310	851.273	173.151	492.639	830.533	178.132	314.920	831.506	-96.408	404.742	991.418	-213.342	382.420	893.834	-95.428	301.031	885.078	-123.680	497.874	893.679	-29.401	571.984	746.340	128.037	669.618	648.540	77.753	736.303	753.291	163.166	759.336	696.981	221.273	792.020	686.900	267.042	741.425	773.591	285.681	672.496	658.913	330.162	795.139	638.804	375.357	704.202	620.350	455.182	634.652	676.139	425.863	663.446	586.561	411.479	617.347	624.778	-42.451	249.044	761.993	106.465	146.535	652.876	56.429	68.146	748.023	141.771	54.888	692.317	208.548	-3.376	686.586	247.192	44.544	780.173	260.078	113.761	729.527	260.763	47.373	626.937	333.465	111.984	659.391	426.900	171.759	680.295	415.556	127.604	591.973	398.788	182.532	637.076
403.707	565.419	664.855	464.117	620.436	536.971	376.187	541.863	618.969	412.183	228.326	666.010	452.712	181.727	592.008	383.168	262.658	621.317	538.203	457.665	702.024	509.434	397.869	732.184	543.395	343.030	703.179	368.270	597.654	458.709	339.394	607.142	532.853	230.012	624.800	482.310	249.349	611.118	418.418	74.532	618.183	397.258	88.817	480.619	390.233	176.865	617.533	328.746	121.305	607.622	285.100	195.732	596.188	204.982	239.651	604.361	246.024	416.255	521.506	87.180	359.792	566.565	105.529	332.682	474.118	97.348	212.457	597.307	33.864	200.868	504.831	36.803	351.536	187.221	489.335	321.539	196.548	558.710	211.325	175.485	509.916	230.681	167.990	453.570	97.272	167.950	407.585	77.621	298.503	381.482	180.956	160.393	308.379	120.072	192.826	270.082	190.876	206.310	189.952	240.124	181.096	219.590	415.095	252.749	79.312	350.941	213.971	101.239	320.174	308.035	103.587	208.234	189.434	34.535	190.476	265.725	36.574	341.238	396.838	800.722	43.516	402.311	853.183	173.401	492.712	832.311	178.322	315.011	833.087	-95.331	404.919	993.913	-212.854	382.611	896.923	-94.969	301.209	887.634	-123.065	498.090	896.356	-29.299	572.073	748.551	127.686	670.043	650.466	77.878	736.339	755.280	163.330	759.330	698.560	221.369	791.958	688.456	267.199	741.246	775.036	285.534	672.588	660.049	329.933	795.274	640.044	374.967	704.343	621.435	454.969	634.601	676.809	425.575	663.563	587.232	410.145	617.661	626.742	-42.413	248.986	764.130	106.395	146.694	654.539	56.418	68.131	749.442	141.735	55.060	693.643	208.458	-3.279	687.687	247.328	44.571	781.283	260.063	113.803	730.533	260.521	47.451	627.851	333.265	112.093	660.387	426.763	171.795	681.006	415.352	127.654	592.469	398.614	182.663	637.847
403.433	565.408	665.670	463.828	620.459	537.451	375.952	541.991	618.915	411.951	228.314	666.885	452.203	181.782	592.611	382.923	262.680	621.393	537.858	457.785	702.899	509.276	397.990	733.187	543.104	343.079	704.037	367.971	597.592	459.202	338.954	607.068	533.302	229.621	624.694	482.577	249.081	610.962	418.751	74.355	617.980	397.195	88.611	480.435	390.173	176.692	617.410	328.776	121.733	607.850	284.644	195.647	596.112	204.988	239.565	604.286	246.081	416.237	521.512	87.233	359.757	566.569	105.558	332.663	474.119	97.358	212.445	597.288	33.863	200.792	504.820	36.894	351.285	187.009	490.202	320.981	196.683	559.220	210.951	175.722	510.135	230.454	168.266	453.773	97.077	168.296	407.541	77.527	298.820	381.332	180.835	160.646	308.374	119.979	193.056	270.037	191.704	206.058	188.978	240.030	181.222	219.590	415.055	252.769	79.339	350.924	214.029	101.266	320.154	308.102	103.550	208.227	189.439	34.519	190.480	265.725	36.583	341.195	396.971	801.770	43.741	402.358	855.145	173.629	492.771	834.035	178.439	315.077	834.566	-94.284	405.170	996.458	-212.302	382.797	900.208	-94.772	301.605	890.008	-122.478	498.244	899.014	-29.277	572.137	750.685	127.419	670.026	652.227	77.953	736.386	757.232	163.166	759.303	700.472	221.213	791.985	690.219	267.362	741.084	776.589	285.385	672.666	661.397	329.694	795.374	641.487	374.615	704.476	622.555	454.748	634.618	677.450	425.147	663.794	588.335	409.825	617.756	627.490	-42.395	249.016	766.254	106.210	146.834	656.171	56.490	68.118	751.153	141.666	55.190	695.132	208.314	-3.191	688.924	247.445	44.584	782.445	260.071	113.861	731.716	260.198	47.546	629.061	333.055	112.135	661.336	426.593	171.854	681.776	415.054	127.698	593.304	398.427	182.700	638.605
403.133	565.513	666.577	463.606	620.404	538.385	375.717	542.120	618.861	411.769	228.318	667.737	452.211	181.737	593.738	382.678	262.701	621.469	537.484	457.855	703.783	508.984	398.109	733.914	542.740	343.142	705.020	367.637	597.488	459.816	338.691	607.047	533.751	229.251	624.582	482.885	248.861	610.849	419.162	74.152	617.802	397.109	88.403	480.234	390.137	176.443	617.249	328.890	121.336	607.698	284.749	195.573	596.053	204.986	239.475	604.200	246.083	416.230	521.514	87.268	359.749	566.584	105.579	332.652	474.108	97.337	212.441	597.299	33.856	200.672	504.812	37.021	350.892	187.214	490.732	320.510	196.848	559.635	210.469	175.872	510.522	230.234	168.544	453.996	96.875	168.630	407.531	77.238	299.097	381.311	180.730	160.883	308.417	119.838	193.268	270.014	191.700	206.186	188.917	239.931	181.381	219.593	415.054	252.812	79.349	350.872	214.079	101.314	320.122	308.152	103.498	208.219	189.421	34.542	190.468	265.720	36.570	341.222	397.181	802.895	44.049	402.407	857.217	173.876	492.810	835.830	178.666	315.169	836.320	-93.197	405.400	999.170	-211.718	382.968	903.556	-94.217	301.748	892.900	-121.948	498.426	901.756	-29.178	572.206	753.130	127.768	669.877	654.007	78.134	736.450	759.527	163.313	759.348	702.380	221.250	791.819	692.025	267.782	741.052	778.104	285.132	672.681	662.785	329.450	795.375	643.002	374.315	704.598	623.690	454.529	634.644	678.146	424.958	663.925	588.923	409.503	617.840	628.456	-42.288	249.004	768.618	105.925	146.995	658.043	56.512	68.095	752.983	141.552	55.269	696.625	208.193	-3.111	690.287	247.594	44.585	783.675	260.045	113.907	732.805	259.960	47.644	630.062	332.825	112.187	662.325	426.367	171.959	682.589	414.723	127.878	594.204	398.140	182.681	639.484
402.823	565.639	667.568	464.023	621.253	539.732	375.482	542.248	618.807	411.498	228.373	668.642	451.859	181.823	594.259	382.432	262.723	621.546	537.142	457.927	704.813	508.764	398.204	735.068	542.412	343.252	705.996	367.296	597.412	460.472	338.086	606.990	534.370	228.765	624.459	483.192	248.641	610.684	419.552	73.932	617.658	396.933	88.154	480.031	390.163	176.217	617.127	329.225	121.284	607.567	284.724	195.526	595.976	204.991	239.393	604.095	246.098	416.234	521.534	87.255	359.723	566.578	105.577	332.632	474.115	97.368	212.436	597.298	33.841	200.565	504.788	37.127	350.595	187.498	491.229	319.970	196.981	560.134	210.032	176.095	510.798	229.996	168.800	454.278	96.663	169.016	407.497	77.223	299.379	381.224	180.589	161.100	308.469	119.740	193.489	269.992	191.611	206.335	188.936	240.629	182.078	221.011	415.040	252.863	79.376	350.833	214.146	101.331	320.098	308.208	103.484	208.214	189.422	34.483	190.470	265.737	36.562	341.194	397.274	804.175	44.371	402.381	859.472	174.117	492.827	837.686	178.863	315.170	837.995	-91.981	405.650	1002.126	-211.049	383.216	907.062	-93.750	301.900	895.804	-121.267	498.606	904.548	-29.190	572.284	755.515	127.190	670.188	656.242	78.276	736.480	761.736	163.195	759.318	704.498	221.217	791.839	693.865	267.855	740.826	779.828	284.982	672.783	664.174	329.161	795.482	644.454	373.983	704.715	624.933	454.247	634.677	679.018	424.399	664.117	589.874	409.109	618.043	629.570	-42.257	248.985	770.963	105.723	147.111	659.909	56.534	68.100	754.829	141.409	55.351	698.388	208.046	-3.007	691.648	247.676	44.615	784.898	260.001	113.965	734.068	259.647	47.737	631.399	332.651	112.190	663.537	426.193	171.998	683.391	414.483	127.825	594.957	397.873	182.681	640.193
402.569	565.803	668.693	462.868	620.392	539.557	375.247	542.376	618.753	411.309	228.392	669.716	451.631	181.901	595.167	382.187	262.744	621.622	536.811	458.009	705.899	508.519	398.373	736.152	542.063	343.335	707.002	367.028	597.285	461.142	337.977	606.985	534.820	228.445	624.356	483.485	248.424	610.572	419.889	73.739	617.437	397.033	87.947	479.855	390.138	176.044	617.005	329.263	120.908	607.319	284.908	195.451	595.939	205.040	239.340	603.952	245.952	416.208	521.530	87.283	359.719	566.583	105.639	332.626	474.115	97.353	212.431	597.305	33.829	200.475	504.806	37.217	350.107	188.015	491.516	319.472	197.149	560.653	209.615	176.319	511.063	229.683	169.060	454.680	96.486	169.389	407.513	77.046	299.665	381.050	180.498	161.368	308.453	119.648	193.700	269.946	191.598	206.458	188.880	240.577	182.210	221.068	415.016	252.893	79.374	350.815	214.195	101.362	320.077	308.255	103.425	208.204	189.423	34.543	190.454	265.731	36.566	341.250	397.430	805.484	44.693	402.376	861.840	174.406	492.832	839.584	179.126	315.209	839.917	-90.820	405.884	1005.029	-210.360	383.418	910.768	-92.964	301.760	899.139	-120.568	498.748	907.591	-29.055	572.370	758.207	126.975	670.215	658.261	78.465	736.471	764.186	163.314	759.270	706.473	221.180	791.817	695.894	268.053	740.630	781.638	284.772	672.760	665.893	328.906	795.570	646.120	373.660	704.838	626.230	454.008	634.683	679.866	424.085	664.318	590.945	409.049	617.909	629.918	-42.164	248.991	773.556	103.615	146.649	662.770	56.500	68.109	756.922	141.248	55.450	700.062	207.905	-2.951	693.029	247.879	44.647	786.358	259.944	114.040	735.396	259.356	47.784	632.655	332.393	112.221	664.806	426.004	172.041	684.277	414.179	127.825	595.957	397.698	182.893	641.190
402.191	565.950	669.808	461.408	621.091	539.060	375.012	542.504	618.699	411.091	228.404	670.771	451.274	181.935	596.233	381.942	262.766	621.698	536.435	458.147	706.984	508.261	398.503	737.092	541.679	343.442	708.138	366.722	597.285	461.754	338.009	607.009	535.211	228.076	624.260	483.880	248.114	610.452	420.219	73.559	617.277	396.988	87.838	479.714	390.143	175.826	616.875	329.372	120.638	607.110	284.989	195.397	595.875	205.027	239.275	603.920	246.146	416.198	521.553	87.294	359.714	566.596	105.645	332.621	474.116	97.362	212.435	597.335	33.791	200.302	504.801	37.354	349.786	187.817	492.572	318.221	196.876	560.999	209.215	176.646	511.394	229.348	169.292	455.070	96.322	169.723	407.551	77.236	300.004	380.776	180.318	161.588	308.509	119.575	193.883	269.917	191.599	206.581	188.853	240.493	182.391	221.059	415.010	252.932	79.395	350.784	214.249	101.356	320.070	308.312	103.418	208.205	189.410	34.526	190.460	265.735	36.550	341.261	397.524	806.894	45.017	402.367	864.245	174.655	492.839	841.536	179.353	315.207	841.721	-89.526	406.173	1008.073	-209.680	383.594	914.591	-92.582	302.145	902.128	-119.889	498.908	910.730	-28.999	572.404	760.800	126.848	670.327	660.608	78.667	736.463	766.574	163.331	759.248	708.679	220.977	792.130	697.618	268.292	740.469	783.453	284.016	673.411	666.043	328.598	795.714	647.677	373.254	704.968	627.664	453.741	634.688	680.909	423.742	664.518	591.925	408.635	617.997	631.227	-42.126	248.948	776.202	103.235	146.687	664.859	56.545	68.111	759.071	141.098	55.529	701.973	207.751	-2.806	694.737	247.989	44.715	787.821	259.895	114.126	736.744	259.049	47.892	634.104	332.193	112.169	666.087	425.723	172.079	684.901	413.854	127.911	597.017	397.411	182.800	642.148
401.993	566.224	671.283	460.933	621.190	539.565	374.777	542.632	618.645	410.849	228.460	672.001	450.758	182.068	596.732	381.697	262.787	621.775	536.042	458.272	707.986	508.001	398.652	738.293	541.315	343.510	709.282	366.252	597.207	462.446	337.120	606.892	535.983	227.627	624.143	484.252	247.836	610.342	420.633	73.379	617.133	396.961	87.732	479.563	390.051	175.636	616.710	329.476	120.200	606.876	285.209	195.356	595.819	205.043	239.214	603.845	246.182	416.197	521.577	87.327	359.675	566.597	105.676	332.588	474.134	97.360	212.415	597.320	33.771	200.191	504.800	37.469	349.402	188.027	493.233	317.625	197.096	561.630	208.815	176.879	511.686	228.948	169.470	455.513	96.227	170.017	407.507	77.214	300.327	380.616	180.029	161.699	308.721	119.479	194.030	270.079	191.533	206.711	188.854	240.447	182.522	221.100	414.993	252.951	79.420	350.797	214.291	101.402	320.049	308.364	103.402	208.200	189.413	34.512	190.455	265.739	36.533	341.273	397.645	808.354	45.364	402.384	866.727	175.008	492.932	843.769	179.685	315.201	844.028	-88.308	406.403	1011.237	-208.971	383.762	918.511	-91.720	302.004	905.693	-119.198	499.050	914.014	-28.950	572.511	763.659	126.521	670.278	662.828	78.838	736.443	769.172	163.352	759.215	710.925	220.958	791.829	700.202	268.562	740.269	785.421	283.858	673.451	667.895	328.312	795.819	649.563	372.845	705.110	629.150	453.491	634.659	681.887	422.910	664.739	592.888	408.364	617.947	632.372	-42.035	248.959	779.015	103.099	146.859	667.006	56.550	68.123	761.321	140.870	55.607	703.853	207.539	-2.710	696.343	248.129	44.796	789.273	259.808	114.204	738.206	258.744	47.961	635.412	331.941	112.175	667.465	425.499	172.209	685.919	413.555	128.012	597.861	397.158	183.011	643.283
401.701	566.432	672.570	460.845	621.277	540.611	374.542	542.760	618.591	410.571	228.510	673.045	450.967	181.910	598.326	381.451	262.809	621.851	535.595	458.421	709.136	507.741	398.788	739.475	540.940	343.616	710.483	365.892	597.176	463.213	336.513	606.848	536.756	227.179	624.036	484.674	247.554	610.240	421.129	73.238	616.989	396.914	88.439	478.998	389.055	175.572	616.488	329.354	119.750	606.626	285.439	195.325	595.790	205.062	239.165	603.764	246.272	416.177	521.620	87.370	359.676	566.611	105.718	332.586	474.150	97.377	212.428	597.345	33.763	200.107	504.804	37.569	349.007	188.148	494.036	317.219	197.335	562.305	208.341	177.146	512.052	228.545	169.716	455.997	96.067	170.328	407.551	77.005	300.612	380.607	179.925	161.921	308.762	119.399	194.214	269.922	191.506	206.831	188.881	239.635	182.139	219.766	415.075	252.857	79.560	350.746	214.410	101.392	320.059	308.412	103.358	208.180	189.405	34.538	190.475	265.749	36.533	341.334	397.763	809.870	45.776	402.401	869.375	175.319	492.951	845.970	179.972	315.199	846.155	-86.942	406.701	1014.515	-208.251	383.992	922.615	-91.025	302.156	909.235	-118.442	499.184	917.353	-28.833	572.531	766.640	126.564	670.411	665.405	78.941	736.488	771.713	163.454	759.136	713.241	220.877	792.086	702.038	268.801	740.121	787.411	284.104	673.110	670.828	328.031	795.912	651.427	372.399	705.260	630.727	453.189	634.666	683.147	422.997	664.921	594.148	407.745	618.190	634.739	-41.925	248.927	781.884	102.803	146.988	669.294	56.569	68.193	763.726	140.685	55.732	705.856	207.359	-2.643	697.960	248.299	44.911	790.999	259.730	114.318	739.699	258.399	48.036	637.025	331.721	112.201	669.013	425.251	172.240	686.964	413.861	126.694	601.755	397.244	182.918	644.755
401.389	566.550	673.708	460.977	621.333	542.171	374.307	542.888	618.536	410.264	228.680	674.698	450.237	182.138	598.951	381.206	262.831	621.928	535.269	458.509	710.516	507.464	398.941	740.752	540.582	343.750	711.787	365.559	597.123	463.949	336.189	606.824	537.404	226.776	623.944	485.081	247.220	610.125	421.646	73.066	616.856	396.931	88.369	478.897	389.041	175.368	616.362	329.516	119.179	606.374	285.690	195.294	595.741	205.102	239.165	603.763	246.383	416.175	521.652	87.413	359.654	566.646	105.741	332.575	474.153	97.402	212.413	597.338	33.746	200.018	504.806	37.636	348.628	188.376	494.723	316.657	197.581	563.053	207.821	177.372	512.509	228.222	169.969	456.526	95.994	170.606	407.520	76.922	300.903	380.521	179.864	162.141	308.742	119.323	194.452	270.009	191.490	206.955	188.852	239.617	182.316	219.791	414.985	252.989	79.453	350.749	214.402	101.421	320.045	308.443	103.311	208.189	189.401	34.546	190.475	265.747	36.531	341.333	397.875	811.495	46.194	402.430	872.160	175.640	492.963	848.246	180.249	315.154	848.321	-85.552	406.977	1017.995	-207.455	384.108	926.824	-90.569	301.833	913.129	-117.618	499.346	920.892	-28.718	572.599	769.519	125.453	670.794	667.825	79.123	736.510	774.400	163.331	759.376	716.454	220.748	792.139	704.380	269.103	739.966	789.567	283.319	673.599	671.318	327.692	796.029	653.315	371.969	705.413	632.320	452.889	634.678	684.338	421.968	665.158	595.249	407.321	618.509	633.307	-41.875	248.918	784.888	102.479	147.058	671.585	56.600	68.225	766.269	140.411	55.775	708.033	207.199	-2.449	699.964	248.401	45.004	792.540	259.640	114.437	741.256	258.041	48.120	638.660	331.502	112.133	670.551	425.028	172.366	688.090	412.844	127.952	600.391	396.601	182.908	645.308
400.987	566.664	674.916	461.073	621.340	543.541	374.072	543.016	618.482	410.091	228.587	675.760	450.238	182.134	600.415	380.961	262.852	622.004	534.826	458.649	711.728	507.224	399.103	742.044	540.186	343.829	713.065	365.099	597.029	464.810	336.808	607.045	537.483	226.420	623.883	485.525	247.049	610.020	422.122	72.922	616.719	396.918	88.171	478.937	389.244	175.323	616.223	329.592	118.645	606.141	285.952	195.263	595.719	205.146	239.116	603.689	246.485	416.167	521.674	87.422	359.644	566.668	105.752	332.549	474.172	97.417	212.404	597.357	33.666	199.990	504.824	37.691	348.224	188.586	495.452	315.838	197.689	564.024	207.361	177.565	512.909	227.959	170.235	456.929	95.865	170.889	407.515	76.802	301.226	380.475	179.793	162.355	308.771	119.300	194.601	270.013	191.493	207.061	188.821	239.602	182.462	219.833	414.987	252.985	79.450	350.741	214.443	101.456	320.000	308.477	103.316	208.176	189.385	34.560	190.480	265.744	36.542	341.396	397.982	813.150	46.600	402.458	875.010	175.952	493.023	850.593	180.551	315.128	850.555	-84.146	407.233	1021.480	-206.612	384.308	931.227	-89.851	301.806	916.885	-116.825	499.497	924.505	-28.638	572.695	772.766	125.999	671.244	670.426	79.280	736.497	777.213	163.398	759.315	718.956	220.785	791.808	707.230	269.374	739.781	791.655	283.118	673.712	673.226	327.464	796.335	655.334	371.504	705.584	633.995	452.571	634.715	685.588	422.009	665.408	596.566	406.864	618.696	634.375	-41.802	248.909	788.112	102.098	147.239	674.183	56.629	68.264	768.894	140.148	55.866	710.296	207.010	-2.367	701.720	248.592	45.179	794.419	259.605	114.583	742.882	257.688	48.162	640.283	331.239	112.037	672.092	424.745	172.479	689.513	412.377	128.539	602.049	396.634	182.978	646.337
400.457	566.520	675.496	460.951	621.202	544.888	373.836	543.144	618.428	409.766	228.590	677.099	449.811	182.199	601.355	380.716	262.874	622.080	534.309	458.770	712.795	506.913	399.276	743.603	539.760	343.937	714.441	364.822	596.944	465.632	336.175	607.016	538.263	226.023	623.784	486.025	246.684	609.921	422.674	72.804	616.577	396.872	87.926	479.008	389.507	175.273	616.102	329.699	118.158	605.985	286.183	195.250	595.678	205.150	239.133	603.633	246.586	416.145	521.713	87.478	359.625	566.703	105.799	332.538	474.187	97.438	212.380	597.387	33.639	199.951	504.856	37.721	347.837	188.732	496.341	315.362	197.936	564.808	206.912	177.795	513.304	227.695	170.506	457.361	95.709	171.227	407.559	76.648	301.511	380.436	179.746	162.555	308.860	119.213	194.775	269.977	191.470	207.174	188.827	239.542	182.575	219.925	415.054	252.882	79.579	350.715	214.535	101.462	320.023	308.505	103.271	208.177	189.378	34.538	190.481	265.744	36.540	341.451	398.101	814.947	47.045	402.479	877.923	175.979	493.038	852.704	180.852	315.108	852.944	-82.733	407.366	1025.038	-205.745	384.431	935.692	-89.131	301.874	920.711	-115.981	499.608	928.241	-28.519	572.741	776.040	125.957	671.309	672.974	79.388	736.473	780.045	163.554	759.256	721.505	220.746	791.982	709.632	269.683	739.626	793.971	282.895	673.717	675.221	327.063	796.478	657.316	371.048	705.744	635.706	452.276	634.594	686.657	421.154	665.651	597.756	406.471	618.835	635.349	-41.765	248.906	791.267	101.611	147.220	676.617	56.714	68.293	771.708	139.880	55.920	712.643	206.832	-2.142	703.805	248.778	45.301	796.266	259.518	114.683	744.608	257.361	48.222	642.201	330.995	112.079	673.962	424.368	172.419	690.341	411.948	128.751	603.602	396.336	182.861	647.421
400.121	566.607	676.991	460.940	621.168	546.351	373.601	543.272	618.374	409.529	228.611	678.630	449.654	182.253	602.787	380.470	262.895	622.157	533.871	458.770	714.202	506.674	399.428	745.024	539.390	344.071	715.891	364.466	596.888	466.615	335.505	607.008	539.117	224.993	624.103	487.070	246.421	609.822	423.202	72.642	616.411	396.830	87.699	479.087	389.792	175.294	615.951	329.690	117.484	605.622	286.414	195.240	595.661	205.176	239.084	603.531	246.661	416.136	521.730	87.486	359.603	566.721	105.810	332.527	474.211	97.440	212.381	597.405	33.612	199.933	504.833	37.737	347.390	188.942	497.397	315.124	198.261	565.545	206.406	177.899	513.771	227.423	170.739	457.863	95.560	171.535	407.585	76.707	301.810	380.318	179.697	162.770	308.881	119.189	194.914	270.002	191.420	207.301	188.852	239.505	182.758	219.946	415.062	252.868	79.595	350.704	214.574	101.438	320.043	308.549	103.241	208.177	189.378	34.500	190.455	265.724	36.542	341.492	398.212	816.744	47.498	402.465	880.993	176.372	493.025	855.225	181.177	315.077	855.406	-81.207	407.587	1028.842	-204.836	384.600	940.301	-88.311	301.913	924.741	-115.080	499.710	932.191	-28.382	572.784	779.381	125.548	671.325	675.857	79.722	736.435	783.202	163.855	759.038	723.367	220.545	791.974	712.066	269.938	739.461	796.168	282.692	673.772	677.343	326.760	796.602	659.535	370.576	705.908	637.485	451.999	634.554	688.055	420.452	665.942	599.328	405.996	619.023	636.661	-41.647	248.939	794.642	101.303	147.359	679.348	56.709	68.301	774.673	139.707	56.073	714.992	206.628	-1.990	705.883	248.959	45.495	798.142	259.477	114.880	746.394	256.992	48.295	643.976	330.670	111.893	675.524	424.094	172.499	691.556	411.587	128.793	604.997	395.982	183.086	648.934
399.799	566.788	678.313	460.095	621.314	546.986	373.366	543.400	618.320	409.324	228.716	680.140	449.213	182.329	603.910	380.225	262.917	622.233	533.394	458.872	715.503	506.371	399.594	746.453	538.955	344.202	717.342	363.958	596.792	467.578	332.407	607.199	540.443	225.029	623.642	487.074	246.202	609.703	423.908	72.477	616.275	396.873	87.674	479.077	389.911	175.329	615.797	329.629	116.948	605.376	286.687	195.230	595.646	205.216	239.083	603.505	246.755	416.126	521.778	87.520	359.625	566.759	105.857	332.514	474.232	97.460	212.377	597.425	33.585	199.925	504.858	37.726	346.983	189.093	498.177	314.609	198.450	566.390	205.930	178.206	514.278	227.348	171.133	458.360	95.435	171.824	407.619	76.293	302.039	380.524	179.670	162.978	308.931	119.139	195.099	269.978	191.383	207.395	188.873	239.490	182.908	220.006	415.063	252.855	79.607	350.693	214.589	101.460	320.021	308.575	103.221	208.178	189.355	34.541	190.489	265.733	36.550	341.566	398.324	818.656	48.011	402.427	884.123	176.736	492.995	857.640	181.471	315.048	857.945	-79.624	407.817	1032.684	-203.864	384.731	945.027	-87.579	301.997	928.812	-114.194	499.811	936.219	-28.263	572.893	782.965	124.527	670.991	679.147	79.877	736.438	786.192	163.910	758.954	726.184	220.474	791.903	714.834	270.218	739.268	798.596	282.435	673.873	679.483	326.378	796.686	661.690	370.115	706.071	639.305	451.659	634.543	689.364	420.463	666.184	600.462	405.555	619.178	637.892	-41.524	248.953	798.150	100.799	147.405	682.036	56.901	68.452	777.674	139.356	56.084	717.639	206.464	-1.793	708.095	249.174	45.675	800.182	259.695	115.357	748.858	256.612	48.361	645.858	330.442	111.953	677.387	423.834	172.674	692.945	411.244	128.844	606.717	395.667	183.138	650.136
399.391	566.930	679.721	459.844	621.328	548.185	373.131	543.528	618.266	408.967	228.706	681.642	448.948	182.379	605.209	379.980	262.939	622.309	533.066	459.173	717.134	506.093	399.706	748.162	538.565	344.344	718.883	363.565	596.776	468.424	332.221	607.322	540.969	224.685	623.544	487.156	246.087	609.633	424.490	72.322	616.141	396.946	87.719	479.193	390.053	175.411	615.616	329.576	116.421	605.127	286.931	195.196	595.636	205.260	239.040	603.389	246.751	416.114	521.813	87.560	359.607	566.788	105.899	332.515	474.264	97.485	212.370	597.439	33.582	199.932	504.884	37.779	346.569	189.255	499.116	314.004	198.636	567.338	205.499	178.401	514.749	227.063	171.356	458.913	95.279	172.161	407.677	76.374	302.337	380.399	179.620	163.165	308.976	119.091	195.281	269.996	191.365	207.490	188.872	239.493	183.047	220.087	415.076	252.871	79.570	350.709	214.638	101.469	320.005	308.611	103.209	208.181	189.357	34.552	190.493	265.715	36.540	341.650	398.440	820.562	48.661	402.359	887.546	177.177	492.919	860.452	181.794	315.006	860.530	-78.036	408.042	1036.646	-202.886	384.814	949.877	-86.691	301.876	933.059	-113.217	499.937	940.415	-28.129	572.933	786.434	124.417	670.909	681.982	80.039	736.396	789.308	164.021	758.911	729.127	220.453	791.640	717.558	270.470	739.080	800.963	282.211	673.902	681.535	326.024	796.791	663.999	369.659	706.234	641.195	451.351	634.525	690.558	419.552	666.449	602.134	405.230	619.307	639.083	-41.425	248.972	801.762	100.358	147.493	684.957	56.992	68.507	780.758	139.070	56.169	720.178	206.269	-1.626	710.335	249.354	45.889	802.239	259.684	115.585	750.767	256.337	48.474	648.002	330.225	112.298	679.552	423.540	172.775	694.356	410.912	128.825	608.101	395.342	183.268	651.752
399.056	567.090	681.335	459.449	621.266	549.446	372.896	543.656	618.212	408.735	228.724	683.387	449.011	182.317	606.959	379.735	262.960	622.386	532.496	459.142	718.395	505.822	399.866	749.855	538.138	344.472	720.491	363.084	596.680	469.479	331.881	607.327	541.901	224.249	623.500	487.764	245.763	609.545	425.113	72.194	616.022	396.960	87.790	479.281	390.156	175.498	615.367	329.414	116.090	605.021	287.099	195.205	595.620	205.306	239.064	603.322	246.867	416.093	521.869	87.584	359.589	566.833	105.922	332.505	474.297	97.525	212.362	597.465	33.554	199.919	504.895	37.800	346.446	189.394	499.820	313.406	198.790	568.128	204.932	178.528	515.351	226.740	171.617	459.519	95.186	172.456	407.721	76.331	302.581	380.352	179.585	163.391	308.994	119.093	195.418	269.960	191.370	207.588	188.893	239.471	183.178	220.105	415.105	252.863	79.564	350.713	214.650	101.491	320.053	308.622	103.157	208.178	189.343	34.528	190.501	265.704	36.552	341.683	398.530	822.575	49.154	402.331	890.827	177.616	492.896	863.193	182.085	314.976	863.202	-76.391	408.149	1040.735	-201.850	384.935	954.878	-85.814	301.896	937.335	-112.305	500.008	944.687	-27.564	572.933	790.495	124.115	670.872	685.188	80.227	736.333	792.573	163.988	758.789	731.939	220.344	791.804	720.265	270.549	738.926	803.406	281.953	673.964	683.774	325.701	796.921	666.296	369.223	706.386	643.133	451.036	634.841	691.457	419.366	666.648	603.369	404.638	619.548	640.535	-41.342	248.992	805.432	99.919	147.552	687.919	57.129	68.562	783.968	137.988	55.742	722.814	206.067	-1.438	712.626	249.612	46.087	804.404	259.861	115.801	753.106	255.908	48.543	650.136	329.906	113.414	679.838	423.313	172.894	695.699	410.554	128.894	609.869	394.925	183.368	653.092
398.668	567.231	682.905	459.175	621.212	550.737	372.661	543.784	618.158	408.481	228.765	684.994	448.335	182.468	608.023	379.489	262.982	622.462	532.055	459.347	720.075	505.521	400.002	751.397	537.703	344.599	722.094	362.713	596.633	470.480	332.939	606.993	542.866	223.367	623.885	488.999	245.423	609.463	425.797	72.068	615.898	397.028	87.991	479.311	390.145	175.533	615.227	329.602	115.683	604.858	287.350	195.203	595.596	205.356	239.052	603.261	246.945	416.088	521.889	87.606	359.571	566.887	105.965	332.498	474.333	97.555	212.370	597.482	33.544	199.927	504.927	37.777	345.619	189.583	501.171	312.713	198.923	569.012	202.996	177.969	516.471	226.407	171.854	460.073	95.052	172.784	407.815	76.315	302.839	380.267	179.515	163.592	309.036	119.067	195.580	269.943	191.351	207.665	188.908	239.441	183.305	220.148	415.112	252.843	79.544	350.714	214.665	101.496	320.038	308.643	103.128	208.167	189.331	34.490	190.522	265.700	36.540	341.804	398.634	824.704	49.566	402.284	894.004	178.012	492.899	866.104	182.417	314.941	866.014	-74.722	408.301	1044.971	-200.810	385.044	960.055	-84.925	301.992	941.730	-111.264	500.097	949.177	-27.342	572.919	794.199	124.690	671.346	688.092	80.506	736.286	796.045	164.047	758.716	735.025	220.194	791.557	723.338	270.880	738.706	805.986	281.735	674.010	686.211	325.337	797.031	668.743	368.806	706.561	645.127	450.695	634.863	692.787	418.831	667.002	605.181	404.238	619.743	641.849	-41.228	249.007	809.198	99.407	147.670	690.984	57.262	68.602	787.292	137.762	55.838	725.563	205.955	-1.153	715.248	249.838	46.241	806.612	259.917	115.959	755.264	255.603	48.649	652.317	329.667	113.574	681.771	423.068	173.114	697.334	410.254	128.843	611.436	394.608	183.432	654.753
398.271	567.421	684.521	458.834	621.096	552.115	372.426	543.912	618.104	408.160	228.765	686.754	448.268	182.474	609.582	379.244	263.003	622.539	531.643	459.450	721.639	505.237	400.145	753.205	537.307	344.721	723.782	362.326	596.503	471.778	332.649	607.010	543.641	222.924	623.848	489.574	245.186	609.386	426.412	71.942	615.784	397.112	88.127	479.277	390.120	175.525	615.041	329.677	115.449	604.809	287.573	195.222	595.595	205.409	239.003	603.227	247.105	416.066	521.951	87.649	359.564	566.925	105.983	332.493	474.347	97.581	212.349	597.493	33.521	199.937	504.950	37.788	345.445	189.783	502.027	313.633	199.548	568.984	202.489	178.121	517.117	226.085	172.048	460.693	94.970	173.081	407.829	76.092	303.105	380.310	179.477	163.796	309.080	119.036	195.749	269.958	191.368	207.749	188.873	239.388	183.419	220.136	415.118	252.826	79.523	350.726	214.665	101.495	320.074	308.663	103.095	208.178	189.327	34.488	190.530	265.689	36.545	341.845	398.751	826.848	50.119	402.283	897.590	178.459	492.875	869.065	182.736	314.882	868.914	-72.937	408.410	1049.311	-199.674	385.124	965.331	-84.014	302.177	945.914	-110.300	500.158	953.703	-27.693	573.076	798.122	124.591	671.392	691.291	80.701	736.241	799.492	163.660	758.975	739.039	220.116	791.473	726.162	271.186	738.497	808.520	281.530	674.048	688.392	324.979	797.136	671.129	368.392	706.750	647.195	450.362	634.962	694.285	417.863	667.202	606.669	403.707	619.913	643.281	-41.098	249.020	813.140	98.970	147.704	694.183	57.458	68.629	790.697	137.282	55.616	728.493	205.821	-1.039	717.489	250.087	46.431	808.885	259.909	116.107	757.270	254.804	48.602	654.071	329.453	113.718	683.589	422.817	173.201	698.798	409.846	128.974	613.550	394.136	183.365	656.054
397.851	567.601	686.335	458.564	621.052	553.489	372.141	543.670	619.181	407.905	228.816	688.665	447.967	182.510	611.308	378.617	263.403	623.590	531.224	459.685	723.445	504.917	400.312	754.982	536.837	344.814	725.657	361.923	596.471	472.787	331.874	606.988	544.849	222.373	623.815	490.220	244.886	609.327	427.169	71.845	615.668	397.173	88.134	479.241	390.145	175.504	614.890	329.775	115.279	604.700	287.696	195.285	595.578	205.469	239.925	603.324	247.331	416.070	521.998	87.682	359.578	566.973	106.051	332.497	474.415	97.618	212.369	597.516	33.486	199.929	504.968	37.800	344.901	189.896	503.137	311.313	199.229	570.948	203.251	179.027	517.167	225.734	172.260	461.306	94.833	173.394	407.868	75.830	303.324	380.324	179.452	163.992	309.099	118.998	195.862	270.001	191.375	207.832	188.861	239.377	183.529	220.143	415.163	252.821	79.488	350.758	214.702	101.504	320.063	308.679	103.085	208.197	189.318	34.487	190.551	265.669	36.558	341.977	398.874	829.132	50.710	402.303	901.237	178.919	492.872	872.142	183.101	314.803	871.870	-71.215	408.428	1053.741	-198.771	385.072	970.937	-83.019	302.242	950.560	-109.234	500.187	958.372	-27.506	573.147	802.087	121.484	671.448	696.161	80.911	736.159	802.954	163.631	758.909	742.390	220.096	791.369	729.144	271.509	738.277	811.124	281.262	674.027	690.796	324.661	797.241	673.664	367.952	706.972	649.351	450.026	634.970	695.817	417.264	667.555	608.550	403.309	620.090	644.883	-40.965	249.021	817.174	98.542	147.718	697.410	57.626	68.622	794.161	137.102	55.757	731.450	205.766	-0.878	720.205	250.379	46.608	811.246	259.899	116.258	759.392	254.507	48.714	656.391	329.243	113.841	685.675	422.542	173.277	700.299	408.138	129.118	616.495	393.820	183.352	657.697
397.431	567.664	688.022	458.062	620.878	554.772	371.396	543.991	621.064	407.528	228.822	690.364	447.811	182.555	612.762	378.053	262.935	626.036	530.726	459.782	725.038	504.593	400.420	756.743	536.415	344.990	727.299	361.321	596.399	474.016	331.294	607.066	545.713	221.729	623.906	491.135	244.561	609.227	427.904	71.727	615.570	397.232	88.205	479.140	390.091	175.512	614.768	329.967	120.695	605.132	285.573	195.316	595.578	205.488	240.034	603.782	248.172	416.064	522.052	87.695	359.584	567.027	106.069	332.493	474.462	97.663	212.357	597.531	33.478	199.939	504.978	37.803	344.423	190.074	504.158	310.475	199.293	571.963	202.733	179.247	517.666	225.409	172.488	461.927	94.638	173.474	408.075	75.764	303.568	380.298	179.402	164.190	309.129	119.006	196.060	269.979	191.382	207.898	188.860	239.340	183.661	220.138	415.149	252.804	79.464	350.757	214.697	101.532	320.118	308.671	103.051	207.906	189.310	34.498	190.542	265.654	36.583	342.040	398.987	831.374	51.350	402.306	904.981	179.406	492.859	875.257	183.477	314.765	874.945	-69.422	408.489	1058.217	-197.696	385.064	976.682	-82.112	302.406	955.229	-108.101	500.243	963.121	-27.320	573.203	806.197	121.269	671.622	699.359	81.191	736.119	806.564	163.727	758.732	745.513	220.084	791.265	732.338	271.920	738.084	813.942	281.034	674.139	693.271	324.298	797.320	676.179	367.460	707.244	651.602	449.680	635.036	697.359	417.299	667.694	609.951	402.847	620.224	646.315	-40.863	248.987	821.301	98.142	147.898	700.857	57.747	68.587	797.684	136.944	55.887	734.437	205.648	-0.653	722.760	250.707	46.798	813.738	259.923	116.340	761.503	254.243	48.863	658.859	329.064	113.915	687.588	422.318	173.470	702.142	409.271	128.401	616.987	393.482	183.206	659.253
397.010	567.724	689.945	457.896	620.826	556.458	370.561	544.532	623.463	407.260	228.875	692.290	447.324	182.650	614.314	377.279	263.608	626.778	530.112	459.913	726.510	504.307	400.589	758.664	536.008	345.140	729.154	360.939	596.302	475.184	330.830	607.124	546.692	221.218	623.885	491.799	244.381	609.181	428.636	71.629	615.470	397.320	86.898	478.340	390.253	175.497	614.597	330.044	120.859	605.126	285.587	195.355	595.570	205.539	239.878	604.141	248.908	416.047	522.106	87.736	359.589	567.079	106.123	332.488	474.495	97.705	212.356	597.560	33.477	199.967	505.006	37.812	343.998	190.334	505.205	309.733	199.361	572.917	202.205	179.438	518.183	225.052	172.743	462.586	94.514	173.742	408.124	75.610	303.804	380.335	179.436	164.398	309.144	118.996	196.233	269.917	191.390	207.980	188.869	239.322	183.720	220.123	415.395	253.057	79.063	350.794	214.654	101.568	320.117	308.697	103.023	207.879	189.353	34.449	190.554	265.650	36.575	342.154	399.116	833.805	51.957	402.278	908.831	179.886	492.859	878.560	183.715	314.471	877.596	-67.564	408.540	1062.916	-196.571	385.025	982.413	-81.210	302.674	959.724	-106.929	500.304	968.078	-26.826	573.140	810.457	121.593	671.787	702.418	81.565	736.056	810.373	163.370	758.070	745.892	220.013	791.174	735.372	272.249	737.912	816.597	280.816	674.199	695.797	323.865	797.661	678.968	366.849	707.589	653.976	449.361	635.053	699.017	416.260	667.912	611.672	402.321	620.412	647.935	-40.683	248.966	825.570	97.755	147.919	704.428	57.854	68.482	801.250	136.811	55.961	737.693	205.560	-0.421	725.450	251.027	46.965	816.279	259.933	116.255	763.621	253.961	49.000	661.334	328.872	114.025	689.792	422.071	173.560	703.741	407.491	129.058	620.372	393.147	182.304	659.904
396.686	567.678	691.451	457.429	620.707	557.761	370.110	544.347	624.742	406.864	228.851	694.274	447.381	182.639	616.255	376.793	263.075	629.431	529.731	460.085	728.553	503.947	400.684	760.500	535.531	345.283	730.977	360.596	596.273	476.626	330.086	607.208	547.943	220.684	623.857	492.541	244.173	609.113	429.494	71.540	615.371	397.388	86.737	478.286	390.379	175.465	614.507	330.155	120.556	605.022	285.763	195.370	595.578	205.605	239.725	604.341	249.402	416.042	522.155	87.751	359.569	567.129	106.125	332.486	474.548	97.750	212.352	597.581	33.450	199.950	505.025	37.808	343.543	190.580	506.548	310.222	199.829	573.231	201.631	179.661	518.801	224.670	172.941	463.286	94.354	174.028	408.204	75.749	304.039	380.171	179.441	164.625	309.251	118.968	196.408	269.909	191.422	208.059	188.855	239.317	183.836	220.135	415.595	253.004	79.078	350.768	214.717	101.539	320.122	308.694	103.011	207.879	189.331	34.460	190.590	265.637	36.591	342.259	399.263	836.192	52.659	402.301	912.826	180.364	492.796	881.903	184.642	314.474	881.545	-65.883	408.392	1067.777	-195.336	385.028	988.189	-80.076	302.745	964.704	-105.858	500.276	973.126	-26.551	573.208	814.783	121.329	671.864	706.476	81.856	736.018	814.123	163.412	758.001	749.340	219.974	791.061	738.493	272.579	737.696	819.400	280.543	674.209	698.343	323.495	797.773	681.517	366.094	707.948	656.385	449.009	635.031	700.680	414.090	668.375	612.589	401.833	620.617	649.579	-40.483	248.958	829.835	97.412	148.030	707.937	58.161	68.469	804.776	136.730	56.114	740.813	204.311	-0.356	728.562	251.384	47.129	818.823	260.015	116.437	765.974	254.228	49.130	663.761	328.692	114.107	691.979	421.895	173.777	705.691	408.735	128.615	621.486	392.858	182.276	661.502
396.268	567.883	693.403	457.043	620.564	559.331	369.393	544.562	626.928	406.587	228.903	696.394	447.318	182.635	618.183	376.126	263.092	630.873	529.173	460.203	730.147	503.623	400.866	762.551	535.107	345.426	732.938	360.061	596.260	477.868	329.587	607.339	549.049	220.171	623.668	493.008	243.879	609.067	430.305	71.460	615.295	397.451	86.613	478.201	390.497	175.452	614.370	330.281	117.387	605.138	286.916	195.376	595.604	205.638	239.587	604.513	249.832	416.045	522.239	87.857	359.574	567.216	106.188	332.494	474.614	97.839	212.351	597.602	33.442	199.953	505.068	37.826	343.072	190.776	507.574	306.655	198.892	575.013	201.005	179.758	519.375	224.273	173.124	463.983	94.236	174.314	408.287	75.632	304.269	380.172	179.465	164.804	309.332	118.936	196.576	269.954	191.418	208.116	188.884	239.298	183.939	220.118	415.638	253.038	78.993	350.811	214.732	101.544	320.173	308.728	102.968	207.985	189.295	34.475	190.615	265.618	36.589	342.350	399.371	838.865	53.356	402.297	916.995	180.848	492.773	885.313	184.628	314.524	884.442	-64.004	408.382	1072.634	-194.002	385.012	994.070	-78.944	302.767	969.687	-104.629	500.299	978.377	-27.409	573.496	820.084	121.401	671.737	709.850	82.111	736.018	817.939	163.473	757.955	752.910	219.907	790.935	741.802	272.926	737.534	822.402	280.343	674.216	701.006	323.154	797.898	684.275	365.240	708.298	658.807	448.668	635.086	702.411	414.241	667.971	614.873	401.367	620.786	651.368	-40.256	248.922	834.280	97.240	148.224	711.690	58.307	68.264	808.472	136.666	56.255	743.966	204.188	-0.164	731.516	251.762	47.276	821.520	260.213	116.611	768.559	253.481	49.301	666.671	328.528	114.180	694.169	421.579	173.878	707.362	406.903	129.337	625.066	392.554	182.234	663.457
395.807	567.971	695.613	456.704	620.404	561.049	368.570	544.794	629.062	406.204	228.894	698.411	446.708	182.764	619.636	375.469	263.298	632.803	528.633	460.299	731.989	503.285	400.962	764.563	534.609	345.554	734.939	359.590	596.212	479.158	328.031	607.571	551.101	219.516	623.802	493.915	243.702	609.040	431.152	71.370	615.189	397.521	86.529	478.153	390.590	175.937	613.469	330.010	117.307	605.103	286.980	195.389	595.599	205.687	239.437	604.481	249.893	416.048	522.322	87.905	359.592	567.282	106.193	332.479	474.686	97.921	212.352	597.627	33.402	199.949	505.079	37.833	342.412	190.919	508.746	307.314	199.391	575.460	200.398	179.907	519.967	224.011	173.421	464.650	94.161	174.605	408.296	75.486	304.455	380.181	179.478	165.004	309.389	118.939	196.728	269.952	191.478	208.205	188.839	239.281	184.049	220.145	415.571	253.034	79.017	350.830	214.747	101.560	320.189	308.731	102.931	208.111	189.219	34.507	190.608	265.599	36.590	342.418	399.489	841.340	54.067	402.305	921.111	181.360	492.755	888.883	185.004	314.619	887.845	-62.057	408.308	1077.619	-192.710	385.085	1000.364	-77.808	302.776	974.763	-103.429	500.338	983.782	-27.426	573.698	825.226	120.860	671.269	714.057	82.415	736.038	821.821	163.548	757.731	756.284	219.870	790.889	745.138	273.258	737.365	825.217	280.123	674.288	703.662	322.771	797.967	686.915	364.364	708.598	661.211	448.302	635.060	704.224	415.281	667.926	617.225	400.828	620.945	653.182	-40.002	248.849	838.857	96.929	148.358	715.550	58.491	68.127	812.135	136.630	56.385	747.327	204.260	0.058	734.476	252.148	47.445	824.258	260.445	116.800	771.223	253.176	49.414	669.474	328.394	114.258	696.515	421.432	173.981	709.434	406.927	129.597	627.292	392.266	182.211	665.272
395.344	568.138	697.821	456.098	620.407	562.361	367.962	544.741	630.623	405.959	228.983	700.772	446.603	182.789	621.483	374.805	263.301	634.895	528.160	460.482	733.941	502.929	401.147	766.701	534.174	345.709	736.967	359.150	596.148	480.851	327.265	607.686	552.154	218.906	623.792	494.654	243.385	609.032	432.016	71.295	615.140	397.641	86.390	478.089	390.775	175.478	614.190	330.383	117.261	605.122	287.018	195.417	595.612	205.815	239.285	604.342	249.830	416.025	522.380	87.930	359.576	567.356	106.254	332.493	474.751	97.963	212.353	597.657	33.375	199.957	505.113	37.817	341.829	191.031	509.816	306.425	199.610	577.143	199.740	180.023	520.610	223.591	173.640	465.255	94.048	174.881	408.336	75.379	304.649	380.168	179.518	165.203	309.429	118.947	196.930	269.936	191.469	208.281	188.863	239.320	184.163	220.178	415.461	252.994	79.100	350.814	214.773	101.576	320.203	308.755	102.919	208.209	189.176	34.524	190.620	265.582	36.575	342.548	399.626	844.045	54.886	402.329	925.439	181.876	492.725	892.449	185.460	314.634	891.450	-60.068	408.279	1082.740	-191.372	384.960	1006.257	-76.718	302.759	979.849	-102.228	500.295	989.142	-27.254	573.864	829.976	120.763	671.219	717.632	82.754	736.021	825.908	163.575	757.582	759.810	219.834	790.821	748.375	273.714	737.174	828.211	279.921	674.274	706.528	322.450	798.019	689.715	363.551	708.808	663.564	447.914	635.107	706.029	415.819	667.970	620.114	400.343	621.060	654.816	-39.699	248.783	843.597	96.770	148.726	719.603	58.847	68.129	815.906	136.648	56.579	750.564	204.577	0.340	737.020	252.595	47.601	827.026	260.603	116.838	773.825	252.956	49.584	672.315	328.232	114.371	698.896	421.204	174.111	711.320	408.118	128.730	628.354	391.948	182.111	667.096
394.878	568.192	700.047	455.720	620.283	564.143	367.409	544.781	632.836	405.641	229.031	703.059	446.236	182.857	623.375	374.131	263.144	637.120	527.655	460.612	735.987	502.579	401.220	768.798	533.655	345.851	738.965	358.662	596.166	482.179	323.754	607.488	555.144	218.179	623.740	495.416	243.148	609.041	433.000	71.247	615.039	397.722	86.207	478.195	391.159	175.954	613.333	330.189	117.235	605.128	287.184	195.401	595.619	205.869	239.114	603.935	249.330	416.023	522.467	88.006	359.584	567.432	106.316	332.494	474.836	98.107	212.346	597.689	33.367	199.945	505.129	37.865	341.258	191.176	511.132	305.503	199.659	578.287	199.114	180.197	521.238	223.053	173.761	466.076	93.915	175.174	408.411	75.157	304.911	380.075	179.542	165.392	309.495	118.947	197.031	270.018	191.438	208.286	188.712	239.340	184.281	220.181	415.343	252.920	79.195	351.025	215.005	101.838	320.191	308.784	102.911	208.236	189.160	34.520	190.602	265.561	36.610	342.603	399.773	846.715	55.605	402.341	929.829	182.450	492.688	896.133	185.908	314.656	895.099	-58.049	408.213	1087.862	-189.961	385.001	1012.697	-75.513	302.715	985.150	-100.916	500.248	994.824	-27.025	573.985	834.994	120.502	671.176	721.820	83.131	736.067	830.003	163.643	757.481	763.482	219.809	790.693	751.726	274.149	736.987	831.268	279.693	674.240	709.385	322.114	798.067	692.625	362.955	708.863	665.815	447.553	635.068	707.907	416.032	668.038	622.859	399.808	621.204	656.783	-39.438	248.706	848.413	96.402	148.925	723.341	59.159	67.961	819.787	136.700	56.802	753.890	204.716	0.539	740.078	253.045	47.720	829.883	260.819	117.002	776.665	252.746	49.753	675.252	328.122	114.479	701.358	420.992	174.294	713.374	406.135	129.702	632.370	391.598	182.041	669.054
394.466	568.328	702.384	455.251	620.078	565.905	366.713	544.799	634.660	405.387	229.050	705.577	446.207	182.826	625.440	373.443	262.871	639.451	527.058	460.783	737.989	502.255	401.410	770.959	533.212	345.970	741.108	358.064	596.158	483.631	322.753	607.677	556.429	217.788	623.736	496.151	243.022	608.967	433.874	71.186	614.974	397.807	86.129	478.176	391.285	175.981	613.251	330.265	117.303	605.147	287.201	195.410	595.625	205.944	239.082	603.024	248.023	416.048	522.584	88.148	359.571	567.523	106.356	332.508	474.914	98.179	212.348	597.704	33.364	199.980	505.159	37.860	340.541	191.269	512.516	305.263	199.935	579.171	198.463	180.370	521.918	222.768	174.042	466.785	93.829	175.470	408.433	74.939	305.141	380.153	179.552	165.623	309.578	118.956	197.148	270.035	191.507	208.417	188.906	239.470	184.395	220.414	415.241	252.850	79.274	350.860	214.821	101.597	320.185	308.778	102.904	208.267	189.144	34.516	190.614	265.557	36.616	342.725	399.861	849.514	56.414	402.406	934.346	182.959	492.681	899.974	186.489	314.631	898.999	-55.718	408.305	1093.177	-188.463	384.915	1019.155	-73.958	303.277	990.050	-99.600	500.212	1000.468	-26.813	573.964	839.411	120.584	671.092	725.848	83.481	736.085	834.089	163.729	757.408	767.271	219.881	790.612	755.448	274.584	736.803	834.330	279.456	674.297	712.169	321.714	798.139	695.569	362.668	708.828	668.107	447.147	635.074	709.848	416.134	668.418	625.312	399.279	621.313	658.609	-39.146	248.629	853.315	96.289	149.247	727.488	59.387	67.754	823.630	136.732	56.951	757.474	204.695	0.792	743.268	253.474	47.853	832.772	261.121	117.159	779.483	252.465	49.917	678.266	328.051	114.589	703.952	420.797	174.407	715.480	407.839	128.775	633.265	391.326	181.982	671.093
393.935	568.400	704.695	454.733	619.884	567.632	365.912	544.782	636.760	405.061	229.088	708.044	445.893	182.916	627.522	372.740	262.526	641.861	526.646	460.873	740.114	501.899	401.480	773.218	532.748	346.147	743.237	357.641	596.124	485.452	327.411	608.709	555.894	217.184	623.740	497.057	242.718	609.017	434.883	71.142	614.887	397.870	86.102	478.140	391.430	176.000	613.211	330.330	117.248	605.147	287.277	195.445	595.655	206.042	239.109	602.935	248.009	416.047	522.639	88.191	359.572	567.617	106.424	332.531	475.009	98.307	212.334	597.738	33.360	199.989	505.197	37.851	339.682	191.487	513.905	304.394	199.988	580.271	197.787	180.483	522.588	222.371	174.263	467.494	93.706	175.724	408.484	74.918	305.416	380.174	179.605	165.841	309.689	118.957	197.282	270.068	191.528	208.484	188.929	239.524	184.544	220.526	415.170	252.806	79.333	350.861	214.819	101.657	320.205	308.801	102.865	208.278	189.134	34.526	190.621	265.546	36.619	342.850	400.004	852.403	57.220	402.401	939.002	183.515	492.650	903.821	187.018	314.621	902.827	-53.724	408.168	1098.504	-186.960	384.888	1025.569	-72.647	303.248	995.678	-98.303	500.221	1006.374	-26.529	574.007	844.366	120.422	671.073	729.722	83.849	736.162	838.318	163.839	757.377	771.158	219.843	790.530	758.817	275.010	736.667	837.509	279.199	674.377	714.910	321.390	798.189	698.546	362.652	708.725	670.443	446.790	635.040	711.848	415.895	668.609	627.670	398.754	621.474	660.518	-38.785	248.585	858.326	96.182	149.517	731.388	59.794	67.693	827.642	136.848	57.196	760.975	206.440	1.515	745.785	253.938	47.963	835.796	261.417	117.294	782.342	252.236	50.067	681.176	327.940	114.679	706.549	420.544	174.553	717.588	407.676	128.809	635.722	391.075	181.918	673.277
393.505	568.623	707.251	453.503	619.723	568.839	365.078	544.962	639.130	404.803	229.061	710.681	445.771	182.895	629.541	372.016	262.152	644.322	526.096	461.023	742.189	501.519	401.644	775.486	532.288	346.241	745.427	357.022	596.218	487.024	326.857	609.085	557.284	216.586	623.752	497.877	242.486	609.053	435.839	71.083	614.837	398.069	86.028	478.113	391.589	175.551	613.975	330.594	117.307	605.155	287.329	195.469	595.684	206.152	239.139	602.900	248.061	416.028	522.717	88.234	359.567	567.692	106.480	332.520	475.083	98.393	212.347	597.762	33.325	199.981	505.227	37.861	338.937	191.618	515.275	302.586	199.567	581.365	197.061	180.611	523.209	221.884	174.372	468.304	93.677	175.971	408.578	74.806	305.650	380.213	179.619	166.058	309.802	118.967	197.414	270.067	191.506	208.492	188.796	239.572	184.666	220.655	415.171	252.796	79.331	351.051	215.068	101.949	320.203	308.813	102.864	208.292	189.115	34.529	190.633	265.529	36.610	343.003	400.133	855.476	58.058	402.495	943.644	184.075	492.648	907.844	187.471	314.654	906.617	-51.537	408.058	1104.037	-185.437	384.786	1032.233	-71.377	303.238	1001.240	-96.998	500.198	1012.289	-26.184	574.149	849.416	119.529	670.745	734.466	84.294	736.213	842.644	163.955	757.237	774.962	219.851	790.434	762.275	275.470	736.523	840.707	279.028	674.356	717.989	321.094	798.245	701.458	362.853	708.579	672.829	446.417	635.013	713.817	415.409	668.797	630.005	398.190	621.653	662.719	-38.443	248.493	863.525	96.128	149.885	735.821	60.194	67.553	831.590	136.878	57.369	764.973	206.523	1.732	749.232	254.440	48.085	838.897	261.740	117.447	785.297	252.018	50.209	684.260	327.865	114.810	709.100	420.371	174.862	720.014	407.515	128.764	637.928	390.831	181.878	675.437
392.996	568.669	709.701	453.020	619.494	570.771	364.345	545.047	641.406	404.445	229.039	713.194	445.522	182.951	631.665	371.270	261.794	646.807	525.569	461.111	744.445	501.163	401.752	777.802	531.826	346.375	747.622	356.362	596.212	488.595	324.774	608.858	558.890	215.332	623.701	498.991	242.226	609.087	436.833	71.050	614.754	398.180	85.955	478.086	391.851	176.011	613.199	330.520	117.239	605.139	287.410	195.456	595.730	206.330	239.131	602.875	248.176	416.012	522.796	88.330	359.552	567.788	106.543	332.531	475.221	98.525	212.327	597.797	33.315	199.983	505.260	37.866	338.306	191.846	516.732	301.497	199.636	582.661	196.408	180.707	523.854	221.465	174.558	469.135	93.564	176.230	408.709	75.380	305.967	379.900	179.636	166.255	309.880	118.972	197.459	270.184	191.556	208.563	188.837	239.647	184.787	220.860	415.161	252.797	79.368	351.041	215.079	101.980	320.181	308.826	102.863	208.287	189.074	34.544	190.640	265.521	36.626	343.160	400.251	858.544	58.953	402.581	948.448	184.449	492.660	911.789	188.039	314.685	910.578	-49.362	408.017	1109.738	-183.897	384.659	1038.572	-70.208	302.750	1007.417	-95.662	500.115	1018.335	-25.804	574.279	854.682	117.819	670.127	739.295	84.741	736.251	847.025	164.086	757.140	778.846	219.942	790.323	766.040	275.847	736.352	843.970	278.799	674.338	720.981	320.759	798.289	704.394	363.210	708.415	675.271	446.047	634.943	715.917	414.849	668.997	632.311	397.702	621.695	664.609	-38.051	248.362	868.783	95.925	150.192	740.216	60.496	67.341	835.813	136.979	57.601	768.750	206.780	2.016	752.447	254.925	48.189	841.998	262.001	117.465	788.436	251.774	50.380	687.408	327.795	114.928	711.854	420.313	175.104	722.430	407.451	128.650	640.365	390.649	181.809	677.728
392.423	568.794	712.221	452.386	619.091	572.460	363.201	545.257	643.841	403.771	228.940	715.269	445.300	182.977	633.762	370.497	261.495	649.288	525.004	461.263	746.592	500.774	401.846	780.094	531.340	346.499	749.905	355.865	596.244	490.561	323.785	609.191	560.389	215.233	623.708	499.615	242.075	609.045	437.936	71.023	614.688	398.318	85.905	478.078	392.111	176.048	613.179	330.594	117.402	605.201	287.416	195.443	595.767	206.486	239.164	602.974	248.596	415.982	522.863	88.385	359.549	567.853	106.600	332.506	475.284	98.573	212.316	597.822	33.298	199.991	505.298	37.862	337.791	192.107	518.169	300.655	199.779	584.083	195.632	180.765	524.707	221.011	174.757	470.045	93.481	176.529	408.810	77.332	306.093	379.260	179.823	166.577	309.866	119.009	197.576	270.209	191.585	208.620	188.885	239.672	184.954	220.965	415.165	252.784	79.395	351.056	215.103	102.008	320.188	308.833	102.860	208.285	189.063	34.532	190.628	265.490	36.631	343.298	400.382	861.642	59.802	402.602	953.363	185.061	492.682	915.966	188.574	314.739	914.592	-47.125	407.900	1115.437	-182.238	384.550	1045.457	-68.669	303.270	1012.779	-94.218	500.063	1024.433	-25.343	574.451	859.919	117.421	670.119	744.066	85.262	736.331	851.590	164.226	757.124	783.089	219.985	790.241	769.724	276.424	736.227	847.369	278.590	674.302	724.089	320.475	798.332	707.561	363.633	708.275	677.789	445.649	634.873	717.724	414.234	669.197	634.619	397.232	621.844	666.665	-37.620	248.236	874.212	95.951	150.486	744.554	60.908	67.245	840.029	137.180	57.827	772.562	206.652	2.183	755.820	255.437	48.315	845.172	262.477	117.625	791.486	251.546	50.565	690.639	327.762	115.041	714.639	420.188	175.326	724.867	407.237	128.599	642.908	390.403	181.720	679.960
391.988	568.872	714.973	451.771	618.802	574.240	362.504	545.041	645.835	403.376	228.934	717.960	445.129	182.963	635.972	369.695	261.300	651.738	524.488	461.339	748.829	500.391	402.051	782.639	530.824	346.644	752.168	355.050	596.341	492.239	322.760	609.439	562.052	214.660	623.747	500.529	241.882	608.984	438.979	71.013	614.600	398.450	85.793	478.055	392.320	175.608	613.956	330.887	117.353	605.204	287.541	195.446	595.783	206.601	239.159	602.939	248.688	415.965	522.938	88.470	359.557	567.945	106.735	332.485	475.359	98.672	212.309	597.847	33.256	199.977	505.322	37.869	336.980	192.123	519.655	299.408	199.685	585.702	194.863	180.848	525.418	220.526	174.948	470.933	93.339	176.803	408.941	77.417	306.296	379.297	179.861	166.789	309.946	119.016	197.641	270.374	191.590	208.662	188.947	239.682	185.152	221.036	415.132	252.780	79.422	351.054	215.111	102.023	320.160	308.853	102.846	208.282	189.047	34.532	190.628	265.479	36.618	343.465	400.491	864.818	60.797	402.738	958.719	185.654	492.718	920.188	189.181	314.815	918.796	-44.878	407.821	1121.198	-180.492	384.440	1052.432	-67.172	303.242	1018.890	-92.795	500.010	1030.713	-24.877	574.574	865.038	117.339	670.029	748.440	85.769	736.389	856.147	164.423	757.020	787.227	219.996	790.013	773.493	276.824	736.039	850.696	278.405	674.278	727.272	320.100	798.341	710.712	364.057	708.134	680.308	445.257	634.824	719.935	413.231	669.384	636.844	396.598	621.932	668.870	-37.166	248.088	879.737	95.728	150.932	749.036	61.394	67.118	844.450	137.377	58.146	776.237	206.852	2.467	759.192	256.000	48.448	848.438	262.874	117.786	794.465	251.310	50.734	693.832	327.705	115.180	717.457	420.096	175.507	727.407	407.093	128.493	645.581	390.219	181.567	682.289
391.475	568.921	717.638	451.087	618.453	576.151	362.562	544.114	644.724	403.000	228.979	720.683	444.951	182.991	638.178	368.860	261.251	654.129	523.870	461.479	751.122	500.022	402.100	785.007	530.322	346.747	754.575	354.418	596.404	494.174	321.726	609.591	563.787	212.977	623.752	502.064	241.502	608.968	440.116	70.974	614.501	398.605	85.712	478.029	392.546	175.622	614.026	331.090	117.406	605.230	287.652	195.454	595.850	206.784	239.205	602.899	248.849	415.930	522.983	88.531	359.522	567.995	106.795	332.449	475.413	98.740	212.311	597.860	33.243	199.972	505.354	37.889	336.255	192.242	521.129	298.522	199.835	587.086	194.095	180.940	526.174	220.045	175.113	471.730	93.412	177.285	408.829	77.429	306.477	379.262	179.884	166.965	310.113	119.032	197.669	270.525	191.624	208.706	189.017	239.692	185.267	221.117	415.129	252.766	79.450	351.038	215.110	102.070	320.148	308.862	102.833	208.266	189.033	34.529	190.604	265.450	36.632	343.653	400.641	868.113	61.715	402.750	963.605	186.304	492.736	924.509	189.800	314.858	923.025	-42.549	407.815	1127.186	-178.827	384.280	1059.440	-65.632	303.303	1025.044	-91.319	499.943	1037.118	-24.350	574.782	870.621	117.042	670.009	753.080	86.337	736.458	860.795	164.555	756.959	791.367	220.039	789.925	777.297	277.295	735.887	854.118	278.152	674.253	730.401	319.809	798.379	713.814	364.480	707.993	682.827	444.677	634.674	722.067	412.861	669.597	639.335	396.047	622.096	671.068	-36.668	247.932	885.374	95.841	151.199	753.639	61.852	67.055	848.914	137.518	58.476	780.240	207.019	2.729	762.705	256.580	48.606	851.815	263.254	117.995	797.696	251.022	50.892	697.124	327.610	115.310	720.298	419.993	175.718	729.917	406.952	128.435	648.070	389.984	181.387	684.751
390.971	568.951	720.386	450.525	617.738	577.952	361.246	544.731	648.098	402.614	229.070	723.488	444.820	182.983	640.483	367.989	261.394	656.434	523.251	461.612	753.454	499.610	402.228	787.483	529.829	346.880	756.908	353.954	596.416	496.088	320.659	609.647	565.442	212.163	623.753	503.051	241.392	608.919	441.245	70.853	614.423	398.763	85.649	478.040	392.762	175.656	614.139	331.304	117.282	605.190	287.905	195.440	595.838	206.924	239.212	602.867	248.956	415.907	523.033	88.586	359.513	568.082	106.919	332.411	475.461	98.842	212.285	597.897	33.206	199.992	505.399	37.867	335.480	192.313	522.688	297.906	200.058	588.167	193.314	181.092	526.997	219.543	175.262	472.618	93.301	177.538	408.955	77.444	306.682	379.311	179.905	167.158	310.269	119.060	197.782	270.584	191.636	208.721	189.107	239.665	185.372	221.187	415.127	252.759	79.464	351.034	215.120	102.099	320.136	308.865	102.847	208.277	189.013	34.516	190.610	265.441	36.636	343.819	400.758	871.439	62.605	402.843	968.761	186.925	492.775	928.850	190.456	314.923	927.421	-40.240	407.739	1133.207	-177.057	384.057	1066.548	-64.138	303.254	1031.294	-89.895	499.891	1043.530	-24.021	574.907	876.261	116.898	669.879	757.352	86.913	736.561	865.497	164.677	757.035	795.658	220.110	789.863	781.208	277.827	735.693	857.644	277.305	675.623	732.057	319.517	798.482	717.179	364.903	707.853	685.345	444.268	634.632	724.384	412.712	669.809	641.937	395.236	622.378	671.525	-36.166	247.839	891.327	95.667	151.443	758.484	62.340	66.884	853.458	137.657	58.743	784.419	206.925	2.975	766.291	257.132	48.745	855.092	263.539	118.238	801.092	250.810	51.102	700.540	327.554	115.462	723.195	419.910	175.804	732.324	406.897	128.376	650.647	388.860	179.697	684.203
390.578	568.936	723.530	449.939	617.438	579.858	359.734	545.227	652.659	402.230	229.161	726.326	444.649	182.951	642.772	367.071	261.505	658.538	522.685	461.693	755.784	499.226	402.361	790.047	529.338	346.966	759.330	353.124	596.427	497.810	319.673	609.658	567.172	211.298	623.747	504.166	241.176	608.901	442.595	70.813	614.356	398.984	85.587	478.033	392.996	175.682	614.161	331.431	117.258	605.186	288.093	195.470	595.856	207.076	239.235	602.834	249.094	415.866	523.058	88.701	359.502	568.137	106.999	332.363	475.514	98.907	212.301	597.932	33.197	199.985	505.420	37.843	334.654	192.425	524.190	296.821	200.065	589.469	192.527	181.209	527.736	219.063	175.422	473.571	93.200	177.803	409.095	77.428	306.877	379.340	179.956	167.339	310.401	119.076	197.821	270.702	191.709	208.756	189.155	239.665	185.508	221.278	415.113	252.735	79.517	351.067	215.132	102.178	320.143	308.855	102.836	208.269	188.993	34.517	190.621	265.425	36.624	344.028	400.897	874.863	63.575	402.954	974.045	187.583	492.832	933.357	191.188	314.980	931.915	-37.786	407.661	1139.432	-175.251	383.934	1073.818	-62.453	303.238	1037.721	-88.345	499.922	1050.197	-23.532	575.030	881.817	117.108	670.120	761.824	87.503	736.616	870.355	164.074	756.141	797.650	220.160	789.772	785.118	278.376	735.503	861.167	276.438	676.975	733.662	319.139	798.495	720.486	365.326	707.712	687.864	443.889	634.568	726.657	412.320	669.986	644.403	394.260	622.358	673.111	-35.626	247.728	897.173	95.505	151.596	763.222	62.849	66.810	858.178	137.857	59.006	788.697	207.065	3.258	769.879	257.698	48.983	858.450	263.882	118.489	804.381	250.601	51.303	704.054	327.497	115.621	726.248	419.774	175.889	734.746	406.695	128.257	653.009	388.787	179.763	687.081
390.098	568.792	726.648	449.316	617.053	582.028	358.462	545.278	655.902	401.842	229.255	729.178	444.512	182.960	645.149	365.792	262.272	659.603	522.124	461.844	758.121	498.834	402.461	792.631	528.835	347.064	761.817	352.591	596.382	499.834	318.634	609.717	568.841	210.697	623.786	505.064	240.824	608.880	443.737	70.776	614.289	399.174	85.484	477.992	393.224	175.704	614.180	331.549	118.660	604.978	287.861	195.457	595.864	207.242	239.285	602.744	249.152	415.839	523.116	88.828	360.254	567.450	106.009	332.324	475.538	98.988	212.283	597.970	33.143	199.957	505.460	37.869	333.872	192.563	525.709	295.790	200.013	590.923	191.762	181.314	528.557	218.532	175.613	474.487	93.089	178.100	409.234	77.405	307.057	379.391	179.996	167.505	310.628	119.108	197.903	270.733	191.717	208.769	189.248	239.685	185.633	221.367	415.087	252.693	79.537	351.046	215.128	102.230	320.117	308.855	102.864	208.255	188.972	34.508	190.635	265.368	36.602	344.153	401.039	877.923	64.708	403.198	979.667	188.316	492.955	937.987	192.006	314.989	936.674	-35.430	407.669	1145.656	-173.306	383.817	1081.211	-60.730	302.987	1044.196	-86.810	499.812	1056.884	-23.026	575.204	887.699	116.841	670.058	766.568	88.146	736.720	875.387	164.129	755.963	801.772	220.214	789.651	789.038	278.941	735.288	864.749	276.130	676.896	736.637	318.965	798.452	723.823	365.635	707.602	690.422	443.491	634.457	729.019	412.021	670.174	647.055	393.697	622.635	676.000	-35.030	247.571	903.194	95.202	151.922	768.284	63.381	66.696	862.976	137.992	59.278	793.073	207.078	3.599	773.694	258.275	49.216	861.954	264.264	118.774	807.693	250.965	51.418	707.154	327.456	115.777	729.307	419.330	175.837	736.555	406.568	128.233	655.862	388.655	179.719	689.824
389.578	568.535	729.943	448.507	616.714	583.882	357.267	545.290	658.968	401.440	229.281	732.223	444.301	182.976	647.482	364.981	261.921	662.597	521.534	461.941	760.605	498.437	402.591	795.269	528.320	347.222	764.286	351.740	596.310	501.582	317.530	609.759	570.503	211.093	623.728	505.681	240.326	608.859	445.028	70.723	614.242	399.370	85.415	477.976	393.447	176.029	614.272	331.550	118.758	605.037	288.091	195.464	595.857	207.389	239.290	602.693	249.275	415.781	523.133	88.946	360.275	567.531	106.174	332.283	475.592	99.075	212.279	597.974	33.161	199.953	505.492	37.870	333.272	192.756	527.263	294.683	199.985	592.406	190.869	181.347	529.391	218.008	175.739	475.459	93.041	178.312	409.355	77.359	307.237	379.560	180.113	167.675	310.753	119.142	197.904	270.839	191.760	208.779	189.346	239.699	185.703	221.460	415.070	252.668	79.573	351.017	215.100	102.289	320.102	308.846	102.854	208.252	188.954	34.517	190.612	265.332	36.624	344.330	401.199	881.339	65.712	403.287	985.121	189.055	493.049	942.641	192.779	315.046	941.331	-32.923	407.706	1152.065	-171.435	383.644	1088.701	-59.013	303.023	1050.798	-85.215	499.731	1063.666	-22.456	575.267	893.437	116.653	670.044	771.399	88.778	736.762	880.469	164.279	755.923	806.190	220.301	789.498	793.041	279.446	735.066	868.435	276.103	676.641	740.240	318.621	798.460	727.216	365.696	707.559	693.076	443.127	634.351	731.681	411.298	670.387	649.500	393.506	623.291	679.336	-34.396	247.438	909.376	95.107	152.206	773.183	63.930	66.574	867.831	138.083	59.416	797.734	207.054	3.917	777.701	258.829	49.436	865.534	264.649	119.070	811.169	250.762	51.634	710.687	327.110	114.783	728.838	419.202	175.977	739.051	406.453	128.158	658.579	388.200	178.903	691.730
389.122	568.180	733.363	447.804	616.305	586.116	356.243	545.100	661.532	401.061	229.320	735.279	444.186	182.917	649.907	364.350	261.796	665.825	520.878	462.050	763.023	497.980	402.705	797.891	527.784	347.322	766.775	350.965	596.208	503.374	316.573	609.797	572.117	210.120	623.954	506.971	240.032	608.763	446.141	70.682	614.219	399.631	84.908	477.842	393.794	176.029	614.370	331.812	118.804	605.108	288.290	195.473	595.824	207.534	239.355	602.609	249.410	415.725	523.162	89.029	360.099	567.782	106.596	332.235	475.609	99.170	212.263	598.023	33.100	199.944	505.533	37.831	332.413	192.755	528.852	293.495	199.922	593.824	190.123	181.391	530.254	217.500	175.872	476.480	92.993	178.563	409.497	77.296	307.425	379.735	180.162	167.808	310.929	119.208	197.981	270.937	191.791	208.791	189.434	239.824	185.802	221.693	415.062	252.644	79.614	351.020	215.090	102.327	320.095	308.823	102.896	208.248	188.923	34.517	190.597	265.345	36.654	344.477	401.325	884.868	66.801	403.461	990.761	189.737	493.166	947.289	193.586	315.087	946.087	-30.433	407.729	1158.490	-169.376	383.567	1096.325	-57.222	302.989	1057.539	-83.510	499.726	1070.550	-21.443	575.448	899.379	116.384	669.972	776.316	89.492	736.809	885.623	164.351	755.777	810.442	220.386	789.359	797.085	280.249	734.702	872.027	276.162	676.230	743.994	318.360	798.456	730.786	365.421	707.603	695.901	442.802	634.273	734.401	410.901	670.638	652.234	393.031	623.402	682.069	-33.758	247.290	915.567	94.885	152.523	778.354	64.527	66.440	872.933	138.144	59.665	801.783	207.328	4.292	781.459	259.482	49.724	869.165	265.019	119.372	814.538	250.540	51.849	714.379	326.926	114.937	731.386	419.070	176.055	741.617	406.223	128.073	661.309	387.916	178.941	694.520
388.683	568.664	736.283	446.969	615.912	588.135	355.245	544.959	663.933	400.693	229.413	738.340	443.887	182.953	652.303	363.636	261.706	668.506	520.271	462.086	765.543	497.571	402.823	800.697	527.034	347.662	768.874	350.437	596.110	505.359	315.535	609.835	573.789	209.469	623.952	508.061	239.707	608.696	447.456	70.740	614.186	399.937	85.171	477.960	394.017	176.086	614.411	331.988	118.983	605.236	288.678	195.462	595.801	207.648	239.377	602.501	249.546	415.698	523.191	89.191	359.929	568.023	107.029	332.195	475.644	99.328	212.252	598.053	33.106	199.933	505.544	37.894	331.514	192.844	530.584	292.427	199.879	595.188	189.342	181.418	531.059	216.999	176.028	477.438	92.919	178.801	409.680	77.299	307.571	379.826	180.228	167.972	311.061	119.242	198.045	271.024	191.793	208.807	189.582	239.930	185.900	221.882	415.036	252.613	79.665	351.000	215.063	102.381	320.068	308.825	102.912	208.227	188.902	34.511	190.636	265.310	36.618	344.737	401.439	888.560	67.881	403.638	996.480	190.522	493.288	952.104	194.392	315.143	950.910	-27.922	407.771	1165.019	-167.314	383.446	1104.140	-55.436	303.054	1064.420	-81.928	499.644	1077.496	-20.872	575.615	905.560	116.374	669.864	781.109	90.220	736.867	890.944	165.613	756.333	818.640	220.338	789.310	801.193	280.832	734.435	875.900	275.291	676.166	746.614	318.018	798.477	734.129	364.756	707.751	698.958	442.453	634.103	737.225	409.371	670.344	655.059	392.513	624.130	684.024	-33.131	247.141	921.902	94.662	152.746	783.412	65.151	66.351	878.106	138.315	59.931	806.340	207.288	4.650	785.438	260.096	50.004	872.832	265.392	119.707	818.102	250.327	52.052	718.101	326.887	115.266	734.869	418.995	176.177	744.204	405.999	127.970	664.177	388.274	179.198	698.885
387.951	569.332	738.390	445.367	615.217	589.354	354.249	544.823	666.677	400.271	229.498	741.540	443.791	182.890	654.645	362.980	261.626	671.977	519.589	462.194	768.057	497.135	402.936	803.463	526.467	347.804	771.361	349.539	595.954	507.057	313.798	609.970	575.480	208.940	623.981	509.108	239.357	608.669	448.610	70.729	614.139	400.192	85.169	477.968	394.232	176.070	614.474	332.251	119.079	605.311	288.893	195.453	595.747	207.769	239.432	602.422	249.706	415.654	523.200	89.306	359.755	568.217	107.366	332.148	475.662	99.441	212.233	598.059	33.076	199.887	505.591	37.876	330.681	192.965	532.212	291.172	199.772	596.615	188.537	181.464	531.976	216.504	176.207	478.413	92.914	179.074	409.868	75.128	307.816	380.675	180.395	168.171	311.251	119.280	198.061	271.172	191.817	208.825	189.697	240.003	186.005	222.011	415.007	252.603	79.700	350.984	215.059	102.429	320.059	308.809	102.923	208.233	188.876	34.491	190.628	265.273	36.615	344.885	401.568	892.216	68.968	403.897	1002.637	191.270	493.423	956.952	195.195	315.175	955.691	-25.400	407.817	1171.564	-165.212	383.316	1111.911	-53.617	302.990	1071.242	-80.119	499.644	1084.621	-20.301	575.810	911.759	115.788	669.626	786.449	90.873	736.868	896.202	165.751	756.260	823.519	220.017	789.570	805.387	281.397	734.156	879.752	275.326	675.887	750.477	317.706	798.471	737.786	363.627	708.017	702.299	442.105	633.988	740.370	408.962	670.539	657.869	391.903	623.605	687.122	-32.449	247.010	928.450	94.477	152.878	788.742	65.857	66.292	883.365	138.498	60.231	811.342	207.398	5.026	789.391	260.733	50.326	876.552	265.724	120.059	821.622	250.078	52.289	721.775	326.836	115.643	738.677	418.904	176.345	746.849	405.831	127.869	666.826	388.497	179.542	703.113
387.487	569.570	740.703	444.311	614.465	591.542	353.231	544.627	668.966	399.916	229.616	744.733	442.792	183.008	656.284	362.272	261.532	675.478	518.987	462.264	770.592	496.663	403.023	806.221	526.119	347.587	774.569	348.993	596.198	508.772	312.769	610.036	577.161	208.404	624.187	510.052	238.781	608.562	449.957	71.187	614.314	400.035	84.996	477.952	394.518	176.130	614.513	332.382	119.183	605.370	289.212	195.512	595.716	207.922	239.457	602.335	249.818	415.603	523.222	89.422	359.639	568.408	107.719	332.087	475.674	99.544	212.243	598.100	33.077	199.888	505.608	37.896	330.027	193.213	533.704	290.018	199.743	598.211	187.693	181.475	532.870	216.001	176.326	479.515	92.902	179.315	410.070	75.079	307.943	380.853	180.477	168.328	311.440	119.347	198.084	271.303	191.817	208.838	189.827	240.089	186.081	222.141	414.987	252.577	79.762	350.971	215.030	102.469	320.036	308.822	102.954	208.213	188.863	34.492	190.603	265.223	36.621	344.894	401.775	895.508	70.077	404.092	1008.457	192.077	493.511	961.910	196.245	315.168	960.807	-22.715	407.938	1178.427	-163.040	383.219	1119.869	-51.678	303.027	1078.222	-78.390	499.628	1091.803	-20.152	576.029	918.089	116.076	669.802	791.282	91.679	736.866	901.712	165.993	756.104	828.329	220.023	789.397	809.780	282.056	733.794	883.450	276.038	675.598	755.200	317.456	798.447	741.440	362.210	708.351	705.897	441.749	633.797	743.472	408.041	670.724	660.503	391.328	623.678	689.846	-31.686	246.907	934.981	94.252	153.094	794.180	66.625	66.316	888.812	138.608	60.449	816.119	207.138	5.474	793.669	261.405	50.695	880.428	266.099	120.441	825.284	249.826	52.522	725.645	326.855	116.058	742.488	418.791	176.513	749.511	405.555	127.713	669.828	388.291	179.287	706.028
387.064	569.668	743.761	443.562	613.924	593.731	352.307	544.388	671.590	399.558	229.708	747.951	441.738	183.023	657.965	361.550	261.505	678.928	518.389	462.335	773.179	496.206	403.140	809.153	525.283	348.075	776.542	348.029	596.022	510.666	312.000	610.128	578.991	207.512	624.022	511.203	238.602	608.481	451.177	71.245	614.236	400.243	85.000	477.979	394.870	176.178	614.610	332.590	119.227	605.353	289.365	195.509	595.684	208.107	239.499	602.210	249.936	415.533	523.224	89.521	359.559	568.522	107.982	332.027	475.707	99.652	212.220	598.119	33.015	199.864	505.659	37.842	329.251	193.318	535.578	288.800	199.641	599.739	186.911	181.490	533.730	215.523	176.486	480.483	92.963	179.487	410.275	75.448	308.106	380.766	180.593	168.479	311.577	119.379	198.138	271.393	191.815	208.840	189.980	240.165	186.207	222.293	414.950	252.559	79.820	350.943	215.043	102.521	319.994	308.807	102.970	208.197	188.849	34.486	190.615	265.223	36.615	345.080	401.897	899.300	71.183	404.236	1014.423	192.947	493.662	967.004	197.094	315.261	965.761	-19.839	408.155	1185.362	-160.810	383.164	1127.926	-49.774	303.036	1085.363	-76.608	499.626	1099.059	-19.601	576.251	924.563	115.807	669.746	796.548	92.370	736.599	906.840	166.182	756.011	833.308	220.195	789.194	814.143	282.673	733.415	886.891	275.805	675.502	758.743	317.159	798.410	745.219	360.743	708.686	709.684	441.318	633.674	746.088	407.587	670.920	663.413	390.693	624.005	692.496	-30.892	246.803	941.769	94.093	153.314	799.634	67.365	66.178	894.286	138.660	60.679	820.540	207.215	5.857	797.892	262.116	51.064	884.294	266.528	120.810	828.928	249.617	52.761	729.500	326.818	116.384	746.265	418.686	176.680	752.219	405.381	127.684	672.592	387.200	178.208	706.563
386.686	569.693	747.110	443.190	613.482	596.444	351.276	544.128	674.314	399.193	229.814	751.283	440.500	183.044	659.176	360.761	261.522	682.131	517.695	462.487	775.733	495.864	403.199	812.120	524.651	348.216	779.157	347.239	595.912	512.582	311.156	610.174	580.834	206.731	624.092	512.534	238.095	608.368	452.504	71.205	614.106	400.518	84.857	478.001	395.182	176.258	614.630	332.787	119.293	605.421	289.496	195.525	595.615	208.255	239.542	602.162	250.167	415.484	523.232	89.654	359.491	568.555	108.132	331.949	475.708	99.743	212.188	598.155	33.017	199.859	505.676	37.841	328.317	193.317	537.309	287.676	199.538	601.295	186.107	181.516	534.607	215.032	176.623	481.586	93.041	179.669	410.499	75.559	308.206	380.854	180.680	168.629	311.734	119.402	198.178	271.551	191.854	208.870	190.165	240.201	186.280	222.412	414.900	252.530	79.920	350.924	215.018	102.578	319.980	308.825	102.967	208.170	188.818	34.465	190.586	265.182	36.588	345.428	401.977	903.468	72.338	404.371	1020.387	193.785	493.822	972.050	197.950	315.351	970.640	-17.303	408.184	1192.158	-158.487	383.099	1136.073	-47.817	303.049	1092.594	-74.664	499.693	1106.460	-19.073	576.384	931.086	115.571	669.689	801.932	93.305	736.568	912.542	166.456	755.812	838.229	220.297	788.779	818.711	283.423	732.908	891.122	275.470	675.532	762.283	316.927	798.364	748.962	359.365	708.989	713.548	441.075	634.916	748.349	406.748	671.112	666.176	390.095	624.131	695.250	-30.070	246.637	948.608	93.818	153.565	805.459	68.204	66.219	899.947	138.877	60.929	825.578	207.428	6.347	802.307	262.827	51.447	888.211	266.961	121.198	832.656	249.419	53.002	733.487	326.814	116.710	750.027	418.553	176.868	754.982	405.123	127.632	675.446	386.952	178.071	709.273
386.189	569.783	750.625	442.571	612.884	598.860	350.324	543.880	676.917	398.852	229.960	754.542	439.569	183.071	660.828	359.900	261.623	685.373	517.065	462.519	778.445	495.334	403.282	814.997	524.241	348.067	782.582	346.594	595.695	514.663	309.995	610.261	582.530	206.413	624.335	513.460	237.632	608.263	453.878	71.192	613.967	400.919	84.906	478.042	395.415	176.312	614.676	332.965	119.321	605.427	289.652	195.545	595.570	208.452	239.541	602.102	250.301	415.412	523.212	89.820	359.446	568.546	108.282	331.891	475.727	99.879	212.164	598.179	32.975	199.848	505.705	37.839	327.476	193.418	539.143	286.377	199.407	602.791	185.319	181.530	535.559	214.549	176.732	482.679	92.965	179.846	410.820	75.512	308.295	381.015	180.795	168.810	311.950	119.483	198.231	271.681	191.871	208.868	190.322	240.276	186.442	222.551	414.815	252.547	79.951	350.869	215.003	102.644	319.931	308.816	103.014	208.160	188.785	34.452	190.570	265.155	36.597	345.479	402.245	907.050	73.472	404.431	1026.474	194.655	493.963	977.199	198.659	315.746	975.284	-14.342	408.359	1199.244	-156.165	383.002	1144.322	-45.835	302.953	1100.040	-72.752	499.694	1113.921	-18.396	576.567	937.948	115.246	669.589	807.410	94.166	736.593	918.226	166.635	755.703	843.444	220.321	788.512	823.211	284.077	732.521	895.234	275.347	675.383	766.099	316.401	798.376	752.617	358.136	709.237	717.411	440.797	635.032	751.388	406.378	671.307	669.030	389.602	624.183	698.057	-29.139	246.502	955.551	93.457	153.693	811.093	69.083	66.207	905.717	139.041	61.242	830.596	207.586	6.772	806.723	263.567	51.921	892.410	268.238	121.116	837.564	249.109	53.285	737.601	326.796	116.948	753.617	418.412	177.040	757.728	404.889	127.562	678.597	386.526	178.066	711.774
385.747	569.787	753.882	441.634	612.190	601.086	349.227	543.591	679.856	398.469	230.101	757.887	438.774	183.149	662.821	359.056	261.602	688.888	516.314	462.570	781.059	494.819	403.432	818.081	523.532	348.206	785.330	345.651	595.593	516.485	308.861	610.331	584.254	205.675	624.370	514.682	237.339	608.182	455.175	71.088	613.837	401.394	84.831	478.046	395.737	176.366	614.750	333.174	119.345	605.459	289.822	195.539	595.536	208.734	239.568	602.138	250.738	415.337	523.188	89.927	359.406	568.531	108.441	331.839	475.721	99.991	212.157	598.203	32.947	199.799	505.725	37.839	326.670	193.518	540.944	285.211	199.292	604.496	184.539	181.494	536.551	214.022	176.863	483.821	93.021	179.996	411.029	75.453	308.393	381.226	181.220	169.063	311.964	119.536	198.293	271.816	191.947	208.836	190.429	240.132	186.842	222.542	414.770	252.566	80.010	350.833	214.995	102.736	319.893	308.824	103.055	208.123	188.764	34.443	190.572	265.135	36.568	345.544	402.369	910.727	74.600	404.463	1032.704	195.543	494.096	982.333	199.629	315.854	980.419	-11.499	408.503	1206.419	-153.751	382.963	1152.665	-43.652	303.018	1107.490	-70.659	499.336	1121.175	-17.867	576.708	944.716	116.420	670.057	812.629	95.030	736.579	924.033	166.932	755.353	848.482	220.258	788.248	827.694	284.703	732.083	899.322	275.268	675.130	769.966	316.050	798.318	756.545	357.177	709.403	721.205	440.436	635.091	754.228	405.365	671.543	671.907	388.888	624.257	700.860	-28.302	246.322	962.505	93.104	153.927	817.049	70.015	66.233	911.579	139.246	61.551	835.700	207.780	7.215	811.267	264.361	52.393	896.502	268.728	121.398	841.584	248.896	53.531	741.618	326.712	117.163	757.117	418.297	177.273	760.484	404.924	127.258	681.115	385.340	178.328	713.630
385.349	569.837	757.236	440.708	611.381	603.428	348.123	543.454	682.883	398.120	230.245	761.326	438.118	183.225	664.981	358.232	261.656	692.126	515.623	462.599	783.811	494.291	403.492	821.099	522.732	348.385	787.869	345.094	595.345	518.733	307.772	610.361	586.110	204.740	624.420	515.611	236.665	608.078	456.453	71.062	613.677	401.829	84.792	478.051	396.103	176.465	614.781	333.394	119.386	605.455	290.036	195.610	595.418	208.916	239.583	602.028	250.844	415.253	523.154	90.049	359.313	568.501	108.608	331.787	475.730	100.118	212.116	598.208	32.906	199.761	505.740	37.827	325.976	193.725	542.767	282.628	198.564	606.278	183.750	181.463	537.536	213.583	176.982	484.979	93.040	180.187	411.313	75.047	308.363	381.723	181.158	169.071	312.441	119.623	198.275	272.062	191.991	208.840	190.614	240.176	186.989	222.670	414.714	252.572	80.124	350.802	215.003	102.802	319.848	308.832	103.073	208.101	188.748	34.416	190.537	265.120	36.561	345.678	402.510	914.608	75.150	404.021	1038.977	196.528	494.246	987.615	200.617	315.998	985.687	-8.583	408.645	1213.493	-151.268	382.960	1161.150	-41.558	303.061	1115.000	-68.556	499.402	1128.875	-17.208	576.901	951.706	114.689	669.486	818.914	95.882	736.550	929.898	166.628	755.532	853.427	220.441	787.919	832.247	285.235	731.753	903.011	275.025	674.930	773.686	315.718	798.228	760.461	356.440	709.499	724.925	439.832	633.538	754.055	404.881	671.762	674.933	388.278	624.333	703.862	-27.489	246.143	969.495	92.835	154.032	822.787	70.936	66.265	917.492	139.516	61.875	840.933	207.964	7.657	815.798	265.155	52.926	900.748	268.325	122.435	844.203	248.648	53.772	745.700	326.649	117.377	760.642	418.227	177.448	763.221	404.840	127.210	684.419	384.682	178.230	716.018
384.863	569.944	760.534	439.297	610.122	605.413	346.922	543.250	686.199	397.767	230.408	764.752	437.640	183.298	667.188	357.360	261.695	695.731	514.968	462.651	786.646	493.545	403.560	823.811	521.862	348.826	790.317	344.205	595.269	520.619	306.585	610.423	587.878	204.109	624.460	516.926	236.425	607.957	457.795	71.051	613.584	402.332	84.711	478.092	396.605	176.573	614.797	333.547	120.234	605.298	290.509	195.654	595.371	209.166	239.637	601.974	251.057	415.167	523.119	90.200	359.274	568.473	108.762	331.693	475.712	100.221	212.075	598.224	32.857	199.743	505.797	37.815	325.039	193.715	544.491	282.785	198.965	607.779	182.922	181.391	538.583	213.106	177.081	486.137	92.984	180.025	411.869	75.030	308.437	382.001	181.211	169.158	312.786	119.711	198.297	272.356	192.009	208.798	190.849	240.299	187.157	222.878	414.644	252.599	80.211	350.763	214.990	102.872	319.781	308.859	103.142	208.064	188.733	34.407	190.518	265.087	36.563	345.813	402.694	918.631	76.580	403.823	1045.047	197.650	494.388	993.225	201.498	316.234	990.802	-5.685	408.779	1220.845	-148.791	382.946	1169.657	-39.426	303.069	1122.619	-66.465	499.522	1136.727	-16.428	577.143	958.797	113.953	669.571	824.590	96.881	736.546	935.879	166.811	755.318	858.715	220.504	787.542	836.864	285.620	731.618	907.226	274.874	674.586	777.796	315.331	798.132	764.490	355.830	709.555	728.579	439.489	633.566	756.815	404.083	671.941	677.985	387.459	624.424	706.759	-26.542	246.012	976.740	92.682	154.160	828.610	72.000	66.322	923.594	139.864	62.236	846.501	208.137	8.154	820.538	266.097	53.460	904.877	269.851	123.443	849.331	248.412	54.009	749.985	326.059	117.973	764.408	418.121	177.622	766.044	404.802	127.204	687.685	384.388	178.082	718.882
384.427	569.950	763.922	438.402	609.411	607.893	344.290	543.787	691.359	396.982	230.768	767.141	437.086	183.397	669.471	356.304	261.872	698.999	514.248	462.680	789.395	492.900	403.674	826.934	521.094	349.005	793.203	343.761	595.064	522.975	305.539	610.491	589.878	203.475	624.523	518.098	236.057	607.850	459.397	71.128	613.554	402.860	84.658	478.116	397.104	176.665	614.842	333.780	120.338	605.367	290.766	195.683	595.303	209.441	239.653	601.842	251.212	415.071	523.072	90.357	359.196	568.411	108.972	331.627	475.700	100.333	212.068	598.269	32.831	199.718	505.818	37.799	324.211	193.771	546.383	281.531	198.807	609.436	182.182	181.306	539.574	212.632	177.164	487.276	93.036	180.258	412.295	77.559	308.484	381.354	181.371	169.271	313.041	119.864	198.213	272.690	192.090	208.811	191.090	240.732	187.935	223.683	414.587	252.602	80.306	350.716	215.001	102.930	319.706	308.883	103.209	208.051	188.695	34.396	190.493	265.065	36.544	346.022	402.869	922.673	77.947	403.901	1051.503	198.586	494.580	998.553	202.494	316.382	996.211	-2.692	408.818	1228.200	-146.236	382.900	1178.239	-37.185	303.089	1130.298	-64.342	499.583	1144.491	-15.790	577.288	966.042	113.679	669.443	830.424	97.784	736.533	941.880	167.068	755.080	864.085	220.609	787.168	841.658	286.412	731.069	911.267	274.573	674.435	781.563	314.960	798.001	768.603	355.285	709.579	732.227	439.103	633.498	759.525	403.627	672.203	680.913	386.095	625.232	709.063	-25.615	245.822	984.043	92.630	154.414	834.592	73.012	66.377	929.729	140.181	62.560	852.072	208.388	8.655	825.295	266.851	54.157	909.397	270.402	123.957	853.333	248.162	54.181	754.422	326.416	117.975	767.768	417.621	177.714	767.318	404.467	127.032	690.743	384.186	177.987	721.854
384.061	569.962	767.359	437.261	608.687	610.157	343.230	543.286	693.196	396.638	231.078	770.662	436.495	183.613	671.781	355.546	262.043	702.700	513.475	462.721	792.180	492.240	403.839	830.087	520.274	349.152	796.075	335.327	598.358	530.450	303.813	610.875	591.501	202.887	624.575	519.382	235.774	607.804	460.784	71.176	613.493	403.235	84.641	478.159	397.600	176.801	614.864	334.066	120.414	605.449	291.142	195.717	595.234	209.680	239.725	601.677	251.188	414.964	523.044	90.541	359.128	568.391	109.151	331.553	475.689	100.458	212.025	598.278	32.819	199.677	505.833	37.797	323.363	193.840	548.523	280.330	198.651	611.178	181.389	181.254	540.598	212.218	177.268	488.581	93.128	180.383	412.663	77.687	308.548	381.588	181.583	169.402	313.309	119.986	198.114	272.978	192.172	208.804	191.298	240.832	188.078	223.913	414.516	252.642	80.389	350.671	214.978	103.044	319.667	308.915	103.249	208.017	188.694	34.368	190.504	265.047	36.535	346.186	402.977	926.824	79.293	403.950	1058.046	199.535	494.721	1004.027	203.539	316.516	1001.636	0.316	408.933	1235.661	-143.650	382.961	1187.031	-34.981	303.155	1138.097	-62.055	499.607	1152.475	-15.055	577.484	973.378	113.420	669.310	836.443	98.694	736.518	947.882	167.702	754.388	869.809	221.034	786.587	846.452	286.985	730.586	915.490	274.435	674.184	785.616	314.623	797.848	772.838	354.801	709.575	735.880	438.708	633.456	762.425	402.761	672.435	684.190	385.313	625.510	711.961	-24.545	245.693	991.531	92.503	154.629	840.746	74.157	66.442	936.047	140.566	62.963	857.687	208.720	9.200	830.176	267.763	54.833	913.723	270.866	124.521	857.339	247.867	54.211	759.025	326.377	118.305	771.625	417.664	178.010	770.652	404.207	126.974	693.838	383.680	177.764	724.626
383.648	569.940	771.019	436.138	608.009	612.650	342.419	543.080	696.914	396.443	231.313	774.751	436.020	183.859	674.004	354.688	262.151	706.645	512.733	462.742	795.129	491.632	403.924	833.180	519.478	349.361	799.097	335.371	597.643	532.338	302.476	610.998	593.330	202.038	624.614	520.589	235.309	607.654	462.198	71.257	613.454	403.682	84.509	478.167	398.174	176.985	614.842	334.294	120.504	605.508	291.456	195.733	595.225	209.992	239.797	601.586	251.443	414.873	522.997	90.779	359.026	568.340	109.372	331.461	475.687	100.609	212.433	598.121	32.367	199.645	505.882	37.791	322.277	193.897	550.552	279.051	198.486	612.894	180.581	181.180	541.666	211.771	177.390	489.815	93.247	180.490	412.960	77.785	308.625	381.909	181.786	169.536	313.552	120.145	198.053	273.259	192.219	208.805	191.510	240.972	188.307	224.150	414.448	252.681	80.487	350.615	214.997	103.138	319.586	308.926	103.324	207.991	188.668	34.365	190.468	265.029	36.501	346.288	403.119	931.017	80.732	403.996	1064.661	200.669	494.848	1009.647	204.645	316.714	1007.189	3.425	409.074	1243.144	-140.916	382.974	1195.784	-32.693	303.263	1145.963	-59.854	499.632	1160.483	-14.433	577.635	980.809	113.393	669.196	842.428	99.675	736.572	954.159	167.989	754.114	875.275	221.090	786.170	851.366	287.451	730.106	919.350	274.300	673.863	789.840	314.161	797.688	777.063	354.331	709.551	739.575	438.295	633.365	765.389	401.805	672.690	687.349	384.635	625.869	714.883	-23.524	245.593	999.047	90.819	154.075	847.307	75.270	66.488	942.373	140.932	63.328	863.263	209.008	9.763	835.128	268.648	55.536	918.270	270.193	124.598	860.121	247.799	54.313	763.566	326.340	118.559	775.320	417.651	178.399	773.892	403.917	126.476	696.370	383.455	177.635	727.708
383.327	569.915	774.422	434.923	607.219	615.035	341.814	542.862	700.878	396.107	231.495	778.536	435.552	184.174	676.316	353.759	262.295	710.747	511.972	462.734	798.126	490.918	404.058	836.498	518.607	349.540	802.172	335.973	596.591	533.336	301.677	610.949	595.360	201.278	624.669	521.908	235.039	607.534	463.893	71.400	613.419	404.096	84.534	478.187	398.684	177.126	614.855	334.520	120.580	605.491	291.743	195.737	595.125	210.187	239.825	601.626	251.966	414.759	522.957	90.966	358.972	568.294	109.585	331.397	475.652	100.784	212.495	598.179	32.331	199.614	505.898	37.784	321.373	193.938	552.618	278.564	197.872	613.840	179.811	181.074	542.750	211.302	177.436	491.136	93.360	180.638	413.415	77.911	308.658	382.187	182.022	169.665	313.884	120.278	197.925	273.548	192.287	208.822	191.709	241.108	188.436	224.326	414.367	252.715	80.591	350.566	214.992	103.230	319.508	308.971	103.386	207.968	188.638	34.371	190.446	265.011	36.512	346.440	403.298	935.187	82.199	404.084	1071.427	201.710	494.873	1015.384	205.691	316.889	1012.871	6.623	409.222	1250.522	-138.219	383.062	1204.677	-30.430	303.292	1153.879	-57.455	499.685	1168.633	-13.997	577.822	988.792	113.441	668.987	848.789	100.684	736.555	960.374	168.175	753.795	880.830	221.170	785.685	856.298	287.884	729.635	923.324	273.901	673.710	793.738	313.754	797.497	781.251	353.819	709.521	743.325	437.514	633.503	766.467	401.216	672.918	690.608	388.058	627.558	716.081	-22.436	245.425	1006.679	90.407	153.970	853.721	76.499	66.564	948.780	141.358	63.694	869.081	209.283	10.350	840.182	269.616	56.333	922.869	270.741	125.189	864.199	247.782	54.564	768.201	325.887	119.126	779.394	417.726	178.399	777.548	403.557	126.317	699.550	382.015	176.779	729.277
382.897	569.937	778.093	433.800	606.500	617.538	340.683	542.696	704.376	395.680	231.687	782.241	435.249	184.492	678.669	352.630	262.376	714.808	511.170	462.823	801.031	490.207	404.177	839.687	517.722	349.648	805.249	336.360	595.807	535.013	300.888	610.878	597.382	200.386	624.734	523.223	234.768	607.509	465.463	71.448	613.324	404.529	84.532	478.206	399.204	177.215	614.927	334.958	120.678	605.481	291.996	195.774	595.013	210.416	239.898	601.456	252.190	414.651	522.899	91.153	358.898	568.214	109.790	331.307	475.645	100.939	212.403	598.227	32.457	199.552	505.921	37.763	320.420	193.912	554.725	277.257	197.693	615.601	179.064	180.993	543.902	210.819	177.528	492.362	93.501	180.647	413.868	78.063	308.672	382.411	182.266	169.786	314.199	120.425	197.867	273.769	192.338	208.829	191.996	241.202	188.536	224.658	414.261	252.754	80.726	350.504	214.990	103.335	319.449	309.011	103.470	207.938	188.598	34.330	190.438	264.996	36.485	346.622	403.384	939.481	83.707	404.158	1078.164	202.771	494.998	1021.027	206.830	317.098	1018.552	9.788	409.326	1258.208	-135.451	383.034	1213.589	-28.105	303.292	1161.857	-55.121	499.656	1176.812	-13.206	578.033	996.296	112.705	668.459	855.349	101.645	736.556	966.690	168.376	753.429	886.576	221.226	785.204	861.386	288.511	729.072	927.768	273.803	673.337	798.068	313.248	797.252	785.649	353.238	709.483	747.146	437.111	633.469	769.870	400.407	673.171	693.786	387.097	627.768	719.311	-21.272	245.229	1014.459	90.580	154.379	860.320	77.664	66.643	955.353	141.819	64.142	874.979	209.641	10.933	845.426	270.570	57.108	927.455	271.318	125.859	868.426	247.974	55.710	772.091	325.811	119.401	783.260	417.583	178.583	780.538	403.067	126.141	702.799	382.084	176.770	732.733
382.506	569.921	781.720	432.460	605.755	619.954	340.234	542.612	708.546	394.886	232.116	785.544	434.755	184.803	681.019	351.406	262.502	718.855	510.360	462.841	804.173	489.485	404.353	843.075	516.792	349.804	808.344	339.410	594.272	534.043	299.933	610.831	599.431	199.935	624.820	524.614	234.221	607.349	467.034	71.601	613.258	404.990	84.710	478.225	399.593	177.353	614.908	335.198	120.799	605.481	292.243	195.769	594.893	210.642	240.010	601.268	252.266	414.512	522.825	91.353	358.818	568.138	109.953	331.193	475.614	101.108	212.278	598.280	32.538	199.501	505.957	37.742	319.624	194.065	556.632	275.878	197.619	617.679	178.246	180.882	545.024	210.363	177.603	493.827	93.839	180.809	414.150	75.757	308.642	383.636	182.491	169.894	314.520	120.549	197.852	273.973	192.392	208.855	192.299	241.340	188.659	224.890	414.176	252.812	80.829	350.950	214.655	103.784	319.414	309.034	103.511	207.901	188.563	34.257	190.403	264.960	36.509	346.838	403.555	943.838	85.266	404.212	1085.140	203.865	495.020	1026.668	207.962	317.286	1024.324	13.037	409.392	1265.885	-132.694	383.068	1222.578	-25.755	303.326	1169.871	-52.563	499.742	1185.118	-12.252	578.154	1004.326	112.298	668.097	861.797	102.593	736.540	973.074	168.607	753.115	892.255	220.899	784.836	866.284	289.105	728.472	932.314	273.620	672.943	802.382	312.743	797.079	789.985	352.596	709.441	751.028	436.859	633.396	773.212	399.073	673.551	697.287	385.632	627.758	722.757	-20.079	245.097	1022.287	92.308	155.736	866.786	78.868	66.700	961.895	142.292	64.559	880.979	209.987	11.590	850.787	271.577	57.974	932.249	271.858	126.607	872.693	247.732	55.983	776.733	326.148	119.405	786.978	417.374	178.775	783.592	402.804	126.124	706.497	381.591	176.552	735.721
381.537	570.021	783.923	431.308	605.128	622.651	339.719	542.530	712.921	394.335	232.437	789.180	434.391	185.135	683.637	350.261	262.629	723.077	509.584	462.759	807.221	488.929	404.307	846.322	515.830	349.998	811.562	338.345	594.220	536.840	298.825	610.881	601.581	199.133	624.833	525.981	233.964	607.266	468.715	71.739	613.221	405.536	84.694	478.256	400.074	177.557	614.873	335.477	120.906	605.499	292.636	195.827	594.819	210.919	240.073	601.195	252.578	414.399	522.737	91.560	358.767	568.029	110.170	331.061	475.564	101.269	212.164	598.369	32.650	199.459	505.970	37.748	318.793	194.153	558.753	274.074	197.660	620.038	177.515	180.755	546.158	209.936	177.678	495.083	93.946	180.921	414.575	75.787	308.629	384.006	182.728	169.975	314.910	120.702	197.807	274.203	192.476	208.910	192.690	241.491	188.766	225.113	414.064	252.865	80.968	350.813	214.384	103.800	319.355	309.089	103.577	207.859	188.549	34.241	190.375	264.945	36.464	347.012	403.719	948.142	87.074	404.100	1092.067	205.015	495.053	1032.545	209.085	317.487	1030.039	16.297	409.374	1273.572	-129.845	383.094	1231.564	-23.385	303.376	1177.980	-50.100	499.784	1193.470	-11.341	578.314	1012.391	112.215	667.809	868.425	103.482	736.506	979.491	168.761	752.717	898.015	220.970	784.317	871.550	289.708	727.846	936.972	273.167	671.703	807.444	312.199	796.823	794.388	351.882	709.398	754.993	436.397	633.123	776.646	398.513	673.728	700.558	384.688	627.932	725.807	-18.849	244.889	1030.249	92.580	156.054	873.366	80.022	66.648	968.542	142.784	65.071	887.059	209.633	11.824	856.311	272.465	58.759	937.002	272.492	127.344	877.015	247.484	56.254	781.634	325.184	119.440	790.166	417.182	178.942	786.662	402.353	125.963	709.816	381.339	176.510	739.144
381.169	570.142	787.697	429.998	604.435	625.361	338.943	542.410	717.145	393.813	232.573	793.090	433.879	185.570	686.004	349.059	262.822	727.170	508.664	462.811	810.304	488.319	404.443	849.918	514.816	350.114	814.716	337.812	594.003	538.987	297.622	610.934	603.684	198.387	624.880	527.438	233.801	607.193	470.511	71.892	613.193	406.102	84.755	478.288	400.591	177.736	614.839	335.783	121.044	605.539	292.997	195.822	594.721	211.186	240.171	601.112	252.863	414.257	522.641	91.791	358.662	567.926	110.413	330.919	475.512	101.477	212.054	598.417	32.685	199.387	505.995	37.723	317.926	194.211	560.827	272.840	197.479	621.881	176.747	180.662	547.334	209.494	177.734	496.498	94.199	180.941	415.108	76.372	308.720	384.097	183.004	170.102	315.204	120.934	197.783	274.517	192.545	208.962	192.998	241.615	188.839	225.343	413.986	252.955	81.105	350.653	214.291	104.073	319.627	309.305	103.410	207.800	188.515	34.218	190.341	264.934	36.433	347.224	403.862	952.575	88.706	404.181	1099.145	206.134	495.131	1038.400	210.313	317.716	1035.946	19.571	409.329	1281.381	-127.010	383.119	1240.652	-21.022	303.344	1186.079	-47.524	499.770	1201.888	-10.420	578.437	1020.511	112.067	667.401	875.245	104.481	736.506	986.061	168.953	752.326	903.994	221.039	783.722	876.703	290.384	727.255	941.555	272.565	671.590	811.579	311.547	796.558	798.969	351.081	709.361	759.030	435.907	632.989	779.825	397.884	673.920	704.037	384.220	628.156	729.048	-17.659	244.693	1038.360	92.746	156.460	880.325	81.199	66.638	975.168	143.379	65.691	893.247	210.622	12.885	861.619	273.210	59.597	942.104	273.076	128.077	881.451	247.225	56.533	786.736	325.194	119.845	794.515	416.298	178.918	788.214	401.142	125.323	713.437	380.935	176.346	742.581
380.787	569.935	792.092	428.688	603.724	628.159	338.086	542.363	721.167	393.322	232.706	797.123	433.371	185.916	688.521	347.831	263.024	731.348	507.764	462.870	813.567	487.648	404.537	853.545	513.841	350.372	818.235	337.178	593.792	541.532	296.438	611.017	605.828	197.780	625.031	528.756	233.240	606.502	472.448	72.117	613.223	406.809	84.792	478.350	401.149	177.920	614.786	336.056	121.233	605.682	293.734	195.859	594.702	211.496	240.241	600.973	253.105	413.982	522.471	91.768	358.549	567.774	110.656	330.756	475.451	101.696	211.988	598.451	32.667	199.348	506.029	37.739	317.030	194.301	563.016	271.633	197.225	623.691	175.986	180.548	548.524	209.087	177.804	497.879	94.332	181.026	415.632	76.539	308.724	384.547	183.222	170.171	315.472	121.096	197.684	274.976	192.605	208.916	193.116	241.741	188.963	225.575	413.869	252.992	81.248	350.579	214.364	104.600	319.469	309.309	103.566	207.768	188.491	34.183	190.316	264.935	36.417	347.462	404.028	957.039	90.374	404.262	1106.194	207.252	495.162	1044.450	211.563	317.965	1041.767	22.880	409.288	1289.211	-124.203	383.064	1249.696	-18.588	303.288	1194.130	-44.985	499.762	1210.357	-9.517	578.616	1028.606	111.948	666.908	882.002	105.431	736.529	992.676	169.180	751.897	909.821	220.998	783.096	881.986	291.157	726.565	946.346	272.282	671.168	816.109	310.906	796.318	803.464	350.253	709.318	763.120	435.374	632.876	782.994	396.211	674.356	707.465	383.385	628.395	732.158	-16.357	244.498	1046.605	92.911	156.859	887.002	82.354	66.671	981.918	143.903	66.201	899.629	211.109	13.495	867.054	274.087	60.402	947.066	273.739	128.790	885.960	246.923	56.830	791.878	324.665	120.416	798.813	416.324	179.912	791.552	401.169	125.595	716.547	380.210	176.086	745.754
380.428	569.884	796.562	427.217	603.017	630.934	337.036	542.312	725.482	392.596	232.858	800.966	433.132	186.162	691.187	346.573	263.177	735.446	506.836	462.898	816.832	486.919	404.658	857.207	512.898	350.516	821.673	336.465	593.592	544.029	295.251	611.099	608.135	197.221	625.015	530.417	233.083	606.939	474.100	72.233	613.408	407.540	84.993	478.414	401.915	178.103	614.729	336.496	121.412	605.786	294.366	195.887	594.678	211.787	240.340	600.830	253.332	413.821	522.313	91.994	358.434	567.614	110.903	330.602	475.286	101.828	211.949	598.476	32.719	199.255	506.051	37.729	316.139	194.389	565.157	270.285	196.955	625.557	175.235	180.385	549.763	208.668	177.880	499.319	94.395	180.804	416.503	76.765	308.678	384.882	183.476	170.225	315.726	121.269	197.615	275.450	192.707	208.920	193.336	241.854	189.057	225.794	413.751	253.079	81.395	350.359	214.316	104.841	319.234	309.246	103.799	207.715	188.472	34.154	190.290	264.927	36.414	347.697	404.176	961.568	92.126	404.393	1113.467	208.418	495.201	1050.577	212.898	318.221	1047.817	26.113	409.214	1297.075	-121.342	383.005	1258.957	-16.291	303.274	1202.342	-42.520	500.026	1219.221	-8.323	578.768	1037.005	111.794	666.502	889.009	106.385	736.486	999.335	168.955	751.608	916.469	221.012	782.466	887.422	291.785	725.769	951.148	271.926	670.882	820.365	310.128	796.053	808.195	349.417	709.275	767.261	434.768	632.319	784.499	395.028	674.541	710.863	382.603	628.611	735.433	-15.001	244.351	1054.895	92.576	157.003	894.424	83.458	66.655	988.710	144.522	66.820	905.886	211.516	14.266	872.808	275.122	61.250	952.079	274.161	129.392	890.260	246.656	57.178	797.167	324.625	120.714	803.255	416.339	180.143	795.247	400.309	125.624	720.345	379.938	176.077	749.473
379.974	569.828	800.685	425.771	602.392	633.833	336.078	542.218	729.581	391.847	233.039	805.041	432.708	186.522	693.819	345.265	263.370	739.794	505.822	463.017	820.354	485.810	404.879	860.671	511.926	350.600	825.291	335.669	593.427	546.607	294.121	611.171	610.364	196.724	625.117	532.212	232.664	606.297	476.171	72.329	613.403	408.384	84.950	478.453	402.791	178.428	614.644	336.966	121.565	605.823	294.732	195.906	594.800	212.214	240.483	600.700	253.541	413.740	522.167	92.409	358.285	567.453	111.180	330.426	475.191	102.028	211.899	598.482	32.693	199.190	506.047	37.732	315.268	194.422	567.355	269.055	196.731	627.612	174.484	180.245	550.924	208.249	177.879	500.810	94.598	180.810	417.106	78.698	308.572	384.853	183.734	170.287	316.010	121.445	197.565	275.882	192.738	208.908	193.658	242.013	189.274	226.064	413.641	253.196	81.626	350.240	214.327	105.009	319.001	309.220	104.036	207.686	188.437	34.123	190.251	264.891	36.394	347.943	404.345	966.061	93.893	404.463	1120.844	209.627	495.217	1056.841	214.177	318.484	1053.818	29.383	409.089	1305.037	-118.457	382.997	1268.147	-13.854	303.240	1210.626	-39.893	500.033	1227.891	-7.330	578.940	1045.444	111.030	666.065	895.944	107.350	736.452	1006.129	169.030	751.107	922.563	220.955	781.811	892.920	292.393	725.067	956.036	271.540	670.496	825.009	309.479	795.785	813.021	348.564	709.234	771.454	434.096	632.321	787.695	394.350	674.758	714.539	381.749	628.850	738.806	-13.609	244.212	1063.219	92.976	157.476	901.565	84.579	66.602	995.643	145.030	67.306	912.559	211.781	14.882	878.685	276.015	62.209	957.008	274.807	130.073	894.999	245.378	56.935	802.588	324.328	120.957	807.596	415.809	179.913	799.135	399.516	125.420	723.942	379.049	175.765	752.913
379.386	569.836	804.613	424.364	601.773	636.732	335.124	542.101	733.873	390.997	233.225	809.037	432.436	186.788	696.770	343.937	263.513	744.052	504.803	463.057	823.756	485.059	404.961	864.350	510.710	350.781	828.261	333.472	593.375	550.942	292.899	611.250	612.648	196.164	625.174	533.719	232.246	606.185	478.064	72.519	613.376	408.999	84.971	478.457	403.372	178.736	614.585	337.475	121.758	605.860	295.073	196.049	594.734	212.553	240.612	600.689	254.113	413.551	521.983	92.661	358.139	567.256	111.435	330.270	475.090	102.266	211.877	598.530	32.565	199.119	506.060	37.706	314.419	194.493	569.584	267.707	196.478	629.570	173.699	180.030	552.235	207.863	177.969	502.348	94.787	180.657	417.612	77.275	308.664	385.828	183.983	170.364	316.337	121.645	197.509	276.329	192.800	208.919	193.980	242.132	189.420	226.331	413.534	253.319	81.899	350.122	214.368	105.185	318.861	309.251	104.184	207.640	188.419	34.112	190.221	264.891	36.380	348.201	404.515	970.641	95.706	404.600	1128.216	210.769	495.236	1063.058	215.476	318.771	1059.846	32.621	408.942	1312.948	-115.576	382.939	1277.210	-11.441	303.217	1218.946	-37.262	499.965	1236.533	-6.331	579.087	1053.989	110.721	665.506	903.008	108.343	736.421	1012.945	169.137	750.589	928.866	221.225	780.982	898.507	292.592	724.420	961.025	271.221	670.099	829.617	308.797	795.501	817.913	347.691	709.196	775.698	433.080	632.762	791.777	393.410	674.988	718.295	380.630	629.128	742.107	-12.190	244.135	1071.737	93.726	158.385	908.738	85.604	66.570	1002.419	145.643	67.949	919.134	211.968	15.421	884.535	276.916	63.017	962.426	275.466	130.782	899.913	245.719	57.743	808.105	324.003	121.184	811.924	415.363	180.008	802.706	398.603	125.242	727.619	378.288	175.614	756.486
378.795	569.771	808.470	422.858	601.163	639.731	334.367	541.881	738.038	390.051	233.395	813.093	431.791	187.173	699.400	342.533	263.704	748.242	503.755	463.127	827.185	484.112	405.071	867.685	509.325	351.116	831.412	332.800	593.220	553.422	291.796	611.303	615.116	196.777	625.787	534.652	232.174	606.180	480.188	72.765	613.379	409.670	84.998	478.487	404.049	179.042	614.487	337.990	122.040	605.975	295.700	196.165	594.657	212.922	240.781	600.533	254.571	413.355	521.808	92.920	357.977	567.074	111.769	330.106	474.989	102.469	211.833	598.507	32.665	199.017	506.058	37.681	313.530	194.569	572.024	266.348	196.218	631.638	173.026	179.915	553.534	207.526	178.001	503.785	95.227	180.840	418.011	77.556	308.611	386.329	184.311	170.461	316.759	121.869	197.501	276.669	192.918	208.982	194.476	242.305	189.562	226.661	413.399	253.422	82.073	349.939	214.265	105.167	318.814	309.324	104.338	207.621	188.392	34.087	190.201	264.890	36.336	348.528	404.673	975.344	97.467	404.745	1135.630	212.016	495.174	1069.502	216.928	318.964	1066.265	36.097	408.864	1320.982	-112.756	382.852	1286.389	-9.014	303.250	1227.347	-34.631	500.012	1245.346	-5.247	579.264	1062.631	110.354	664.892	910.405	109.391	736.343	1019.934	169.356	750.041	935.110	221.250	780.253	904.205	293.329	723.195	965.567	270.800	669.515	834.560	308.015	795.223	822.832	346.798	709.160	779.990	432.322	632.805	796.173	392.505	675.252	721.978	379.663	629.341	745.511	-10.736	244.037	1080.204	94.229	158.985	916.168	86.615	66.530	1009.360	146.280	68.655	925.544	212.236	16.043	890.501	277.682	63.751	967.791	276.060	131.462	904.937	245.301	58.038	813.810	323.144	121.574	816.124	414.748	180.099	806.366	397.642	125.048	731.805	377.375	175.419	760.239
378.109	569.780	812.583	421.206	600.527	642.691	333.647	541.608	742.124	389.014	233.516	817.173	431.193	187.497	702.301	341.137	263.890	752.418	502.704	463.189	830.630	482.976	405.420	870.920	508.187	351.229	834.930	332.746	591.002	555.107	290.994	611.680	617.555	196.316	625.885	536.471	231.745	606.042	482.070	73.031	613.395	410.515	82.264	478.050	405.955	179.373	614.381	338.478	122.285	606.046	296.373	196.208	594.706	213.490	240.917	600.380	254.952	413.179	521.628	93.217	357.821	566.874	112.068	329.946	474.874	102.661	211.823	598.515	32.653	198.953	506.073	37.667	312.615	194.687	574.267	265.058	195.949	633.687	172.307	179.731	554.884	207.139	178.057	505.453	95.535	180.910	418.752	77.512	308.585	386.979	184.581	170.509	317.249	122.066	197.476	277.200	193.023	208.964	194.842	242.468	189.701	227.014	413.270	253.530	82.234	349.788	214.286	105.368	318.726	309.390	104.462	207.574	188.381	34.087	190.135	264.880	36.321	348.818	404.829	980.079	99.326	404.867	1143.207	213.214	495.227	1075.813	218.393	319.182	1072.573	39.290	408.750	1329.137	-109.933	382.777	1295.639	-6.652	303.162	1235.801	-32.080	499.903	1254.112	-4.402	579.393	1071.418	110.069	664.485	917.664	110.375	736.294	1027.003	169.294	749.553	941.316	221.334	779.447	909.672	293.730	722.389	970.447	270.477	669.160	839.394	307.278	794.924	827.907	345.854	709.129	784.349	431.494	632.658	799.571	391.332	675.610	725.858	378.514	629.586	748.987	-9.269	244.053	1088.723	94.704	159.606	923.735	87.563	66.454	1016.330	146.789	69.299	932.315	212.253	16.630	896.777	278.585	64.557	973.107	276.601	132.085	910.071	244.726	58.305	819.685	322.512	121.770	820.720	413.586	179.941	809.302	396.633	124.995	735.799	375.572	174.778	763.527
377.351	569.842	816.696	419.612	600.064	645.939	332.940	541.371	746.343	387.960	233.669	821.316	430.621	187.831	705.387	339.665	264.074	756.793	501.543	463.223	834.195	482.100	405.505	874.591	507.000	351.371	838.503	331.913	590.984	558.228	289.871	611.737	620.076	195.929	625.870	538.353	231.683	606.055	484.302	73.355	613.360	411.490	85.122	478.523	405.559	179.669	614.335	339.076	122.516	606.077	296.783	196.312	594.639	213.966	241.093	600.195	255.257	413.015	521.475	93.578	357.703	566.699	112.400	329.824	474.866	102.945	211.813	598.512	32.688	198.868	506.064	37.699	311.713	194.737	576.751	263.760	195.699	635.762	171.594	179.539	556.233	206.802	178.100	507.019	95.722	180.881	419.433	76.640	308.633	388.111	184.981	170.623	317.696	122.333	197.369	277.794	193.074	208.990	195.242	242.649	189.812	227.305	413.122	253.660	82.455	349.652	214.375	105.620	318.662	309.465	104.571	207.527	188.366	34.049	190.082	264.877	36.342	349.169	405.009	984.913	101.173	405.051	1150.851	214.065	495.420	1081.762	219.847	319.386	1078.983	42.410	408.590	1337.351	-107.145	382.691	1304.888	-4.245	303.107	1244.274	-29.481	499.915	1262.956	-3.202	579.601	1080.229	109.784	663.937	925.177	111.292	736.171	1034.077	169.561	748.910	947.628	221.386	778.678	915.553	294.026	721.487	975.182	270.124	668.931	844.210	306.479	794.628	833.039	344.848	709.103	788.774	430.513	632.510	803.065	390.008	675.902	729.848	377.046	629.807	752.535	-7.699	243.986	1097.320	94.962	160.267	931.523	88.501	66.388	1023.356	147.351	69.863	938.958	212.618	16.965	902.765	279.656	65.349	978.955	277.160	132.691	915.332	244.198	58.564	825.743	321.816	121.976	825.205	412.855	180.091	813.065	395.535	124.860	739.666	374.438	174.766	767.440
376.585	569.812	820.811	418.253	599.591	649.413	328.745	542.327	750.554	386.803	233.826	825.633	429.957	188.115	708.403	338.193	264.245	761.190	500.435	463.295	837.885	481.232	405.604	878.340	505.816	351.495	842.090	332.158	590.767	558.004	288.740	611.844	622.569	194.980	625.781	540.108	231.391	605.949	486.327	73.640	613.348	412.326	85.564	478.586	406.184	180.052	614.211	339.535	122.819	606.145	297.420	196.382	594.834	214.729	241.282	600.004	255.688	412.836	521.133	93.734	357.538	566.531	112.663	329.637	474.743	103.174	211.798	598.490	32.665	198.805	506.062	37.655	310.890	194.869	579.098	262.484	195.447	637.891	170.909	179.380	557.587	206.466	178.169	508.673	96.004	180.749	420.106	79.207	308.577	387.776	185.350	170.723	318.177	122.602	197.337	278.250	193.156	208.979	195.562	242.825	189.901	227.645	412.970	253.787	82.629	349.593	214.591	105.924	318.589	309.543	104.723	207.503	188.363	34.050	190.043	264.872	36.306	349.518	405.159	989.779	103.092	405.237	1158.560	215.300	495.571	1088.262	221.348	319.556	1085.357	45.458	408.410	1345.619	-104.355	382.656	1314.117	-1.796	303.139	1252.864	-26.874	499.897	1271.825	-2.157	579.831	1088.943	109.639	663.447	932.680	112.319	736.126	1041.312	169.692	748.361	954.343	221.335	778.004	921.613	294.455	720.568	980.410	269.762	668.603	849.248	305.695	794.328	838.269	343.782	709.080	793.272	429.574	632.405	806.508	388.421	676.188	733.616	376.049	630.086	756.072	-6.209	243.929	1106.038	95.699	160.963	939.235	89.423	66.313	1030.388	147.841	70.422	945.828	212.963	17.410	909.098	280.462	66.008	984.583	277.653	133.196	920.775	243.476	58.851	831.827	321.174	122.103	829.943	411.865	180.263	816.738	394.228	124.710	743.741	373.925	175.027	771.650
375.795	569.833	824.994	416.896	599.171	653.002	327.310	542.207	754.850	385.488	233.952	829.892	429.272	188.366	711.789	336.555	264.407	765.530	499.239	463.368	841.498	480.280	405.716	882.085	504.589	351.577	845.709	331.459	590.612	560.813	287.571	611.965	625.177	194.409	625.738	542.319	231.318	605.905	488.581	73.956	613.299	413.122	85.506	478.634	407.300	180.563	614.012	340.081	123.016	606.282	298.406	196.434	594.856	215.265	241.491	599.839	256.787	412.668	520.961	94.079	357.408	566.374	112.948	329.463	474.650	103.422	211.788	598.487	32.644	198.713	506.057	37.659	310.068	194.974	581.568	261.156	195.179	640.085	170.299	179.211	559.044	206.152	178.193	510.407	96.223	180.450	421.129	77.141	308.555	389.153	185.771	170.783	318.742	122.900	197.293	278.716	193.242	208.994	195.965	243.017	189.972	228.015	412.829	253.969	82.808	349.430	214.722	106.043	318.477	309.645	104.851	207.456	188.356	34.039	189.974	264.863	36.299	349.806	405.245	994.606	105.000	405.411	1166.333	216.619	495.736	1094.760	222.804	319.767	1091.762	48.494	408.282	1354.036	-101.651	382.553	1323.401	0.604	303.118	1261.577	-24.383	499.819	1280.709	-1.058	580.010	1097.887	109.370	662.991	940.342	113.401	736.106	1048.595	169.877	747.769	961.024	221.249	777.261	927.733	294.882	719.652	985.738	269.377	668.266	854.322	304.857	794.017	843.505	342.659	709.060	797.851	428.511	632.272	810.016	387.213	676.555	737.544	372.518	630.457	759.762	-4.642	243.904	1114.770	96.284	161.634	947.102	90.343	66.273	1037.578	148.166	70.945	952.529	213.125	17.810	915.608	281.334	66.569	990.057	278.083	133.710	926.340	242.745	59.116	837.929	320.512	122.078	834.724	410.864	180.421	820.584	392.820	124.533	747.878	372.669	174.971	775.519
374.911	569.831	829.195	415.220	598.708	656.468	325.402	542.219	758.879	384.174	234.112	834.254	428.240	188.745	714.935	334.953	264.627	769.894	497.967	463.347	845.162	479.306	405.802	885.963	503.302	351.646	849.440	330.773	590.276	563.590	286.395	612.048	627.691	192.518	625.622	544.524	231.162	605.835	490.677	74.310	613.270	414.021	85.820	478.682	408.016	180.958	613.882	340.735	123.293	606.425	299.201	196.627	594.747	215.699	241.706	599.646	257.203	412.420	520.804	94.407	357.251	566.223	113.236	329.287	474.561	103.687	211.768	598.494	32.636	198.646	506.066	37.651	309.105	194.928	584.298	259.876	194.927	642.306	169.593	179.052	560.545	205.871	178.288	512.183	96.702	180.621	421.692	77.262	308.545	390.123	186.193	170.866	319.164	123.229	197.204	279.449	193.425	209.014	196.629	243.259	190.121	228.393	412.686	254.208	83.056	349.305	215.059	105.795	318.410	309.767	105.024	207.422	188.350	34.020	189.927	264.879	36.275	349.805	405.626	998.912	106.911	405.635	1174.163	217.922	495.977	1101.346	224.121	320.143	1097.820	51.420	408.169	1362.498	-98.940	382.442	1332.686	2.936	303.230	1270.306	-21.912	499.770	1289.683	0.263	580.275	1106.891	109.160	662.524	947.987	114.491	736.066	1056.016	170.033	747.178	967.726	221.180	776.502	933.761	295.281	718.726	991.056	268.953	668.047	859.482	303.996	793.692	849.057	341.492	709.045	802.528	427.317	632.157	813.676	385.803	676.894	741.693	371.694	630.644	763.587	-3.008	243.846	1123.705	96.779	162.225	954.970	91.227	66.215	1044.971	148.727	71.563	959.596	213.302	18.173	922.202	282.255	67.138	996.192	278.421	134.179	931.942	242.013	59.321	844.186	319.736	122.200	839.767	409.518	180.575	824.451	391.250	124.396	752.258	371.087	174.790	779.578
373.878	569.817	833.494	413.465	598.225	659.628	324.074	542.127	763.058	383.284	234.452	838.974	427.567	188.912	718.621	332.700	264.582	773.895	496.758	463.717	849.050	478.395	405.869	889.848	502.029	351.748	853.234	329.882	590.241	566.742	285.258	612.117	630.488	192.428	626.035	546.444	230.165	604.291	492.640	74.612	613.219	415.204	86.036	478.772	408.949	181.299	613.811	341.465	123.614	606.437	299.899	196.807	594.741	216.358	241.921	599.493	257.626	412.211	520.670	94.698	357.073	566.067	113.527	329.108	474.393	103.902	211.751	598.477	32.659	198.588	506.050	37.632	308.274	195.072	586.836	258.520	194.659	644.445	168.937	178.874	562.043	205.618	178.337	513.846	97.000	180.559	422.490	77.614	308.509	390.675	186.643	170.944	319.595	123.581	197.131	280.068	193.501	208.979	197.200	243.488	190.184	228.809	412.538	254.400	83.246	349.185	215.213	105.945	318.359	309.904	105.215	207.394	188.361	34.007	189.853	264.911	36.283	350.137	405.846	1003.767	108.851	405.848	1182.130	219.255	496.073	1108.013	225.568	320.327	1104.221	54.258	408.088	1371.089	-96.292	382.363	1342.009	5.360	303.200	1279.181	-19.427	499.769	1298.765	1.519	580.507	1115.971	108.800	662.098	955.964	115.618	736.062	1063.516	170.175	746.734	974.455	221.083	775.787	940.151	295.687	717.787	996.576	268.348	667.737	864.654	303.182	793.430	854.616	340.282	709.035	807.303	426.158	632.012	817.224	383.908	677.187	745.792	370.535	630.878	767.608	-1.374	243.892	1132.566	97.266	162.825	963.194	92.192	66.177	1052.247	149.243	72.110	966.893	213.378	18.441	928.891	283.112	67.754	1002.013	278.702	134.572	937.717	241.055	59.537	850.584	318.947	122.389	845.074	408.344	180.783	828.484	389.801	124.236	756.712	369.597	174.774	783.663
372.798	569.855	837.776	412.694	598.361	663.917	322.742	542.036	767.378	381.330	234.439	843.146	426.707	189.122	722.082	331.019	264.795	778.481	495.550	463.873	852.937	477.444	405.977	893.805	500.724	351.783	857.017	329.050	590.246	570.388	284.118	612.242	633.233	192.305	625.681	548.551	231.083	605.409	495.511	74.982	613.146	416.087	86.413	478.777	409.569	181.758	613.665	342.113	123.960	606.551	300.722	196.926	594.746	216.845	242.146	599.474	257.716	412.036	520.587	95.032	356.918	565.947	113.807	328.942	474.329	104.175	211.726	598.468	32.662	198.502	506.062	37.619	307.474	195.194	589.589	257.210	194.442	646.784	168.374	178.712	563.511	205.346	178.436	515.821	97.432	180.497	423.435	80.441	308.442	390.436	187.169	171.015	320.174	123.895	197.088	280.643	193.623	208.980	197.737	243.751	190.349	229.201	412.394	254.589	83.415	349.071	215.346	106.105	318.261	310.047	105.369	207.340	188.383	33.981	189.793	264.927	36.277	350.491	406.025	1008.660	110.777	406.104	1190.180	220.539	496.215	1114.518	226.875	320.640	1110.439	57.053	408.023	1379.846	-93.634	382.251	1351.321	7.747	303.219	1288.086	-17.026	499.747	1307.827	2.818	580.717	1125.110	108.575	661.713	963.905	116.719	736.064	1071.113	170.297	746.211	981.377	220.975	775.078	946.310	296.043	716.792	1002.149	267.659	667.450	869.903	302.320	793.120	860.293	339.036	709.029	812.183	424.768	631.865	821.031	382.266	677.556	750.112	369.015	631.128	771.517	0.306	243.930	1141.567	97.775	163.322	971.367	93.211	66.174	1059.914	149.655	72.553	974.091	213.552	18.693	935.720	283.978	68.305	1008.130	278.940	134.997	943.539	240.152	59.737	856.955	318.020	122.613	850.482	407.019	181.045	832.526	388.034	124.153	761.177	367.948	174.723	787.907
371.275	570.240	841.338	410.607	597.866	667.137	321.392	541.946	771.611	379.813	234.593	847.791	425.578	189.442	725.685	329.749	265.441	783.106	494.257	463.905	856.865	476.432	406.054	897.820	499.386	351.855	860.947	328.100	590.431	575.352	282.867	612.336	635.973	191.989	625.915	550.649	230.940	604.541	497.994	75.578	612.924	417.052	86.758	478.680	410.315	182.296	613.564	342.803	124.338	606.589	301.429	196.993	594.816	217.530	242.410	599.253	258.789	411.838	520.522	95.363	356.768	565.817	114.113	328.822	474.267	104.424	211.708	598.470	32.666	198.452	506.053	37.593	306.590	195.293	592.186	255.871	194.228	649.036	167.871	178.588	565.085	205.103	178.490	517.623	97.666	180.216	424.569	79.225	308.658	391.629	187.648	171.012	320.689	124.281	197.021	281.354	193.797	208.976	198.272	244.007	190.529	229.611	412.250	254.802	83.590	348.977	215.499	106.282	318.168	310.182	105.503	207.300	188.395	33.960	189.733	264.936	36.277	350.820	406.222	1013.697	112.754	406.310	1198.328	221.830	496.391	1121.167	228.399	320.908	1116.895	59.697	408.020	1388.683	-91.074	382.153	1360.651	10.225	303.233	1297.081	-14.708	499.681	1316.942	4.032	580.848	1134.330	108.370	661.311	971.937	117.806	736.047	1078.746	170.522	745.649	988.478	220.941	774.356	952.844	296.360	715.955	1007.686	266.677	667.038	875.038	301.490	792.843	865.996	337.756	709.028	817.169	423.465	631.689	824.879	380.462	677.892	754.485	367.176	631.372	775.354	2.057	243.998	1150.629	98.463	163.820	979.625	94.278	66.184	1067.682	150.155	72.954	981.614	213.663	18.930	942.538	284.879	68.781	1014.328	279.039	135.346	949.391	239.289	59.880	863.511	317.069	122.692	855.917	405.631	181.357	836.698	386.368	124.019	765.757	366.362	174.777	792.100
370.109	570.187	845.854	408.912	597.507	670.943	319.934	541.910	776.006	378.317	234.646	852.459	407.737	199.258	726.122	327.914	265.738	787.574	492.970	463.957	860.745	475.457	406.117	901.833	497.996	351.957	864.912	327.179	590.242	578.866	281.747	612.423	638.775	191.527	625.988	552.856	230.803	604.328	500.250	75.910	612.853	418.125	82.650	477.404	413.133	182.816	613.440	343.432	124.719	606.612	302.218	197.157	594.850	218.199	242.682	599.141	259.312	411.655	520.470	95.674	356.608	565.741	114.498	328.698	474.211	104.663	211.679	598.448	32.671	198.373	506.052	37.591	305.604	194.987	595.623	254.608	194.021	651.590	166.016	178.091	567.081	205.764	179.035	518.887	98.105	180.018	425.445	79.617	308.618	392.394	188.141	171.049	321.174	124.676	196.908	282.217	193.986	209.038	198.724	244.262	190.695	230.097	412.092	254.990	83.764	348.881	215.630	106.387	318.064	310.322	105.669	207.294	188.417	33.909	189.695	264.958	36.234	351.196	406.445	1018.733	114.721	406.520	1206.566	222.890	496.241	1127.603	229.950	321.136	1123.590	62.302	408.131	1397.545	-88.542	381.993	1369.991	12.654	303.278	1306.129	-12.417	499.656	1326.035	5.361	581.042	1143.551	108.175	660.978	980.060	118.941	736.007	1086.465	170.780	745.168	995.651	220.835	773.726	959.393	296.678	715.047	1013.411	264.771	666.295	880.105	300.674	792.585	871.935	336.444	709.028	822.251	422.001	631.486	828.723	378.863	678.261	758.967	365.671	631.623	779.219	3.784	244.060	1159.828	98.857	164.215	987.836	95.396	66.246	1075.654	150.679	73.323	989.238	213.761	19.157	949.571	285.686	69.351	1020.685	279.050	135.664	955.471	238.390	60.045	869.934	316.136	122.879	861.410	404.341	181.391	841.124	384.501	123.961	770.392	364.441	174.700	796.317
368.988	570.116	850.705	406.807	597.057	674.466	318.232	541.971	780.367	376.076	234.881	856.845	407.524	198.788	730.179	326.022	266.066	792.050	491.552	464.037	864.706	474.393	406.195	905.937	496.595	352.028	868.939	326.392	589.988	581.205	280.508	612.505	641.568	191.389	625.771	554.913	230.819	604.150	502.653	76.640	612.545	419.147	86.406	478.438	412.688	183.436	613.338	344.108	125.269	606.757	303.350	197.341	595.008	219.159	243.025	599.110	260.004	411.484	520.432	96.014	356.448	565.660	114.828	328.606	474.215	104.934	211.637	598.440	32.678	198.300	506.060	37.553	304.695	195.094	598.442	253.285	193.831	654.045	165.296	177.859	568.808	205.814	179.208	520.711	98.637	179.970	426.374	80.043	308.601	393.313	188.652	171.062	321.831	125.069	197.028	282.846	194.113	209.120	199.161	244.542	190.805	230.479	411.911	255.147	83.909	348.832	215.765	106.571	317.964	310.470	105.827	207.254	188.433	33.892	189.603	264.972	36.237	351.585	406.620	1023.778	116.722	406.761	1214.800	224.313	496.430	1134.370	231.581	321.521	1130.318	64.832	408.183	1406.564	-86.062	381.825	1379.306	15.125	303.305	1315.289	-10.262	499.576	1335.212	6.719	581.188	1153.019	108.043	660.622	988.101	120.112	735.966	1094.333	170.129	744.753	1002.670	220.702	773.120	965.918	296.562	714.282	1018.909	263.957	666.076	885.708	299.809	792.313	877.928	335.090	709.029	827.424	420.456	631.326	832.793	377.134	678.596	763.515	363.961	631.840	783.399	5.647	244.110	1169.169	99.346	164.519	996.124	96.627	66.331	1083.820	151.020	73.654	996.855	213.529	19.481	956.760	286.358	69.924	1026.591	278.459	136.464	960.579	237.382	60.173	876.700	315.010	123.061	867.082	402.989	181.552	845.633	382.783	123.930	775.147	362.579	174.687	800.841
367.699	570.129	855.433	405.069	596.691	678.369	316.388	542.002	784.932	374.254	234.999	861.481	404.643	200.036	733.683	323.692	266.239	796.486	490.160	464.043	868.639	473.371	406.287	910.086	495.160	352.052	873.021	325.468	589.824	585.634	279.346	612.533	644.621	190.933	625.855	557.057	230.765	603.984	505.148	77.197	612.415	420.222	85.389	477.471	414.226	184.054	613.220	345.042	125.647	606.697	304.071	197.658	594.982	219.798	243.354	598.942	260.509	411.293	520.424	96.369	356.314	565.552	115.143	328.498	474.188	105.165	211.628	598.429	32.669	198.237	506.038	37.578	303.923	195.205	601.442	251.976	193.704	656.365	164.915	177.719	570.520	204.707	178.893	523.513	99.407	180.383	427.153	81.799	308.582	393.809	189.242	171.143	322.443	125.506	197.044	283.719	194.299	209.146	199.747	244.816	190.893	230.818	411.768	255.297	84.122	348.796	215.857	106.876	317.876	310.592	105.993	207.226	188.442	33.883	189.562	265.017	36.225	351.893	406.840	1028.924	118.752	406.974	1223.259	225.736	496.647	1141.104	233.108	321.857	1137.052	67.260	408.242	1415.606	-83.672	381.689	1388.590	17.543	303.247	1324.455	-8.048	499.544	1344.447	8.216	581.354	1162.383	107.836	660.229	996.324	121.320	735.894	1102.226	170.303	744.255	1010.008	220.703	772.463	972.665	296.744	713.397	1024.800	263.020	666.410	890.952	298.818	792.049	883.983	333.664	709.016	832.698	418.927	631.098	836.897	375.166	678.958	768.053	361.456	631.876	787.843	7.551	244.190	1178.649	99.711	164.671	1004.862	97.886	66.418	1092.103	151.608	74.109	1004.869	213.616	19.709	964.013	286.799	70.255	1033.107	278.519	136.824	966.658	236.194	60.183	883.378	313.884	123.182	872.811	401.589	181.691	850.121	380.738	123.778	780.128	360.852	174.752	805.353
365.240	569.717	859.782	403.308	596.342	682.264	314.807	541.894	789.524	372.752	235.111	866.514	402.160	200.772	737.424	321.651	266.369	801.285	488.724	464.023	872.702	472.311	406.425	914.341	493.658	352.070	877.121	324.636	589.568	589.168	278.157	612.667	647.598	190.555	625.845	559.169	230.753	603.777	507.652	77.716	612.308	421.477	86.220	477.402	414.712	185.168	613.269	345.360	126.190	606.756	305.027	197.904	594.962	220.574	243.758	598.774	260.953	411.119	520.419	96.731	356.214	565.459	115.456	328.350	474.164	105.446	211.571	598.415	32.709	198.200	506.044	37.521	303.187	195.481	604.236	250.675	193.512	659.032	164.766	177.610	572.184	204.586	179.019	525.626	99.840	180.119	428.423	81.141	308.659	394.980	189.829	171.223	323.007	125.982	197.137	284.629	194.526	209.069	200.200	245.111	191.009	231.246	411.619	255.431	84.279	348.711	215.945	107.072	317.744	310.704	106.173	207.183	188.456	33.878	189.496	265.024	36.224	352.340	407.108	1034.169	120.765	407.196	1231.680	227.155	496.904	1147.962	234.723	322.152	1143.858	69.606	408.395	1424.872	-81.211	381.591	1397.962	20.041	303.277	1333.676	-5.947	499.473	1353.642	9.516	581.460	1171.778	107.701	659.989	1004.570	122.452	735.764	1110.106	170.553	743.803	1017.375	220.465	771.895	979.309	296.989	712.488	1030.676	262.078	666.160	896.652	297.879	791.812	890.055	332.157	708.988	838.076	417.327	630.911	841.037	373.692	679.723	772.545	359.545	632.086	792.025	9.463	244.291	1188.071	99.981	164.903	1013.372	99.245	66.520	1100.541	151.769	74.293	1012.555	213.553	20.021	971.124	287.572	70.572	1039.350	278.779	137.163	972.956	235.200	60.264	890.123	312.805	123.364	878.578	399.546	182.350	854.550	378.913	123.923	785.189	358.853	174.759	810.049
363.983	569.355	864.911	401.199	595.324	686.173	312.530	541.976	794.248	371.218	235.246	871.545	400.208	201.395	741.440	320.130	266.953	805.932	487.153	464.050	876.764	471.168	406.466	918.649	492.131	352.122	881.310	323.881	589.302	592.682	276.823	612.704	650.458	190.147	625.818	561.351	230.854	603.597	510.224	78.363	612.096	422.647	86.625	477.286	415.738	185.317	612.980	346.482	126.717	606.681	305.885	198.201	594.918	221.193	244.134	598.705	261.625	410.975	520.447	97.219	356.098	565.340	115.732	328.247	474.169	105.705	211.559	598.402	32.733	198.152	506.031	37.521	302.312	195.599	607.402	249.382	193.359	661.486	164.535	177.543	573.901	204.508	179.180	527.712	100.753	180.384	429.360	81.417	308.656	396.141	190.471	171.327	323.514	126.509	197.226	285.375	194.720	209.151	200.815	245.167	190.773	230.871	411.553	255.603	84.568	348.683	216.077	107.291	317.700	310.816	106.304	207.174	188.464	33.876	189.471	265.057	36.218	352.681	407.306	1039.430	122.807	407.410	1240.160	228.646	497.205	1154.847	236.320	322.376	1150.727	71.917	408.560	1434.060	-78.856	381.494	1407.239	22.537	303.352	1342.968	-3.876	499.454	1362.957	11.004	581.555	1181.224	107.528	659.709	1012.942	123.658	735.645	1118.143	170.761	743.308	1024.935	220.329	771.282	986.227	297.173	711.628	1036.676	260.952	665.896	902.390	296.976	791.552	896.346	330.563	708.945	843.559	415.617	630.620	845.331	371.720	680.124	777.456	357.584	632.311	796.317	11.460	244.481	1197.593	100.209	165.084	1022.064	100.592	66.632	1109.108	152.077	74.627	1020.396	213.623	20.310	978.456	288.214	71.001	1045.840	278.394	137.308	978.458	234.093	60.383	896.964	311.481	123.535	884.427	397.022	183.055	858.660	377.107	123.932	790.272	356.688	174.640	814.366
362.623	569.327	869.922	399.232	595.045	690.680	310.732	542.017	799.061	369.506	235.336	876.643	397.925	202.026	745.574	317.558	266.946	810.750	484.947	464.015	880.224	469.923	406.362	922.635	490.548	352.151	885.555	323.035	588.994	596.351	275.371	612.998	653.897	189.739	625.783	563.471	230.892	603.397	513.006	78.995	611.906	423.803	86.988	477.240	417.082	186.125	612.859	347.441	127.342	606.713	306.994	198.393	594.906	221.921	244.556	598.517	262.246	410.808	520.432	97.512	355.995	565.234	115.991	328.173	474.252	106.072	211.545	598.393	32.745	198.110	506.013	37.499	301.474	195.766	610.474	248.102	193.200	664.152	164.185	177.517	575.622	204.535	179.414	529.776	101.605	180.465	430.257	83.709	308.500	396.572	191.224	171.462	324.149	127.103	197.334	286.280	194.960	209.235	201.518	245.558	190.947	231.327	411.437	255.741	84.760	348.623	216.182	107.504	317.673	310.934	106.440	207.133	188.485	33.861	189.703	265.246	35.979	353.060	407.591	1044.748	124.928	407.608	1248.744	230.131	497.460	1161.746	237.986	322.650	1157.690	74.092	408.635	1443.455	-76.557	381.394	1416.615	24.922	303.326	1352.331	-1.732	499.463	1372.343	12.176	581.533	1190.850	107.432	659.365	1021.175	124.830	735.489	1126.239	170.859	742.847	1032.366	220.167	770.705	993.090	297.333	710.676	1043.097	259.763	665.615	908.243	295.945	791.323	902.603	328.875	708.887	849.155	413.975	630.340	849.847	369.747	680.544	782.386	355.430	632.537	800.864	13.406	244.502	1207.164	100.561	165.245	1030.763	102.039	66.820	1117.799	152.463	74.864	1028.563	213.589	20.680	985.764	288.791	72.073	1051.546	278.852	137.677	984.991	232.989	60.459	903.778	310.257	123.656	890.293	395.453	183.007	863.207	375.109	123.788	795.285	354.621	174.628	819.103
361.717	570.455	874.609	396.920	594.617	694.887	308.822	541.986	803.922	367.801	235.417	881.716	395.821	202.700	749.631	315.119	267.106	815.939	483.396	464.102	884.541	468.679	406.439	926.987	488.992	352.206	889.895	322.322	588.622	600.017	274.315	612.796	656.732	189.386	625.725	565.783	230.953	603.148	515.765	79.692	611.685	425.071	87.465	477.022	418.195	186.781	612.714	348.265	127.980	606.679	308.130	198.750	595.095	223.218	244.988	598.454	262.979	410.655	520.446	97.858	355.904	565.149	116.303	328.068	474.240	106.345	211.512	598.365	32.764	198.036	505.990	37.523	300.683	195.991	613.681	246.718	193.014	666.805	163.781	177.423	577.417	204.547	179.622	532.004	102.419	180.528	431.440	82.807	308.502	398.079	192.042	171.596	324.791	127.724	197.394	287.181	195.269	209.264	202.075	245.887	191.017	231.762	411.325	255.824	84.941	348.542	216.258	107.733	317.639	311.049	106.534	207.099	188.492	33.838	189.569	265.163	36.080	353.404	407.755	1050.022	127.017	407.738	1257.338	231.719	497.790	1168.817	239.442	322.926	1164.639	76.252	408.777	1452.952	-74.361	381.335	1425.929	27.319	303.344	1361.786	0.365	499.448	1381.664	13.662	581.573	1200.372	107.310	659.005	1029.644	126.011	735.338	1134.365	171.179	742.472	1040.032	219.991	770.146	1000.113	297.478	709.876	1048.848	258.795	665.461	914.437	294.894	791.093	908.929	327.098	708.815	854.862	412.356	629.972	854.362	367.093	680.105	787.914	353.393	632.700	805.320	15.373	244.626	1216.909	100.775	165.415	1039.466	103.554	66.970	1126.587	152.888	75.123	1036.723	213.732	20.944	993.061	289.402	72.688	1058.036	276.206	138.663	990.894	231.950	60.521	910.713	308.943	123.812	896.111	393.651	183.295	867.881	372.901	123.611	800.501	352.492	174.615	823.893
360.203	570.561	879.737	394.941	594.238	699.129	306.700	541.885	808.416	366.110	235.522	886.845	393.891	203.150	753.952	313.103	267.349	820.870	481.700	464.149	888.916	467.440	406.489	931.419	487.336	352.221	894.352	321.504	588.299	603.858	273.056	612.855	659.933	188.886	625.660	568.024	231.107	602.859	518.535	80.466	611.450	426.427	87.975	476.829	419.364	187.543	612.515	349.142	128.613	606.528	309.047	199.175	594.960	223.982	245.526	598.263	263.584	410.528	520.482	98.185	355.791	565.058	116.573	327.956	474.231	106.637	211.462	598.356	32.772	197.978	505.970	37.508	299.891	196.245	616.924	245.654	193.042	669.433	163.419	177.402	579.231	204.572	179.906	534.196	103.238	180.686	432.677	85.117	308.583	398.718	192.927	171.737	325.644	128.423	197.509	288.372	195.614	209.309	202.741	246.706	191.503	233.077	411.214	255.910	85.116	348.502	216.334	107.984	317.590	311.139	106.663	207.057	188.497	33.821	189.359	265.075	36.241	353.799	407.957	1055.407	129.275	409.438	1264.944	233.217	498.083	1175.771	241.112	323.202	1171.727	78.388	408.918	1462.305	-72.079	381.331	1435.285	29.679	303.390	1371.253	2.537	499.483	1391.012	15.403	581.741	1210.017	107.261	658.653	1038.213	127.135	735.172	1142.492	171.380	742.033	1047.794	219.718	769.628	1007.123	297.440	709.178	1055.183	257.603	665.241	920.555	293.868	790.864	915.464	325.295	708.753	860.660	410.642	629.562	859.160	364.289	680.419	793.069	351.318	632.877	810.032	17.548	244.719	1226.687	101.014	165.559	1048.359	105.011	67.160	1135.364	153.268	75.356	1045.045	213.700	21.335	1000.526	290.108	73.335	1064.543	276.741	138.931	997.720	230.856	60.620	917.776	306.546	123.875	901.768	390.830	183.467	872.244	370.762	123.462	805.675	350.333	174.628	828.744
358.556	570.645	884.970	393.468	593.990	703.388	304.560	541.870	813.265	364.236	235.606	892.104	391.485	203.762	758.187	311.191	267.681	825.880	480.038	464.203	893.339	466.172	406.541	935.902	485.665	352.247	898.789	320.683	587.926	607.839	271.679	612.848	663.207	188.597	625.563	570.428	231.218	602.543	521.411	81.341	611.175	427.826	88.620	476.681	420.747	188.393	612.326	350.050	129.263	606.372	310.104	199.454	594.717	224.519	246.026	598.115	264.152	410.392	520.518	98.507	355.660	564.990	116.851	327.865	474.267	106.964	211.456	598.330	32.781	197.936	505.956	37.514	299.319	196.510	620.127	244.325	192.899	672.218	163.122	177.416	581.097	204.685	180.208	536.491	104.217	180.816	433.896	87.039	309.162	398.918	193.840	171.893	326.310	129.174	197.633	289.283	195.862	209.540	203.737	246.913	191.343	232.772	411.139	255.983	85.297	348.410	216.375	108.236	317.338	311.303	106.610	207.031	188.514	33.771	189.269	265.080	36.270	354.222	408.235	1060.907	131.828	408.473	1274.756	234.869	498.419	1183.021	242.735	323.515	1178.820	80.532	409.051	1471.960	-69.873	381.379	1444.584	32.024	303.415	1380.826	4.756	499.528	1400.418	17.011	581.787	1219.723	107.269	658.260	1046.789	128.222	735.005	1150.667	171.508	741.627	1055.521	219.453	769.166	1014.286	297.523	708.550	1061.070	256.355	665.025	926.844	292.712	790.628	921.883	323.467	708.702	866.538	408.996	629.200	864.048	362.352	680.712	798.324	349.144	633.054	814.641	19.664	244.937	1236.521	101.274	165.695	1057.238	106.550	67.360	1144.305	153.822	75.751	1053.435	213.576	21.707	1008.116	290.783	74.046	1071.130	276.889	139.355	1004.431	229.800	60.723	924.911	305.676	123.987	907.946	389.421	183.976	877.277	368.572	123.289	810.719	348.112	174.592	833.572
356.901	570.675	890.225	392.406	593.263	707.792	302.703	541.849	818.558	362.509	235.718	897.400	389.278	204.302	762.568	309.383	267.971	830.686	478.370	464.275	897.891	464.859	406.532	940.470	483.942	352.218	903.295	319.875	587.603	611.835	270.451	612.884	666.537	188.286	625.441	572.844	231.402	602.169	524.316	82.195	610.860	429.154	89.422	476.400	421.963	189.320	612.125	351.128	130.098	606.261	311.488	199.819	594.557	225.335	246.570	597.954	264.851	410.245	520.577	98.844	355.551	564.940	117.136	327.785	474.303	107.204	211.423	598.310	32.793	197.877	505.935	37.482	298.716	196.964	623.285	243.051	192.982	674.975	162.804	177.428	582.969	204.852	180.559	538.833	105.252	181.005	435.191	87.731	309.116	400.168	194.795	172.077	327.140	130.002	197.699	290.474	196.195	209.612	204.473	247.370	191.582	233.243	411.031	256.038	85.483	348.344	216.475	108.436	317.315	311.397	106.716	206.976	188.524	33.774	189.210	265.106	36.294	354.609	408.473	1066.551	134.034	408.605	1283.473	236.431	498.733	1190.123	244.394	323.824	1186.008	82.571	409.198	1481.676	-67.666	381.495	1453.942	34.371	303.474	1390.405	6.930	499.481	1409.793	18.731	581.882	1229.570	107.315	657.744	1055.407	129.270	734.909	1158.936	171.890	741.176	1063.491	219.037	768.763	1021.432	297.222	708.479	1066.789	255.121	664.790	933.360	291.558	790.402	928.506	321.620	708.660	872.497	407.026	628.768	868.624	360.372	681.004	803.749	346.854	633.198	819.486	21.897	245.079	1246.586	101.940	165.888	1066.189	108.142	67.576	1153.208	154.194	76.089	1061.827	213.560	22.098	1015.798	291.406	74.733	1077.752	276.692	139.790	1010.899	228.633	60.788	932.130	304.363	124.155	914.099	387.463	184.186	882.091	366.054	123.076	816.127	345.769	174.517	838.494
355.279	570.727	895.583	391.610	592.168	712.353	300.963	541.874	823.992	360.705	235.870	902.800	386.934	204.704	767.052	307.230	268.114	835.896	476.571	464.298	902.442	463.581	406.557	945.088	482.179	352.198	907.910	319.070	587.290	615.985	269.011	612.850	669.974	188.081	625.263	575.509	231.648	601.797	527.322	83.237	610.507	430.636	90.189	476.185	423.383	190.223	611.918	352.014	130.820	606.096	312.617	200.314	594.474	226.345	247.130	597.798	265.597	410.118	520.646	99.216	355.422	564.896	117.456	327.678	474.322	107.479	211.379	598.294	32.796	197.870	505.929	37.456	297.906	197.225	626.868	241.810	192.895	677.825	162.508	177.517	584.960	205.009	180.906	541.179	106.383	181.186	436.497	88.227	308.954	402.199	195.854	172.299	328.007	130.856	197.876	291.685	196.641	209.706	205.394	248.038	191.577	233.995	410.941	256.092	85.709	348.288	216.523	108.653	317.247	311.474	106.850	206.943	188.535	33.773	189.187	265.138	36.299	354.966	408.684	1072.088	136.319	408.790	1292.255	238.015	499.070	1197.304	246.032	324.111	1193.277	84.679	409.303	1491.416	-65.480	381.589	1463.345	36.579	303.494	1400.032	9.211	499.507	1419.257	20.291	581.854	1239.391	107.366	657.278	1064.267	130.288	734.885	1167.239	171.989	740.716	1071.314	218.683	768.304	1028.634	297.248	707.915	1073.033	253.861	664.540	939.704	290.192	790.213	934.982	319.757	708.630	878.534	405.123	628.577	873.504	358.262	681.306	809.167	343.829	633.351	824.448	24.075	245.262	1256.573	102.047	166.076	1075.241	109.705	67.758	1162.164	154.569	76.470	1070.196	213.526	22.533	1023.411	292.003	75.528	1084.496	275.997	140.394	1017.118	227.561	60.832	939.318	303.008	124.334	920.275	385.362	184.380	886.998	363.744	123.003	821.500	343.416	174.429	843.357
353.859	570.655	901.112	390.936	590.818	717.084	299.104	541.868	829.467	358.888	235.999	908.302	384.826	205.220	771.635	304.608	268.159	841.453	474.801	464.352	907.186	462.183	406.600	949.821	480.386	352.202	912.638	318.282	587.025	620.207	267.744	612.814	673.570	187.769	625.072	577.950	231.961	601.410	530.557	84.310	610.096	432.310	91.063	475.892	424.694	191.189	611.651	352.986	131.635	605.851	313.857	200.661	594.470	227.493	247.742	597.556	266.392	409.964	520.717	99.533	355.297	564.834	117.745	327.025	474.571	107.587	211.335	598.285	32.862	197.807	505.891	37.372	297.489	198.023	629.982	240.520	192.931	680.518	162.223	177.045	586.881	205.246	181.312	543.630	107.583	181.378	437.906	88.701	309.114	403.654	196.940	172.496	328.996	131.781	198.008	292.755	197.101	209.831	206.189	248.555	191.813	234.441	410.882	256.153	85.984	348.202	216.557	108.854	317.283	311.600	107.135	206.884	188.533	33.743	189.136	265.178	36.312	355.320	408.958	1077.653	138.548	408.968	1301.139	239.684	499.364	1204.541	247.732	324.395	1200.635	86.746	409.294	1501.086	-63.294	381.796	1472.808	38.783	303.544	1409.680	11.544	499.597	1428.788	21.996	581.879	1249.323	107.558	656.728	1073.172	131.264	734.793	1175.551	172.153	740.313	1079.160	218.415	767.932	1036.064	297.277	707.390	1079.620	252.562	664.405	946.497	288.989	790.144	942.016	317.876	708.617	884.647	403.218	628.393	878.531	355.777	681.534	814.660	341.806	633.584	829.533	26.212	245.471	1266.579	102.362	166.302	1084.345	111.274	67.993	1171.139	155.062	76.876	1078.652	213.612	22.948	1031.247	292.577	76.224	1091.163	274.911	141.162	1023.191	226.549	61.041	946.817	301.719	124.562	926.463	383.270	184.570	891.946	360.342	122.281	827.158	341.007	174.339	848.315
352.538	570.550	906.776	390.237	589.325	722.000	296.991	541.921	835.114	357.117	236.088	913.828	382.375	205.731	776.062	302.402	268.329	846.756	472.950	464.410	912.025	460.754	406.691	954.631	478.559	352.197	917.306	317.535	586.797	624.498	266.471	612.771	677.161	187.621	624.835	580.678	232.258	600.980	533.724	85.383	609.670	433.707	91.943	475.581	426.295	192.272	611.394	354.164	132.494	605.679	315.186	201.021	594.347	228.530	248.343	597.399	267.173	409.791	520.779	99.873	355.194	564.749	118.052	326.888	474.546	107.825	211.294	598.257	32.895	197.378	505.617	37.702	296.808	198.364	633.594	239.322	192.881	683.560	162.106	177.661	588.950	205.583	181.725	546.168	108.989	181.615	439.355	89.815	309.193	404.937	198.135	172.728	329.918	132.746	198.161	294.149	197.560	209.911	207.313	249.163	192.065	234.934	410.824	256.214	86.347	348.153	216.596	109.096	317.262	311.678	107.315	206.861	188.561	33.743	189.096	265.207	36.333	355.579	409.160	1083.374	140.785	409.169	1309.946	241.227	499.680	1211.831	249.470	324.674	1208.036	88.829	409.342	1510.940	-61.103	382.051	1482.168	40.974	303.580	1419.329	14.119	499.698	1438.392	23.325	581.892	1259.198	107.938	656.234	1082.284	132.296	734.804	1183.904	172.162	739.816	1087.085	217.908	767.504	1043.384	297.281	706.897	1086.196	251.188	664.182	953.141	287.565	789.947	948.697	315.950	708.608	890.842	399.004	629.033	883.035	353.307	681.789	820.306	339.592	633.743	834.606	28.573	245.460	1276.974	102.828	166.475	1093.514	112.872	68.189	1180.070	155.520	77.311	1087.169	213.595	23.374	1039.100	293.214	77.011	1097.897	274.526	141.666	1029.704	225.389	61.194	954.324	299.084	123.991	933.015	381.100	184.753	896.913	358.448	122.299	832.668	338.559	174.240	853.392
351.405	570.384	912.538	389.367	587.799	727.112	294.663	541.925	840.702	355.298	236.201	919.466	380.063	206.222	780.851	300.028	268.450	852.363	471.111	464.440	916.875	459.298	406.686	959.523	476.702	352.176	922.120	316.752	586.571	628.947	265.076	612.686	680.897	187.305	624.503	583.198	232.585	600.533	537.131	86.609	609.228	435.471	92.880	475.169	427.754	193.305	611.090	355.302	133.450	605.479	316.695	201.677	594.143	229.630	248.998	597.168	268.041	409.619	520.865	100.206	355.058	564.723	118.370	326.437	474.571	107.879	211.266	598.233	32.883	197.477	505.970	37.307	296.201	198.773	637.344	238.061	192.922	686.483	161.574	177.218	591.240	205.960	182.269	548.633	110.390	181.939	440.955	91.115	309.411	406.439	199.336	173.044	330.931	133.765	198.360	295.425	198.062	210.007	208.169	249.922	192.179	235.863	410.735	256.229	86.569	348.082	216.623	109.329	317.249	311.733	107.509	206.810	188.548	33.734	189.075	265.255	36.313	355.861	409.348	1089.000	142.891	409.267	1318.685	242.561	500.025	1219.052	251.119	324.922	1215.467	90.955	409.307	1520.714	-58.954	382.313	1491.634	43.174	303.644	1429.036	16.608	499.788	1448.005	25.666	581.904	1269.406	108.106	655.649	1091.293	133.298	734.819	1192.307	172.388	739.374	1095.155	217.538	767.160	1051.020	297.581	706.328	1093.019	249.973	664.073	959.969	286.120	789.781	955.555	313.975	708.612	897.130	396.883	628.986	888.187	350.589	682.013	825.842	337.113	633.889	839.788	30.637	245.717	1287.080	103.141	166.775	1102.787	114.358	68.379	1189.003	156.056	77.781	1095.677	213.590	23.783	1046.822	293.834	77.824	1104.715	274.399	142.064	1036.316	224.222	61.345	961.876	298.201	124.300	939.600	378.963	184.847	901.962	356.768	122.515	838.057	336.129	174.140	858.550
350.606	570.700	918.007	388.182	586.354	732.435	292.365	541.976	846.415	353.446	236.313	925.193	378.023	206.564	785.939	297.764	268.548	857.898	469.390	464.444	921.851	457.874	406.683	964.415	474.764	352.215	927.101	316.028	586.365	633.390	263.926	612.635	684.903	187.324	624.230	586.307	232.993	600.155	540.768	87.862	608.702	437.186	93.772	474.808	429.562	194.474	610.770	356.441	134.399	605.121	318.071	202.157	593.866	230.576	249.755	596.856	268.803	409.392	520.937	100.410	354.944	564.661	118.695	326.364	474.612	108.264	211.205	598.223	32.909	197.479	506.030	37.260	295.586	199.156	640.999	237.510	192.761	689.124	161.486	177.363	593.413	206.405	182.782	551.383	111.843	182.241	442.551	92.489	309.685	408.045	200.700	173.365	332.044	134.895	198.641	296.924	198.629	210.174	209.192	250.609	192.479	236.595	410.659	256.208	86.875	347.998	216.675	109.582	317.292	311.822	107.786	206.736	188.563	33.741	189.025	265.276	36.325	356.055	409.517	1094.708	145.343	409.443	1327.666	244.403	500.550	1226.747	252.526	325.191	1222.542	93.073	409.265	1530.575	-56.775	382.550	1501.071	45.320	303.742	1438.707	19.065	499.957	1457.486	27.224	581.884	1279.438	108.308	655.039	1100.529	134.283	734.820	1200.854	172.441	738.934	1103.340	217.150	766.764	1058.617	297.578	705.830	1099.725	247.935	664.066	966.850	284.757	789.642	962.583	311.986	708.619	903.447	394.759	628.841	893.540	347.934	682.338	831.676	334.516	633.952	844.661	32.815	246.028	1297.145	103.532	167.121	1112.064	115.922	68.552	1197.985	156.488	78.286	1104.149	213.564	24.198	1054.648	294.745	78.547	1111.713	274.404	142.514	1043.118	223.057	61.491	969.411	297.191	124.643	945.976	376.666	185.055	907.100	354.353	122.297	843.661	333.743	174.063	863.675
346.286	571.072	923.772	386.535	585.100	737.982	289.766	541.933	852.433	351.566	236.489	930.978	375.554	207.070	790.608	295.451	268.752	863.558	467.427	464.535	926.854	456.286	406.706	969.339	472.830	352.143	932.062	315.272	586.162	638.020	262.427	612.508	688.647	187.097	623.865	589.132	233.397	599.639	544.188	89.216	608.102	439.189	94.661	474.406	431.427	195.672	610.453	357.858	135.433	604.807	319.689	202.778	593.453	231.445	250.457	596.712	269.907	409.217	521.075	100.861	354.820	564.582	119.026	326.314	474.677	108.707	211.155	598.205	32.928	197.582	506.043	37.216	294.895	199.511	644.877	236.172	192.769	692.442	161.601	177.611	595.586	206.889	183.338	554.144	113.403	182.551	444.190	94.446	309.903	409.624	202.104	173.656	333.102	136.058	198.832	298.468	199.164	210.248	210.584	251.285	192.268	237.224	410.522	256.194	87.209	347.891	216.719	109.872	317.222	311.876	108.042	206.704	188.562	33.718	189.001	265.335	36.308	356.205	409.701	1100.500	147.039	409.565	1336.010	246.045	500.837	1234.254	254.201	325.451	1229.992	95.242	409.134	1540.409	-54.605	382.893	1510.522	47.443	303.803	1448.377	21.717	500.046	1467.269	29.160	581.844	1289.580	108.384	654.505	1109.847	135.433	734.900	1209.482	172.955	738.473	1111.567	216.795	766.420	1066.316	297.566	705.383	1106.450	245.002	664.108	973.515	283.207	789.474	969.491	309.928	708.650	909.882	392.424	628.706	898.922	345.256	682.629	837.730	331.833	634.174	850.465	35.130	246.217	1307.266	103.916	167.420	1121.424	117.436	68.712	1206.874	157.023	78.774	1112.726	213.443	24.745	1062.653	295.641	79.351	1118.734	274.140	143.026	1049.816	221.760	61.624	977.154	296.081	125.020	952.459	374.347	185.264	912.347	351.514	121.898	849.561	330.053	173.455	868.835
344.060	571.077	929.780	384.281	584.150	743.765	287.596	542.024	858.291	349.729	236.587	936.801	373.140	207.522	795.439	293.161	268.856	869.243	465.431	464.623	932.001	454.742	406.715	974.316	470.851	352.142	937.147	314.585	585.951	642.759	260.982	612.344	692.602	186.976	623.486	592.263	233.868	599.173	548.090	90.363	607.720	441.200	95.528	473.911	433.386	196.967	610.083	358.971	136.541	604.420	321.312	203.261	593.440	233.230	251.214	596.575	270.538	409.037	521.242	101.334	354.685	564.520	119.423	326.331	474.814	109.286	211.109	598.236	32.937	197.670	506.068	37.231	294.316	199.947	648.984	234.849	192.857	695.813	161.721	177.704	597.872	207.447	183.813	557.049	114.993	182.925	446.119	95.640	310.185	411.350	203.526	173.939	334.363	137.242	199.139	300.030	199.753	210.424	211.712	251.954	192.463	237.806	410.421	256.182	87.549	347.806	216.776	110.151	317.174	311.945	108.345	206.659	188.582	33.723	188.952	265.369	36.309	356.347	409.827	1106.189	149.352	409.670	1344.937	247.808	501.082	1241.907	255.874	325.677	1237.501	97.374	409.026	1550.306	-52.397	383.266	1519.990	49.541	303.885	1458.154	24.370	500.229	1476.854	31.379	581.864	1299.973	108.624	654.076	1119.148	136.554	734.942	1218.178	172.566	738.058	1119.540	216.283	766.123	1074.032	297.539	704.931	1113.335	245.013	663.642	981.043	281.699	789.367	976.645	307.601	708.680	916.550	389.946	628.637	904.250	342.399	682.927	843.549	329.298	634.293	855.783	37.495	246.446	1317.491	104.408	167.849	1130.687	118.867	68.861	1215.779	157.467	79.276	1121.261	213.415	25.272	1070.545	296.452	80.246	1125.701	274.142	143.471	1056.846	220.623	61.771	984.785	294.763	125.298	958.956	371.993	185.451	917.676	349.114	121.662	855.135	327.944	173.567	874.153
342.151	571.069	935.746	381.275	583.616	749.798	284.954	541.934	864.357	347.754	236.776	942.804	370.744	207.929	800.484	290.754	268.972	874.991	463.425	464.736	937.226	453.188	406.779	979.521	468.819	352.168	942.294	313.929	585.777	647.671	259.689	612.152	696.803	187.057	622.694	595.126	234.264	598.660	551.860	91.797	607.081	443.255	96.598	473.371	435.350	198.361	609.688	360.442	137.332	604.205	322.901	203.952	593.123	234.450	252.045	596.198	271.294	408.941	521.403	102.073	354.649	564.651	120.026	326.213	474.825	109.664	211.036	598.219	32.979	197.788	506.056	37.219	293.424	200.141	653.369	233.566	192.996	699.335	161.919	177.985	600.274	208.058	184.394	560.033	116.890	183.192	447.959	97.205	310.459	413.082	205.040	174.236	335.678	138.523	199.308	301.857	200.351	210.508	212.946	252.979	193.029	239.017	410.307	256.184	87.896	347.706	216.834	110.493	317.127	311.989	108.608	206.572	188.581	33.697	188.880	265.402	36.338	356.401	410.014	1112.061	151.756	409.816	1353.814	249.553	501.345	1249.564	257.553	325.865	1245.041	99.551	409.008	1560.247	-50.235	383.595	1529.488	51.662	303.995	1467.861	27.014	500.380	1486.609	33.579	581.802	1310.223	108.733	653.706	1128.692	137.726	734.977	1226.984	172.316	737.683	1127.842	216.246	765.788	1082.045	297.546	704.527	1120.314	244.016	663.580	988.444	280.108	789.256	983.723	305.394	708.757	923.207	387.333	628.577	909.712	339.555	683.223	849.729	326.306	634.458	861.514	39.749	246.674	1327.677	104.849	168.217	1140.068	120.271	69.011	1224.648	158.071	79.847	1129.766	213.362	25.715	1078.512	296.145	80.920	1132.230	273.849	143.925	1063.666	219.432	61.987	992.501	293.369	125.598	965.537	369.672	185.657	923.052	346.574	121.503	860.938	325.894	173.722	879.527
339.964	571.100	941.846	377.370	583.609	756.094	282.148	541.822	870.649	345.081	236.400	948.646	368.556	208.307	805.806	288.352	269.061	880.997	461.378	464.854	942.520	451.506	406.826	984.726	466.794	352.148	947.501	313.201	585.578	652.604	258.368	611.963	700.920	186.785	622.580	598.555	234.750	598.176	555.781	93.409	606.444	445.452	99.726	472.544	436.140	199.770	609.277	361.845	138.486	603.808	324.653	204.550	592.943	235.936	252.814	596.193	272.097	408.769	521.578	102.633	354.506	564.596	120.477	326.144	474.962	110.291	210.957	598.205	32.984	197.859	506.051	37.255	292.949	200.594	657.547	232.417	193.178	702.894	162.147	178.238	602.745	208.800	184.992	563.105	118.837	183.568	449.777	98.923	310.765	414.936	206.621	174.589	336.923	139.889	199.652	303.711	201.019	210.666	214.246	253.718	193.121	239.712	410.179	256.172	88.259	347.618	216.862	110.940	316.969	312.031	108.973	206.511	188.593	33.680	188.818	265.434	36.339	355.604	410.100	1117.311	154.316	409.900	1362.800	251.165	501.550	1257.011	259.218	326.065	1252.579	101.787	408.831	1570.081	-48.072	383.937	1538.946	53.681	304.203	1477.555	29.921	500.315	1496.067	35.759	581.795	1320.614	108.978	653.297	1138.237	138.820	734.945	1235.808	172.559	737.336	1136.314	215.742	765.517	1090.085	297.534	704.155	1127.331	242.528	663.491	995.726	278.444	789.174	990.993	302.967	708.846	930.009	384.997	628.620	915.323	336.413	683.559	855.847	323.582	634.542	866.954	42.038	246.841	1337.995	105.498	168.664	1149.393	121.808	69.253	1233.608	158.478	80.350	1138.416	213.324	26.126	1086.445	296.562	81.663	1139.131	273.645	144.411	1070.672	218.191	62.171	1000.331	291.894	125.808	972.130	367.247	185.856	928.502	344.101	121.392	866.797	323.318	173.636	884.942
337.709	571.048	948.097	372.423	584.242	762.667	279.470	541.747	876.861	343.248	236.602	954.695	365.877	208.818	810.738	285.779	269.117	887.001	459.266	465.019	947.947	449.881	406.881	989.932	464.690	352.226	952.816	312.544	585.420	657.648	257.097	611.740	705.341	186.709	622.139	602.085	235.271	597.784	560.043	94.897	605.686	447.598	101.399	471.895	438.056	201.249	608.913	363.433	139.741	603.440	326.577	205.310	592.638	237.461	253.800	595.658	273.473	408.555	521.729	103.201	354.336	564.482	120.976	325.990	475.037	110.847	210.899	598.177	33.023	197.922	505.975	37.194	292.542	201.087	661.828	231.427	193.341	706.538	162.461	178.680	605.492	209.625	185.671	566.327	120.779	183.988	451.886	100.698	311.052	416.935	208.296	174.934	338.289	141.281	199.920	305.431	201.741	210.821	215.663	254.604	193.280	240.608	410.068	256.265	88.775	347.481	216.923	111.260	316.765	312.037	109.277	206.450	188.609	33.683	188.765	265.506	36.319	355.561	410.240	1123.279	156.859	410.016	1371.659	252.586	501.885	1264.156	260.806	326.259	1260.079	103.976	408.812	1579.863	-45.776	384.311	1548.460	55.782	304.299	1487.304	32.746	500.514	1505.912	38.032	581.716	1331.226	109.273	652.891	1147.719	140.142	734.967	1244.727	172.708	736.973	1144.879	215.333	765.341	1098.110	297.300	703.778	1134.225	240.889	663.461	1003.251	276.823	789.163	998.481	300.618	708.968	936.878	382.248	628.615	920.997	333.284	683.843	862.159	320.541	634.627	872.664	44.477	247.067	1348.272	105.985	169.046	1158.825	123.157	69.464	1242.546	158.959	80.869	1147.029	213.137	26.611	1094.288	296.895	82.354	1146.004	273.315	144.975	1077.614	216.934	62.429	1008.099	290.272	126.035	978.855	364.764	186.082	934.012	341.517	121.365	872.691	320.757	173.630	890.442
335.496	571.095	954.425	369.779	584.253	768.568	276.875	541.620	883.175	341.394	236.803	960.952	363.828	209.094	816.488	283.546	269.264	892.860	457.094	465.170	953.422	448.718	407.040	995.801	462.578	352.303	958.296	311.924	585.217	662.936	255.770	611.463	709.750	186.582	621.610	605.586	235.865	597.296	564.248	96.665	604.957	449.954	103.103	471.224	440.051	202.736	608.432	364.888	141.098	603.048	328.660	205.991	592.357	239.040	254.647	595.629	274.334	408.304	521.889	103.788	354.179	564.429	121.496	325.832	475.141	111.433	210.814	598.156	33.055	197.442	505.704	37.267	292.086	201.570	666.301	230.174	193.404	710.188	162.900	179.005	608.131	210.367	186.332	569.684	122.676	184.366	454.138	102.633	311.334	418.796	210.115	175.375	339.699	142.765	200.251	307.626	202.501	210.997	216.997	256.193	193.721	241.254	409.909	256.233	89.203	347.356	216.981	111.660	316.052	311.823	109.498	206.384	188.614	33.680	188.693	265.550	36.333	355.502	410.415	1129.184	159.400	410.127	1380.788	254.206	502.042	1271.676	262.355	326.440	1267.571	106.231	408.654	1589.766	-43.636	384.701	1557.924	57.856	304.472	1497.122	35.408	500.677	1515.662	40.400	581.634	1341.606	109.541	652.565	1157.416	141.457	734.986	1253.825	172.875	736.713	1153.542	214.867	765.065	1106.360	297.322	703.475	1141.424	239.219	663.466	1010.872	275.169	789.121	1005.975	297.517	709.060	943.868	379.525	628.563	926.827	330.115	684.141	868.603	317.424	634.703	878.503	46.908	247.362	1358.392	105.972	169.381	1168.560	124.655	69.672	1251.456	159.367	81.377	1155.633	212.602	26.529	1102.411	296.790	83.207	1152.422	272.833	145.514	1084.517	215.801	62.686	1015.899	288.636	126.236	985.600	362.245	186.293	939.664	339.059	121.281	878.737	318.019	173.551	896.052
333.301	571.120	960.727	363.931	584.988	775.164	274.234	541.514	889.631	339.458	237.042	967.158	361.269	209.077	821.595	281.045	269.332	899.006	454.927	465.363	959.007	447.047	407.188	1001.344	460.569	352.354	964.022	311.214	585.112	668.216	254.500	611.148	714.308	186.564	621.044	609.278	236.352	596.824	568.513	98.436	604.136	452.429	104.918	470.577	442.353	204.371	607.996	366.622	142.579	602.439	330.979	206.693	592.102	240.767	255.573	595.228	275.329	408.119	522.107	104.519	353.974	564.389	121.962	325.683	475.274	112.035	210.731	598.135	33.085	197.440	505.797	37.163	291.721	202.170	670.790	229.194	193.621	713.950	163.285	179.462	610.995	211.344	186.986	573.111	124.748	184.926	456.565	104.822	311.638	420.977	211.917	175.732	341.187	144.382	200.634	309.543	203.214	211.167	218.591	257.007	193.646	242.750	409.732	256.255	89.615	347.214	217.032	112.100	315.765	311.868	109.998	206.290	188.641	33.678	188.428	265.625	36.471	355.406	410.556	1135.264	162.039	410.228	1389.723	255.900	502.194	1279.200	263.609	326.746	1274.904	108.280	408.404	1599.749	-41.445	385.057	1567.404	59.990	304.594	1506.822	38.068	500.828	1525.452	42.884	581.597	1352.144	109.875	652.306	1167.064	142.668	734.975	1262.923	173.092	736.401	1162.197	214.478	764.952	1114.686	297.279	702.979	1148.684	237.627	663.545	1018.630	273.571	789.149	1013.525	295.069	709.076	950.871	376.614	628.506	932.691	328.056	684.858	874.707	314.016	634.715	884.466	49.321	247.579	1368.642	105.754	169.879	1178.206	126.096	69.897	1260.415	159.774	81.850	1164.303	212.396	26.985	1110.511	297.094	83.962	1159.408	272.376	146.068	1091.508	214.596	62.933	1023.781	286.972	126.480	992.390	359.790	186.526	945.324	336.444	121.239	884.894	315.412	173.532	901.763
330.799	571.239	967.119	358.123	588.089	785.527	271.465	541.276	896.157	337.537	237.216	973.405	358.671	209.404	827.028	278.464	269.401	905.308	452.709	465.530	964.744	445.416	407.260	1006.824	458.656	352.409	969.848	310.568	585.012	673.653	253.103	610.808	718.983	186.820	620.489	613.377	236.995	596.389	572.999	100.305	603.347	455.006	106.856	469.809	444.630	205.964	607.715	368.190	144.047	602.028	333.300	207.598	591.709	242.016	256.747	594.668	277.255	407.937	522.319	105.278	353.736	564.385	122.585	325.461	475.407	112.640	210.659	598.103	33.144	197.403	505.810	37.070	291.454	202.582	675.504	228.369	194.018	717.772	163.833	179.850	614.004	212.301	187.612	576.773	126.925	185.427	459.068	106.865	311.845	423.124	213.865	176.116	342.807	146.048	200.908	311.722	204.101	211.324	220.226	257.919	193.776	244.060	409.560	256.287	90.193	347.047	217.072	112.611	315.634	311.953	110.420	206.237	188.646	33.672	188.322	265.679	36.555	355.251	410.656	1141.275	164.686	410.330	1398.731	257.573	502.281	1286.843	265.209	326.889	1282.521	110.459	408.318	1609.753	-39.250	385.420	1576.942	62.126	304.762	1516.502	40.749	501.006	1535.319	45.381	581.568	1362.638	110.228	652.052	1176.734	144.062	735.023	1272.095	173.427	736.303	1171.110	214.256	764.786	1123.012	297.056	702.644	1155.913	235.843	663.614	1026.374	271.939	789.161	1021.070	292.798	709.188	958.124	373.630	628.381	938.778	324.632	685.037	881.338	310.863	634.715	890.503	51.769	247.828	1378.770	106.197	170.186	1187.560	127.522	70.122	1269.372	160.142	82.379	1172.743	212.224	27.510	1118.525	297.358	84.648	1166.308	271.825	146.657	1098.475	213.391	63.253	1031.649	285.305	126.710	999.214	357.239	186.758	951.161	334.013	121.251	891.087	312.668	173.494	907.563
328.588	571.300	973.725	352.892	590.728	795.165	267.887	541.140	902.599	335.465	237.410	979.685	356.336	209.804	832.733	276.014	269.579	911.628	450.461	465.736	970.465	443.636	407.280	1012.348	456.656	352.402	975.646	309.933	584.883	679.235	251.825	610.438	723.704	186.774	619.875	617.143	237.644	595.967	577.569	102.195	602.514	457.725	108.971	469.023	447.084	207.748	607.257	370.166	145.550	601.532	335.539	208.256	590.922	243.975	257.896	595.308	278.748	407.639	522.634	105.997	353.542	564.081	123.520	324.558	475.158	113.310	210.561	598.074	33.172	197.257	505.764	37.051	291.211	203.125	680.379	227.674	194.408	721.808	164.412	179.922	617.309	213.359	188.830	580.621	129.202	185.936	461.683	109.119	312.052	425.597	215.870	176.538	344.467	147.771	201.242	313.968	204.982	211.507	221.819	258.959	194.126	245.183	409.273	256.405	90.670	346.941	217.011	113.327	315.502	312.027	110.950	206.152	188.683	33.660	188.183	265.741	36.589	355.078	410.834	1147.513	167.462	410.424	1407.744	259.241	502.392	1294.515	266.760	326.999	1290.108	112.634	408.212	1619.636	-37.034	385.870	1586.417	64.294	304.936	1526.256	43.392	501.221	1545.146	47.944	581.530	1373.159	110.629	651.844	1186.536	145.541	735.025	1281.377	173.723	736.152	1180.063	213.942	764.752	1131.567	297.414	702.419	1163.355	234.043	663.751	1034.322	270.117	789.242	1028.779	290.516	709.450	965.377	370.557	628.274	944.908	319.825	685.264	888.386	307.394	634.678	896.721	54.197	248.123	1389.027	106.521	170.587	1197.113	128.971	70.390	1278.348	160.557	82.947	1181.348	211.947	27.981	1126.533	297.598	85.363	1173.267	271.388	147.221	1105.549	212.023	63.551	1039.554	283.577	127.016	1006.156	354.707	187.038	957.028	331.381	121.220	897.302	309.991	173.538	913.408
326.214	571.346	980.300	348.201	592.934	804.138	265.248	540.708	909.437	333.425	237.570	986.110	353.923	210.089	838.509	273.481	269.779	917.949	448.125	465.944	976.272	441.818	407.365	1018.000	453.917	352.545	980.729	310.244	585.672	684.550	250.459	610.010	728.688	186.775	619.209	621.184	238.277	595.566	582.361	104.353	601.612	460.510	111.021	468.222	449.536	209.607	606.742	372.089	147.170	601.039	338.036	209.030	590.530	245.914	259.050	595.086	280.404	407.300	522.871	106.867	353.003	564.143	123.829	324.280	475.282	114.174	210.445	598.068	33.215	197.174	505.742	37.012	290.955	203.687	685.207	226.879	194.748	725.786	165.030	180.441	620.546	214.497	189.510	584.478	131.656	186.459	464.404	111.562	312.423	427.946	218.099	176.993	346.175	149.641	201.586	316.344	205.988	211.693	223.744	260.287	194.438	246.713	409.046	256.428	91.368	346.756	217.011	113.959	315.314	312.092	111.454	206.076	188.684	33.685	187.684	265.707	36.780	354.862	410.986	1153.754	169.957	410.500	1416.726	260.880	502.482	1302.175	268.346	327.072	1297.759	114.805	408.140	1629.537	-34.895	386.131	1595.863	66.457	305.096	1535.926	45.958	501.385	1554.894	50.668	581.589	1383.800	111.133	651.688	1196.294	146.968	735.035	1290.573	174.076	736.029	1189.040	213.626	764.739	1140.061	297.292	702.189	1170.794	232.047	663.891	1042.393	268.487	789.327	1036.707	288.005	709.649	972.792	367.350	628.194	951.237	316.072	685.504	895.284	303.963	634.626	902.944	56.614	248.359	1399.308	107.039	171.069	1206.633	130.228	70.464	1287.573	160.872	83.423	1190.064	211.699	28.514	1134.519	297.828	85.978	1180.240	269.929	147.880	1112.302	210.680	63.876	1047.544	281.905	127.330	1013.084	351.630	187.517	962.905	328.711	121.174	903.521	307.314	173.592	919.381
323.845	571.400	986.868	344.015	594.739	812.506	262.583	540.304	916.289	331.371	237.741	992.621	351.339	210.488	844.541	270.778	269.879	924.614	445.823	466.187	982.301	440.038	407.470	1023.670	451.735	352.610	986.563	309.701	585.665	690.416	249.069	609.563	733.748	186.706	618.538	625.310	238.949	595.183	587.283	106.587	600.733	463.508	113.164	467.442	452.131	211.495	606.255	374.041	148.883	600.506	340.498	210.005	590.218	248.111	260.138	594.648	281.605	406.673	523.156	107.627	352.720	564.098	124.556	324.144	475.537	114.939	210.303	598.053	33.256	196.982	505.693	37.054	290.881	204.230	690.181	226.247	195.110	730.117	165.735	180.983	624.011	215.948	189.830	588.541	134.242	186.952	467.149	114.064	312.665	430.522	220.363	177.444	347.973	151.611	201.872	318.888	207.021	211.846	225.561	261.461	194.793	247.977	408.914	256.320	92.208	346.449	217.079	114.424	315.101	312.097	111.969	206.004	188.715	33.646	187.531	265.733	36.873	354.683	411.065	1160.007	172.529	410.627	1425.593	262.465	502.507	1309.734	269.891	327.147	1305.395	116.950	408.159	1639.469	-32.713	386.429	1605.323	68.684	305.259	1545.679	48.507	501.735	1564.764	53.388	581.629	1394.190	111.627	651.576	1206.017	148.480	735.033	1300.059	174.509	735.987	1198.112	213.407	764.696	1148.742	297.681	702.020	1178.321	230.239	664.030	1050.579	266.955	789.439	1044.654	285.505	709.822	980.285	363.947	628.182	957.596	312.491	685.722	902.313	300.404	634.595	909.371	59.161	248.610	1409.349	107.266	171.415	1216.139	131.638	70.675	1296.611	161.159	83.906	1198.727	211.387	29.056	1142.599	297.921	86.776	1187.249	269.268	148.474	1119.465	209.378	64.222	1055.511	280.058	127.623	1020.127	349.123	187.855	969.036	326.079	121.158	909.938	304.657	173.659	925.508
321.075	571.677	993.604	340.299	596.175	820.329	260.062	539.893	923.310	329.209	237.868	999.062	348.892	210.884	850.550	268.254	270.183	931.140	443.369	466.529	988.331	438.150	407.655	1029.477	449.571	352.738	992.534	308.981	585.535	696.328	247.833	609.139	738.836	186.801	617.855	629.545	239.691	594.772	592.267	108.859	599.805	466.592	115.430	466.688	454.908	213.528	605.699	376.156	150.592	600.046	343.206	210.955	589.884	250.120	261.387	594.259	283.370	406.233	523.466	108.653	352.368	564.098	125.378	323.823	475.705	115.872	210.146	598.034	33.358	196.869	505.683	37.006	290.821	204.733	695.472	225.746	195.540	734.432	166.559	181.454	627.540	217.278	190.458	592.794	136.951	187.475	470.185	116.605	312.908	433.176	222.720	177.882	349.909	153.645	202.255	321.481	208.082	212.044	227.646	262.869	195.202	249.496	408.682	256.261	92.927	346.195	217.107	115.009	314.886	312.123	112.563	205.892	188.707	33.692	187.483	265.797	36.920	354.549	411.191	1166.424	175.228	410.675	1434.549	264.106	502.504	1317.361	271.421	327.156	1313.088	119.061	408.168	1649.365	-30.528	386.769	1614.748	70.925	305.445	1555.426	50.984	501.944	1574.482	56.026	581.541	1404.662	112.161	651.564	1215.797	150.110	735.100	1309.521	174.942	735.921	1207.178	213.243	764.797	1157.474	297.706	701.852	1185.909	228.556	664.301	1058.906	265.508	789.558	1052.832	282.961	710.002	988.033	360.690	628.080	964.050	308.381	685.888	909.550	296.742	634.397	915.878	61.643	248.821	1419.589	107.718	171.762	1225.617	132.960	70.850	1305.589	161.466	84.396	1207.435	211.005	29.601	1150.565	297.939	87.374	1194.328	268.519	149.020	1126.595	208.155	64.592	1063.455	278.383	127.965	1027.228	346.026	188.063	975.275	323.529	121.287	916.426	301.938	173.767	931.674
318.549	571.782	1000.350	337.019	597.272	827.668	257.274	539.525	930.211	326.858	237.959	1005.606	346.625	211.192	856.711	265.479	270.451	937.738	440.987	466.767	994.386	435.322	407.730	1034.627	447.326	352.852	998.503	308.250	585.383	702.392	246.564	608.676	743.940	187.107	617.165	634.099	240.456	594.385	597.292	111.345	598.842	469.879	117.968	465.879	457.706	215.623	605.192	378.452	152.403	599.555	346.051	211.892	589.596	252.478	262.677	593.896	285.235	405.697	523.492	109.899	352.012	564.056	126.291	323.372	475.914	116.838	209.968	597.991	33.420	196.702	505.634	37.016	291.229	205.090	700.620	225.280	195.957	738.846	167.451	182.023	631.167	218.577	191.050	597.127	139.794	188.081	473.161	119.423	313.250	435.851	224.781	177.947	351.905	155.841	202.629	324.210	209.055	212.171	229.615	264.275	195.455	251.084	408.310	256.293	93.694	345.910	216.978	115.856	314.631	312.123	113.273	205.804	188.732	33.685	187.593	265.866	36.899	354.500	411.332	1172.950	177.946	410.767	1443.540	265.189	502.450	1324.567	272.916	327.173	1320.775	121.120	408.207	1659.284	-28.375	386.992	1624.200	73.163	305.680	1565.145	53.427	502.143	1584.267	58.712	581.569	1415.120	112.700	651.578	1225.722	151.740	735.134	1318.911	175.461	735.968	1216.429	213.112	764.953	1166.276	298.153	701.706	1193.506	225.933	664.592	1067.056	264.110	789.705	1061.035	278.378	709.790	996.254	357.401	627.972	970.690	304.768	686.001	916.835	293.012	634.206	922.457	64.170	249.041	1429.660	108.000	172.129	1235.069	134.337	70.994	1314.598	161.734	84.853	1216.112	210.609	30.120	1158.651	297.915	88.003	1201.283	267.869	149.556	1133.880	206.834	64.969	1071.468	276.421	128.331	1034.307	343.767	188.422	981.674	321.066	121.406	922.964	299.253	173.879	937.956
316.032	571.858	1007.221	334.138	598.064	834.582	254.399	539.234	937.352	324.061	238.061	1012.209	343.924	211.532	862.851	262.795	270.638	944.710	438.505	467.059	1000.623	433.360	407.867	1040.483	445.061	352.980	1004.560	307.044	584.655	708.712	245.239	608.188	749.206	187.265	616.440	638.463	241.360	594.136	602.752	113.861	597.967	473.381	120.505	465.107	460.707	217.705	604.653	380.702	154.320	599.021	348.834	212.858	589.259	254.845	265.266	593.267	286.500	405.208	523.794	111.216	351.617	564.058	127.348	322.904	476.106	117.899	209.804	597.948	33.490	196.536	505.585	36.967	291.332	205.562	706.013	224.798	196.328	743.401	168.650	182.073	635.191	220.114	191.627	601.764	142.835	188.687	476.338	122.299	313.551	438.530	227.816	178.793	354.038	158.052	203.008	326.998	210.232	212.291	231.929	265.804	195.862	252.811	407.882	256.122	94.615	345.561	216.887	116.652	314.336	312.091	114.041	205.685	188.728	33.734	187.497	265.904	36.951	354.494	411.331	1179.417	180.703	410.827	1452.632	266.829	502.473	1332.273	274.376	327.120	1328.479	123.191	408.280	1669.195	-26.280	387.170	1633.579	75.416	305.786	1574.846	55.755	502.272	1593.968	61.513	581.599	1425.666	112.707	651.752	1235.802	153.488	735.175	1328.430	175.996	735.942	1225.612	213.060	765.181	1175.024	298.393	701.628	1201.240	224.149	664.842	1075.586	262.771	789.873	1069.172	275.486	709.898	1004.269	354.112	627.875	977.418	301.110	686.106	924.261	289.359	634.006	929.302	66.603	249.186	1439.909	108.383	172.493	1244.649	135.656	71.181	1323.669	161.865	85.262	1224.883	210.102	30.614	1166.647	297.427	88.734	1208.009	267.235	150.146	1141.151	205.460	65.342	1079.502	274.691	128.681	1041.493	339.904	188.222	988.220	318.409	121.577	929.603	296.527	174.001	944.409
313.464	571.938	1014.084	331.621	598.580	841.132	251.492	538.947	944.347	321.612	238.205	1018.901	341.407	211.877	869.230	259.945	270.874	951.662	436.043	467.353	1006.888	431.329	408.074	1046.406	442.952	353.036	1010.797	306.412	584.607	714.901	243.975	607.677	754.630	187.578	616.034	643.374	242.258	593.787	608.078	116.595	596.958	476.787	123.778	464.129	463.538	219.968	604.090	383.173	156.292	598.462	351.879	213.989	588.921	257.460	266.523	593.271	289.006	404.582	524.002	112.474	351.123	564.073	128.300	322.396	476.309	119.089	209.623	597.914	33.574	196.352	505.553	36.947	291.392	206.043	711.597	223.833	196.789	747.900	169.694	182.628	639.064	221.617	192.249	606.429	145.968	189.344	479.748	125.376	313.851	441.597	230.027	178.835	356.329	160.428	203.397	329.939	211.498	212.392	234.239	267.355	196.169	254.667	407.614	255.944	95.732	345.180	216.865	117.333	314.080	312.040	114.862	205.541	188.731	33.733	187.390	265.967	36.985	354.417	411.427	1186.014	183.451	410.914	1461.600	268.407	502.415	1340.046	275.848	327.051	1336.130	125.144	408.444	1679.079	-24.182	387.340	1642.897	77.728	305.909	1584.629	57.971	502.449	1603.654	64.182	581.547	1436.112	113.325	651.826	1245.599	155.282	735.195	1337.882	176.656	736.018	1234.790	213.101	765.440	1183.933	298.607	701.604	1209.039	222.177	664.920	1084.308	261.398	790.088	1077.394	272.806	710.044	1012.203	350.845	627.738	984.302	297.411	686.254	931.765	285.640	633.829	936.169	69.108	249.370	1450.075	108.680	172.832	1254.164	136.965	71.383	1332.659	162.029	85.670	1233.596	209.595	31.137	1174.692	297.366	89.231	1215.134	265.542	150.091	1148.539	204.016	65.748	1087.505	273.072	129.032	1048.820	337.261	188.604	994.629	315.877	121.828	936.311	293.796	174.171	950.824
310.844	572.021	1021.031	329.433	598.852	847.377	248.640	538.695	951.578	318.743	238.473	1025.822	339.216	212.170	875.824	257.344	271.207	958.503	433.514	467.635	1013.354	429.298	408.228	1052.385	440.607	353.106	1017.189	305.913	584.576	721.376	242.740	607.147	760.110	187.820	615.045	647.846	243.759	594.029	613.380	120.130	596.208	479.924	126.493	463.310	466.907	222.281	603.511	385.650	158.365	598.058	355.229	214.975	588.535	260.019	267.766	592.994	291.329	403.962	524.239	113.877	350.605	564.071	129.354	321.841	476.530	120.327	209.396	597.869	33.644	196.117	505.503	36.946	291.465	206.535	717.290	223.304	197.080	752.821	170.935	183.205	643.114	223.255	192.869	611.172	149.333	189.984	483.160	128.484	314.113	444.605	232.915	179.361	358.698	162.909	203.670	333.040	212.773	212.485	236.794	268.958	196.526	256.555	407.252	255.855	96.957	344.756	216.792	118.226	313.740	311.952	115.806	205.368	188.710	33.828	187.248	266.016	37.031	354.354	411.523	1192.703	186.186	410.983	1470.562	270.086	502.457	1347.884	277.286	327.009	1343.891	127.110	408.609	1689.015	-22.079	387.549	1652.220	79.954	306.103	1594.370	60.281	502.650	1613.333	66.897	581.549	1446.507	113.874	652.122	1255.657	157.120	735.303	1347.366	177.082	736.036	1243.997	213.092	765.657	1192.893	298.984	701.467	1216.723	220.325	665.316	1092.996	260.062	790.270	1085.676	270.288	710.172	1020.263	347.203	627.773	991.124	293.711	686.335	939.468	281.956	633.555	943.263	71.631	249.593	1460.116	108.952	173.179	1264.004	138.204	71.513	1341.591	162.157	86.133	1242.240	209.055	31.737	1182.743	297.284	89.787	1222.359	264.684	150.590	1155.879	202.608	66.201	1095.674	271.198	129.376	1056.056	336.017	189.383	1001.196	313.361	122.153	943.244	290.712	174.325	957.587
308.177	572.068	1028.070	327.539	598.912	853.378	245.618	538.401	958.847	316.530	238.719	1032.704	336.808	212.499	882.559	254.661	271.500	965.474	430.970	467.918	1019.754	427.194	408.390	1058.426	438.307	353.306	1023.536	305.372	584.582	727.776	241.877	606.605	765.744	188.353	614.622	653.109	244.683	593.784	618.989	122.986	595.264	483.768	128.853	462.564	470.627	224.797	602.895	388.369	160.512	597.539	358.470	216.203	588.245	262.850	269.253	592.597	293.490	403.234	524.535	115.512	350.064	564.146	130.597	321.138	476.708	121.519	209.155	597.831	33.745	195.835	505.480	36.922	291.638	207.087	723.261	223.327	197.313	758.021	172.075	183.921	647.344	224.962	193.506	616.018	152.895	190.629	486.786	131.861	314.440	447.872	235.850	179.850	361.053	165.561	203.999	336.280	214.145	212.584	239.440	270.653	196.749	258.673	406.788	255.686	98.148	344.286	216.606	119.269	313.320	311.839	116.710	205.214	188.696	33.854	187.092	266.051	37.083	354.292	411.598	1199.419	188.931	411.020	1479.575	271.712	502.419	1355.669	278.685	326.914	1351.598	128.691	408.762	1698.880	-20.104	387.677	1661.487	82.149	306.496	1604.021	62.326	502.756	1622.868	69.694	581.508	1456.882	114.766	652.457	1265.558	159.063	735.361	1356.928	177.825	736.202	1253.412	213.292	766.006	1201.835	299.303	701.416	1224.573	218.614	665.647	1101.726	258.785	790.461	1093.971	267.887	710.341	1028.350	344.378	627.527	998.513	290.073	686.393	947.231	278.132	633.252	950.390	74.139	249.831	1470.100	109.210	173.538	1273.559	139.440	71.730	1350.543	161.855	86.325	1250.901	208.569	32.321	1190.813	297.075	90.406	1229.624	263.963	151.185	1163.359	201.157	66.650	1103.743	269.368	129.767	1063.449	333.504	189.763	1007.833	310.707	122.327	950.025	288.107	174.528	964.226
305.526	572.130	1035.250	325.903	598.791	859.196	242.725	538.126	966.231	314.275	238.830	1039.618	334.393	212.764	889.273	251.749	271.678	972.741	428.377	468.203	1026.400	425.083	408.551	1064.580	435.935	353.456	1030.034	304.833	584.628	734.408	240.672	606.048	771.477	188.660	613.881	658.093	245.714	593.503	624.750	125.833	594.319	487.812	131.724	461.725	474.218	227.317	602.308	391.211	162.743	597.047	361.900	217.353	587.942	265.654	270.740	592.101	295.780	402.193	524.816	116.838	349.453	564.180	131.899	320.375	476.964	123.027	208.889	597.813	33.875	195.560	505.438	36.917	291.869	207.582	729.232	223.320	197.766	763.093	173.353	184.530	651.654	226.774	194.159	621.090	156.514	191.404	490.550	135.438	314.807	451.156	238.895	180.341	363.692	168.288	204.278	339.700	215.598	212.661	242.239	272.173	196.718	260.521	406.315	255.604	99.540	343.808	216.452	120.376	312.869	311.743	117.822	205.010	188.652	33.934	186.954	266.081	37.156	354.212	411.662	1206.055	191.671	411.102	1488.565	273.322	502.384	1363.570	280.091	326.805	1359.321	130.515	408.995	1708.788	-18.121	387.750	1670.659	84.588	306.407	1613.699	64.453	502.869	1632.436	72.789	581.528	1467.459	115.465	652.769	1275.472	161.011	735.387	1366.576	178.599	736.422	1262.794	213.408	766.310	1210.769	299.568	701.407	1232.470	216.950	665.992	1110.616	257.536	790.623	1102.337	265.441	710.476	1036.595	341.186	627.350	1005.803	286.429	686.441	955.214	274.573	632.873	957.853	76.610	249.937	1480.341	109.588	173.924	1283.092	140.611	71.916	1359.506	161.896	86.745	1259.498	207.987	32.841	1198.850	296.979	90.831	1236.834	263.186	151.794	1170.862	199.759	67.069	1111.893	267.596	130.226	1070.906	331.023	190.160	1014.661	307.988	122.548	956.993	285.499	174.760	971.113
302.785	572.159	1042.390	324.490	598.520	864.890	239.766	537.793	973.707	311.811	238.984	1046.671	331.901	212.982	896.076	249.190	272.031	979.757	425.885	468.448	1033.055	423.007	408.794	1070.741	433.607	353.665	1036.542	304.275	584.668	741.092	239.517	605.431	777.311	189.010	613.108	663.131	246.700	593.232	630.589	128.858	593.321	491.991	134.824	460.970	477.929	229.884	601.742	394.091	165.043	596.651	365.602	218.139	587.776	268.727	272.269	591.675	298.229	401.301	525.059	118.617	348.724	564.222	133.304	319.547	477.215	124.470	208.569	597.788	34.000	195.192	505.388	36.846	292.132	208.119	735.442	223.356	198.285	768.293	174.739	185.200	656.091	228.686	194.709	626.262	160.365	192.120	494.458	139.067	315.129	454.763	242.151	180.858	366.377	171.115	204.660	343.334	217.090	212.752	245.242	273.955	197.003	262.738	405.665	255.340	100.947	343.214	216.217	121.548	312.227	311.602	119.024	204.800	188.596	34.024	186.782	266.092	37.212	354.089	411.818	1212.744	194.387	411.134	1497.407	274.554	502.140	1371.123	281.452	326.695	1367.070	132.273	409.238	1718.583	-16.122	387.813	1679.899	86.820	306.577	1623.396	66.502	502.996	1641.950	75.657	581.550	1477.832	116.207	653.152	1285.448	162.954	735.436	1376.181	179.303	736.607	1272.168	213.638	766.515	1219.657	299.880	701.306	1240.345	215.240	666.368	1119.531	256.244	790.790	1110.780	263.133	710.576	1044.738	337.814	627.105	1013.134	282.819	686.414	963.201	271.002	632.569	965.339	79.071	250.155	1490.306	109.884	174.366	1292.566	141.748	72.116	1368.487	161.910	87.190	1268.265	207.316	33.347	1206.984	296.772	91.236	1244.199	262.530	152.391	1178.416	198.275	67.503	1120.044	265.789	130.619	1078.421	328.502	190.496	1021.455	305.480	122.790	964.025	282.802	174.938	977.972
299.948	572.117	1049.681	323.265	598.130	870.520	236.725	537.501	981.190	309.435	239.167	1053.787	329.781	212.670	902.192	246.401	272.201	987.054	423.204	468.740	1039.653	420.840	408.931	1076.963	431.418	353.896	1043.271	303.848	584.664	747.862	238.418	604.872	783.326	189.224	612.652	668.206	247.707	593.021	636.697	131.962	592.414	496.431	138.030	460.090	481.839	232.697	601.106	397.089	167.463	596.209	369.453	219.462	587.565	272.054	273.802	591.221	300.702	400.304	525.271	120.450	347.936	564.335	134.837	318.645	477.486	126.132	208.194	597.774	34.132	194.871	505.346	36.825	292.740	208.684	741.594	223.331	198.787	773.673	176.253	185.912	660.657	230.728	195.386	631.550	164.439	192.907	498.460	142.949	315.533	458.375	245.938	181.353	369.033	174.492	205.375	346.798	218.684	212.776	248.299	275.790	197.252	264.949	405.105	255.199	102.700	342.602	215.988	122.908	311.548	311.377	120.230	204.477	188.493	34.134	186.532	266.081	37.268	353.883	411.932	1219.497	197.133	411.110	1506.313	276.130	502.092	1379.084	282.837	326.608	1374.846	133.990	409.491	1728.337	-14.250	387.906	1688.913	89.114	306.737	1632.966	68.517	503.139	1651.495	78.571	581.530	1488.182	116.824	653.491	1295.518	165.022	735.433	1385.858	180.118	736.848	1281.606	213.421	766.840	1228.665	300.221	701.301	1248.266	213.585	666.663	1128.354	255.017	790.931	1119.166	260.842	710.729	1053.142	332.950	626.292	1020.519	279.258	686.405	971.224	267.553	632.166	972.953	81.548	250.379	1500.369	110.209	174.722	1301.971	142.765	72.325	1377.349	161.963	87.660	1276.957	206.637	33.871	1215.107	296.495	91.562	1251.470	261.773	152.960	1185.966	196.803	67.943	1128.168	263.982	131.057	1086.002	326.029	190.890	1028.350	302.836	123.028	971.050	280.214	175.152	984.884
297.115	572.180	1057.033	322.193	597.654	876.147	233.833	537.240	988.861	306.740	239.303	1060.854	327.505	212.691	909.022	243.683	272.522	994.521	420.677	468.885	1046.533	418.689	409.085	1083.193	429.320	354.090	1050.009	303.398	584.731	754.870	237.306	604.263	789.266	189.530	611.757	673.400	248.769	592.830	642.958	135.318	591.455	500.764	141.422	459.310	485.772	235.496	600.478	400.266	169.972	595.746	373.343	220.702	587.343	275.411	275.421	590.718	303.315	399.319	525.453	122.757	347.164	564.392	136.355	317.564	477.740	127.738	207.780	597.764	34.260	194.530	505.279	36.785	293.297	209.236	747.929	223.525	199.352	778.990	177.940	186.571	665.446	232.801	195.882	637.062	168.734	193.765	502.698	146.904	315.954	462.181	248.996	181.655	372.342	177.137	205.349	351.099	220.316	212.826	251.525	277.690	197.540	267.500	404.330	254.971	104.524	341.923	215.728	124.327	310.874	311.187	121.812	204.144	188.381	34.210	186.258	266.021	37.288	353.546	412.173	1226.248	199.798	411.172	1515.222	277.976	502.198	1387.192	284.122	326.520	1382.631	135.588	409.695	1738.039	-12.343	387.975	1697.912	91.377	306.868	1642.526	70.337	503.252	1660.782	81.224	581.426	1498.277	117.594	653.907	1305.369	167.143	735.458	1395.411	180.908	737.093	1291.096	213.668	767.083	1237.530	300.509	701.303	1256.195	211.937	666.925	1137.286	253.877	791.033	1127.666	258.681	710.792	1061.443	329.731	625.944	1028.300	275.845	686.350	979.508	263.902	631.641	980.812	83.965	250.577	1510.344	110.448	175.181	1311.542	143.778	72.561	1386.249	161.938	88.126	1285.756	205.906	34.422	1223.261	296.172	91.899	1258.794	260.974	153.432	1193.595	194.658	68.558	1136.547	262.199	131.471	1093.587	323.583	191.242	1035.367	300.311	123.269	978.175	277.501	175.338	992.043
294.233	572.204	1064.459	321.237	597.122	881.830	230.815	536.996	996.549	304.290	239.338	1068.188	325.108	212.888	915.977	241.022	272.698	1002.026	418.101	469.072	1053.390	416.521	409.257	1089.522	426.763	354.598	1056.866	303.067	584.949	761.757	236.134	603.584	795.303	190.068	611.108	678.933	249.799	592.619	649.254	138.658	590.517	505.175	144.834	458.492	489.902	238.370	599.835	403.533	172.511	595.406	377.467	222.052	587.116	278.716	277.026	590.261	305.980	398.106	525.608	125.059	346.195	564.528	138.213	316.137	478.018	129.479	207.461	597.821	34.418	194.155	505.222	36.742	294.137	209.871	754.193	223.843	199.918	784.549	179.633	187.265	670.312	234.974	196.484	642.650	173.197	194.571	507.002	151.178	316.433	466.189	251.979	182.065	375.743	180.833	206.099	354.946	221.904	212.876	255.146	279.725	197.849	270.237	403.447	254.650	106.446	341.145	215.450	125.868	310.161	310.991	123.064	203.822	188.251	34.335	186.029	265.946	37.173	352.978	412.401	1232.896	202.533	411.143	1524.097	279.560	502.111	1395.023	285.424	326.377	1390.372	137.160	409.866	1747.711	-10.512	387.965	1706.829	93.596	306.951	1652.004	72.236	503.344	1670.189	84.146	581.424	1508.503	118.325	654.421	1315.264	169.305	735.449	1405.014	181.669	737.359	1300.476	213.926	767.377	1246.452	300.812	701.338	1264.164	210.416	667.236	1146.344	252.754	791.114	1136.081	256.545	710.925	1069.807	326.480	625.693	1035.978	272.464	686.258	987.775	260.606	631.245	988.768	86.385	250.781	1520.191	110.025	175.281	1321.137	144.764	72.773	1395.104	161.845	88.568	1294.427	205.112	34.934	1231.402	295.895	92.255	1266.373	260.116	153.955	1201.260	193.082	69.062	1144.814	260.350	131.876	1101.206	321.160	191.558	1042.350	297.711	123.570	985.377	274.908	175.515	999.124
291.343	572.258	1071.948	320.363	596.567	887.631	227.812	536.759	1004.397	301.687	239.428	1075.457	322.817	212.952	923.050	238.363	273.030	1009.539	415.397	469.225	1060.278	414.268	409.400	1095.953	424.419	354.744	1063.690	302.638	584.999	768.957	234.898	603.085	801.597	190.570	610.281	684.527	250.854	592.438	655.720	142.248	589.611	509.866	148.378	457.729	494.102	241.285	599.163	406.909	175.152	594.990	381.656	223.284	586.894	282.261	278.721	589.704	308.668	396.861	525.742	127.592	345.156	564.651	140.036	314.969	478.352	131.417	207.224	597.911	34.628	193.736	505.174	36.674	294.791	210.373	760.771	224.188	200.443	790.255	181.383	188.889	675.461	236.859	197.024	647.768	177.854	195.427	511.445	155.473	316.895	470.338	255.624	182.694	378.931	184.196	206.497	359.389	223.609	212.854	258.881	281.741	198.108	273.012	402.497	254.437	108.617	340.232	215.183	127.651	309.205	310.734	124.698	203.459	188.116	34.453	185.590	265.854	37.046	349.839	412.445	1238.335	205.154	411.176	1532.829	281.396	502.218	1402.993	286.654	326.290	1398.102	138.706	410.132	1757.432	-8.773	387.961	1715.665	95.772	307.086	1661.500	74.043	503.408	1679.440	87.099	581.390	1518.662	119.214	654.838	1324.982	171.485	735.440	1414.571	182.424	737.660	1309.883	214.048	767.648	1255.355	301.126	701.397	1272.199	208.942	667.505	1155.398	251.534	791.239	1144.507	254.454	710.980	1078.359	323.596	625.527	1043.845	269.335	686.305	996.140	257.319	630.703	996.827	88.805	251.018	1530.064	110.192	175.721	1330.649	145.613	72.985	1403.946	161.769	89.032	1303.218	204.287	35.474	1239.549	295.542	92.569	1273.690	259.141	154.443	1208.938	191.599	69.548	1152.934	258.394	132.209	1108.715	318.686	191.869	1049.461	295.449	123.851	992.543	272.271	175.639	1006.191
288.453	572.306	1079.495	319.536	596.018	893.608	224.897	536.528	1012.284	299.083	239.577	1082.837	320.455	213.077	930.121	235.561	273.177	1017.163	412.629	469.448	1067.281	412.075	409.558	1102.383	421.921	354.911	1070.505	302.225	585.037	776.224	233.892	602.676	808.080	191.163	609.516	690.171	251.943	592.289	662.309	145.941	588.728	514.663	151.979	456.856	498.638	244.392	598.464	410.362	177.872	594.589	386.075	224.628	586.816	286.066	280.331	589.245	311.766	395.441	526.018	130.304	344.011	564.852	141.974	313.682	478.734	133.404	206.254	597.679	34.815	193.665	505.358	36.285	295.869	211.084	767.441	224.616	201.059	796.066	183.262	189.604	680.690	239.184	197.685	653.639	182.710	196.356	516.263	159.981	317.445	474.722	259.530	183.440	382.467	187.576	206.937	363.929	225.342	212.722	262.971	283.802	198.388	276.088	401.457	254.285	111.066	339.234	214.918	129.514	308.129	310.505	126.469	203.041	187.964	34.597	185.059	265.721	36.862	348.937	412.586	1244.812	207.768	411.152	1541.642	282.905	502.173	1410.845	287.956	326.186	1405.847	140.464	410.358	1766.908	-7.008	387.945	1724.455	97.961	307.215	1670.892	75.864	503.523	1688.652	89.926	581.326	1528.687	119.859	655.409	1334.864	173.640	735.431	1424.075	183.345	738.066	1319.301	214.239	767.966	1264.325	301.470	701.490	1280.163	207.613	667.714	1164.470	250.446	791.295	1153.054	252.425	710.963	1086.724	320.741	625.300	1051.748	266.170	686.146	1004.504	253.862	630.227	1004.997	91.230	251.235	1539.901	110.510	176.192	1340.057	147.294	73.656	1412.552	161.646	89.476	1311.899	203.444	35.984	1247.790	295.092	92.823	1281.113	258.208	154.855	1216.713	190.030	70.012	1161.276	256.654	132.617	1116.433	316.210	192.197	1056.563	292.939	124.030	999.808	269.774	175.793	1013.474
285.560	572.344	1087.121	318.719	595.508	899.823	221.917	536.325	1020.263	296.564	239.655	1090.208	320.495	213.052	937.659	233.101	273.430	1024.556	410.110	469.554	1074.263	409.870	409.724	1108.840	419.204	354.839	1077.359	301.757	584.910	783.608	233.042	602.364	814.715	191.834	608.789	696.176	253.170	592.066	668.716	149.749	587.738	519.569	155.597	456.105	503.320	247.391	597.812	413.996	180.602	594.246	390.595	225.234	585.543	290.310	281.988	588.582	315.041	393.797	526.667	132.641	342.668	565.079	144.109	312.148	478.994	135.413	205.743	597.680	34.942	193.198	505.360	36.210	296.838	211.737	774.229	225.095	201.644	802.056	185.508	189.281	686.099	242.008	198.394	660.365	187.688	197.318	521.054	163.859	318.090	479.342	263.398	184.132	386.148	191.083	207.355	368.771	227.160	212.665	267.170	285.873	198.635	279.474	400.167	254.055	113.673	338.120	214.646	131.572	306.489	310.238	128.340	202.614	187.837	34.767	184.486	265.591	36.609	348.094	412.745	1251.423	210.371	411.166	1550.350	284.427	502.108	1418.692	289.139	326.095	1413.519	141.555	410.557	1776.560	-5.332	387.921	1733.033	100.050	307.370	1680.191	77.606	503.620	1697.785	93.021	581.354	1538.792	120.528	655.835	1344.656	175.827	735.389	1433.467	183.985	738.343	1328.584	214.496	768.239	1273.175	301.821	701.643	1288.128	206.358	667.846	1173.601	249.400	791.365	1161.548	250.497	710.937	1095.270	317.914	625.068	1059.702	263.099	685.938	1013.019	250.657	629.715	1013.205	93.543	251.477	1549.618	110.645	176.597	1349.533	148.125	73.908	1421.371	161.496	89.962	1320.710	202.582	36.481	1255.996	294.619	93.128	1288.633	257.230	155.272	1224.444	188.520	70.512	1169.557	254.868	132.998	1124.190	313.835	192.469	1063.753	290.494	124.158	1007.113	267.230	175.936	1020.592
282.719	572.390	1094.815	317.879	595.068	906.335	219.021	536.120	1028.380	294.101	239.779	1097.634	318.683	213.158	944.890	230.317	273.560	1032.277	407.994	469.610	1081.589	408.287	409.943	1115.615	415.788	354.718	1083.840	301.525	584.891	790.569	232.051	601.784	821.156	192.356	607.989	701.962	254.138	591.769	675.565	153.590	586.783	524.611	159.383	455.230	508.042	250.518	596.930	417.669	183.407	593.792	395.314	226.654	585.474	294.451	283.714	588.123	318.370	391.913	526.877	135.438	341.489	565.217	146.278	310.401	479.280	137.548	205.239	597.741	35.131	192.650	505.379	36.133	297.720	212.253	781.209	225.606	202.348	807.980	187.418	190.502	691.906	244.512	199.169	666.650	192.993	198.260	526.298	168.437	318.785	483.914	267.746	185.142	389.997	194.715	207.776	373.674	228.962	212.569	271.580	287.658	198.714	283.210	398.726	254.015	116.470	336.965	214.191	133.931	305.017	309.965	130.246	202.118	187.705	34.923	183.935	265.491	36.450	347.236	412.788	1258.163	212.969	411.156	1558.990	285.747	502.019	1426.414	290.381	326.046	1421.223	142.848	410.703	1786.002	-3.680	387.976	1741.619	102.086	307.452	1689.377	79.302	503.688	1706.873	95.740	581.211	1548.578	121.132	656.424	1354.504	177.943	735.360	1442.876	184.803	738.702	1337.899	214.804	768.544	1282.091	302.177	701.829	1296.134	205.288	667.995	1182.746	248.282	791.433	1170.030	248.554	710.911	1103.835	315.329	624.851	1067.705	260.140	685.712	1021.504	247.797	629.237	1021.536	95.841	251.701	1559.332	111.248	177.141	1358.491	148.897	74.148	1430.202	161.347	90.417	1329.422	201.650	37.026	1264.235	294.171	93.316	1296.108	256.243	155.686	1232.220	186.917	71.011	1177.838	253.137	133.345	1131.976	311.407	192.758	1070.939	288.144	124.162	1014.391	265.036	176.080	1027.782
279.901	572.418	1102.526	316.979	594.730	913.205	216.089	535.939	1036.513	291.560	239.908	1105.073	316.785	213.231	952.230	227.860	273.694	1039.780	406.563	469.589	1089.405	406.001	410.025	1122.183	413.242	354.742	1090.765	301.136	585.038	798.088	231.203	601.318	827.517	193.239	607.236	707.986	255.406	591.573	682.202	157.658	585.839	529.880	163.052	454.352	512.907	253.922	596.015	421.690	185.814	593.396	400.189	227.930	585.275	298.585	285.322	587.538	321.627	389.830	527.006	138.330	340.047	565.251	148.684	308.457	479.580	139.805	204.730	597.750	35.235	192.016	505.333	35.954	298.859	212.979	788.290	226.128	202.998	814.142	190.326	191.674	697.497	247.042	199.937	672.993	198.331	199.344	531.571	173.396	319.576	488.752	271.843	186.061	394.128	198.524	208.215	379.034	230.807	212.479	276.276	289.856	199.032	286.988	397.065	253.786	119.381	335.616	213.903	136.296	303.480	309.664	132.442	201.544	187.600	35.087	183.307	265.404	36.412	346.369	412.876	1264.863	215.510	411.129	1567.583	287.208	501.876	1434.098	291.513	326.026	1428.979	144.113	410.821	1795.428	-2.058	388.005	1750.033	104.094	307.535	1698.582	81.011	503.716	1715.886	98.560	581.188	1558.310	121.796	656.944	1364.184	180.153	735.339	1452.230	185.596	739.035	1347.082	214.991	768.800	1290.814	302.525	702.058	1304.112	204.221	668.048	1191.872	247.124	791.450	1178.431	246.736	710.826	1112.342	312.740	624.585	1075.798	257.211	685.449	1030.032	245.032	628.749	1029.930	98.131	251.941	1568.916	110.147	177.449	1368.729	149.763	74.368	1438.887	161.192	90.863	1338.046	200.727	37.514	1272.465	293.665	93.392	1303.581	255.304	156.069	1239.982	185.303	71.500	1186.135	251.385	133.700	1139.807	311.528	193.599	1077.897	285.844	124.292	1021.713	262.650	176.225	1035.107
277.158	572.501	1110.351	315.985	594.524	920.492	213.174	535.740	1044.693	289.215	240.091	1112.599	314.703	213.351	959.727	225.260	273.709	1047.395	405.272	469.648	1097.278	403.698	410.161	1128.693	410.690	354.770	1097.890	300.777	585.044	805.430	230.501	600.639	833.874	193.830	606.439	713.819	256.500	591.287	689.312	161.710	584.855	535.235	166.913	453.439	517.883	257.216	595.185	425.757	188.911	593.405	405.397	229.274	585.158	303.002	287.003	586.991	325.124	387.549	526.978	141.444	338.410	565.432	151.178	306.332	479.804	142.052	204.223	597.719	35.363	191.384	505.338	35.887	299.916	213.486	795.522	226.902	203.816	820.290	192.543	192.510	703.238	249.707	200.600	679.357	203.803	200.498	537.130	178.466	320.342	493.911	276.051	187.064	398.406	202.260	208.747	384.517	232.656	212.335	281.162	291.914	199.306	291.062	395.335	253.533	122.831	334.034	213.709	138.703	301.754	309.288	134.619	200.950	187.513	35.152	182.711	265.305	36.152	345.546	413.015	1271.570	217.989	411.117	1576.180	288.641	501.827	1441.925	292.756	325.977	1436.600	145.314	410.947	1804.733	-0.527	388.027	1758.387	106.025	307.650	1707.590	82.681	503.808	1724.779	101.556	581.132	1568.085	122.495	657.388	1373.815	182.199	735.328	1461.402	186.219	739.281	1356.160	215.283	769.024	1299.644	302.929	702.318	1312.104	203.220	668.128	1201.043	246.057	791.480	1186.855	244.963	710.793	1120.934	310.319	624.291	1083.972	254.161	685.214	1038.574	242.351	628.383	1038.485	100.381	252.200	1578.458	110.439	177.931	1378.060	150.489	74.616	1447.624	160.940	91.313	1346.801	199.811	38.024	1280.636	293.142	93.801	1311.229	254.325	156.407	1247.745	183.882	71.981	1194.493	249.697	134.063	1147.583	309.320	193.826	1085.059	283.609	124.379	1029.155	260.307	176.311	1042.351
274.048	572.675	1118.009	314.860	594.482	928.257	210.278	535.563	1052.893	286.822	240.057	1119.990	312.586	213.365	967.269	222.989	273.888	1054.812	400.549	469.693	1103.342	401.288	410.316	1135.321	408.107	354.805	1104.986	300.400	585.075	812.980	229.773	600.210	840.573	194.741	605.757	719.847	257.760	591.047	695.894	165.938	583.861	540.831	170.791	452.554	523.121	260.469	594.327	429.820	191.940	592.882	410.661	230.716	585.508	307.646	288.660	586.442	328.727	385.173	526.859	145.113	336.646	565.578	153.829	303.997	480.097	144.488	203.558	597.690	35.597	190.818	505.386	35.879	300.990	214.080	802.747	228.721	205.346	826.008	194.814	193.540	709.058	252.385	201.412	685.957	209.433	201.678	542.890	183.562	321.332	499.050	280.185	188.074	402.826	205.836	209.002	390.561	234.565	212.168	286.257	294.104	199.567	295.221	393.248	253.538	126.371	332.452	213.294	141.544	300.015	308.933	137.164	200.305	187.427	35.232	182.064	265.202	35.889	344.572	413.010	1278.282	220.466	411.082	1584.605	290.074	501.703	1449.548	293.926	325.943	1444.243	146.418	411.013	1813.865	0.931	388.061	1766.615	107.911	307.810	1716.557	84.402	503.894	1733.582	104.278	581.036	1577.607	123.200	657.860	1383.331	184.354	735.237	1470.551	187.361	739.733	1365.392	215.466	769.325	1308.382	303.296	702.596	1320.086	202.398	668.221	1210.193	244.966	791.523	1195.194	243.279	710.722	1129.462	307.988	624.110	1092.063	251.325	684.921	1047.049	239.838	627.943	1046.909	102.558	252.415	1587.873	110.748	178.448	1387.264	151.159	74.843	1456.231	160.791	91.813	1355.306	198.900	38.531	1288.869	292.593	93.921	1318.671	253.361	156.817	1255.659	182.378	72.415	1202.738	248.041	134.411	1155.448	307.046	194.052	1092.339	281.367	124.501	1036.476	258.088	176.439	1049.613
271.490	572.782	1126.017	313.570	594.636	936.560	207.412	535.404	1061.193	284.631	240.479	1127.600	310.442	213.531	974.738	220.435	273.936	1062.426	397.869	469.778	1110.495	398.899	410.395	1141.997	405.502	354.832	1112.059	300.413	585.289	820.541	228.943	599.681	846.994	195.434	604.816	725.885	259.076	590.761	702.924	170.157	582.845	546.423	174.731	451.584	528.389	263.813	593.390	434.047	194.891	592.291	415.985	232.038	585.404	312.272	290.156	585.999	332.454	382.486	526.824	148.742	334.681	565.719	156.548	301.496	480.394	147.095	202.756	597.648	35.872	190.257	505.429	36.007	301.983	214.643	810.001	229.607	205.995	832.393	197.071	195.541	714.599	254.860	202.394	692.497	215.145	202.947	548.802	188.701	322.456	504.475	284.480	189.157	407.375	209.760	209.642	396.432	235.746	211.955	291.911	296.265	199.837	299.497	391.017	253.201	130.033	330.461	212.936	144.238	297.622	308.656	139.703	199.596	187.314	35.379	181.295	265.127	35.802	343.528	412.994	1285.000	222.874	411.025	1592.992	291.388	501.585	1457.117	295.117	325.927	1451.842	147.538	411.094	1823.041	2.360	388.140	1774.660	109.739	307.946	1725.338	86.014	503.998	1742.317	107.146	581.009	1587.190	123.894	658.324	1392.934	186.245	735.245	1479.605	188.096	739.952	1374.352	215.672	769.548	1317.060	303.698	702.935	1327.978	201.607	668.257	1219.205	243.877	791.594	1203.531	241.652	710.601	1137.853	305.767	623.989	1100.169	248.809	684.521	1055.738	237.253	627.548	1055.509	104.733	252.779	1597.089	110.962	178.865	1396.428	151.834	75.074	1464.896	160.572	92.200	1363.937	197.982	39.010	1297.012	292.054	93.955	1326.181	252.421	157.187	1263.428	180.900	72.862	1210.988	246.407	134.757	1163.247	304.405	194.131	1099.670	279.445	124.705	1043.955	255.750	176.532	1057.080
268.890	572.869	1133.906	312.079	595.017	945.462	204.538	535.276	1069.451	281.014	239.949	1135.187	308.420	213.740	982.166	218.027	273.962	1070.051	395.165	469.787	1117.718	398.256	410.395	1149.669	403.461	354.301	1119.700	300.113	585.338	828.001	228.237	599.220	853.557	196.567	604.104	732.124	260.415	590.454	709.973	174.501	581.816	552.204	178.692	450.593	533.758	267.122	592.409	438.338	197.917	591.620	421.552	233.282	585.298	317.228	291.595	585.423	336.174	379.293	526.834	152.529	332.521	565.927	159.387	298.705	480.642	149.686	201.947	597.673	36.315	189.542	505.338	36.186	303.213	215.361	817.412	230.351	206.654	838.786	200.610	197.967	719.667	257.525	203.398	699.258	220.857	204.319	554.821	194.079	323.642	510.124	288.790	190.354	412.295	213.644	210.440	402.600	237.525	211.797	297.639	298.405	200.218	304.153	388.435	253.234	134.105	327.985	212.234	146.950	295.041	308.201	142.534	198.802	187.176	35.560	180.401	264.981	35.809	342.631	413.066	1291.686	225.240	410.985	1601.306	292.765	501.334	1464.842	296.233	325.893	1459.497	148.472	411.299	1832.018	3.787	388.271	1782.622	111.436	308.040	1734.097	87.705	504.068	1750.953	109.835	580.833	1596.480	124.679	658.676	1402.354	188.111	735.274	1488.587	188.879	740.241	1383.387	215.946	769.839	1325.723	304.156	703.211	1335.882	200.837	668.300	1228.297	242.944	791.619	1211.759	240.087	710.540	1146.353	303.555	623.747	1108.355	246.237	683.972	1064.322	234.758	627.176	1064.086	106.864	253.033	1606.328	111.267	179.364	1405.560	152.466	75.293	1473.452	160.242	92.583	1372.605	197.064	39.499	1305.244	291.486	94.180	1333.709	251.437	157.477	1271.130	179.429	73.323	1219.187	244.807	135.083	1171.022	300.769	194.142	1107.241	277.310	124.829	1051.390	253.629	176.645	1064.327
266.381	572.891	1141.721	310.250	594.854	953.180	201.777	535.196	1077.694	279.064	240.000	1142.749	306.552	213.955	989.705	215.597	273.972	1077.572	392.157	469.890	1124.801	394.107	410.692	1155.483	400.436	354.944	1126.445	299.773	585.297	835.510	227.411	598.640	859.776	197.463	603.335	738.264	261.846	590.136	717.211	178.884	580.806	557.971	182.789	449.622	539.323	270.465	591.560	443.011	200.998	590.908	427.271	234.467	585.174	322.253	293.082	584.956	340.129	376.260	526.752	156.805	330.044	566.228	162.412	295.663	480.860	152.469	201.157	597.859	36.813	188.654	505.157	36.606	304.131	215.886	824.821	231.111	207.221	845.190	203.041	199.077	725.625	260.249	204.428	706.032	226.673	205.797	561.019	200.393	325.150	515.338	293.018	191.678	417.264	217.642	211.303	408.886	239.281	211.635	303.564	300.401	200.511	308.805	385.472	252.920	138.837	325.529	211.697	150.229	292.263	307.617	145.732	197.949	187.018	35.821	179.329	264.795	35.935	341.413	413.028	1298.283	227.593	410.942	1609.568	294.064	501.141	1472.387	297.341	325.923	1467.038	149.476	411.284	1840.942	5.145	388.418	1790.518	113.156	308.182	1742.674	89.341	504.113	1759.453	112.633	580.768	1605.770	124.712	659.147	1411.987	189.873	735.357	1497.410	189.674	740.469	1392.225	216.307	770.329	1334.376	304.541	703.587	1343.689	200.220	668.386	1237.228	242.001	791.680	1220.079	238.463	710.487	1154.887	301.535	623.558	1116.455	243.843	683.721	1072.867	232.298	626.860	1072.545	108.957	253.333	1615.468	111.455	179.773	1414.571	153.108	75.526	1481.949	160.001	93.020	1380.959	196.181	39.983	1313.248	290.873	94.318	1341.198	250.531	157.845	1278.961	178.064	73.794	1227.329	243.297	135.428	1178.807	298.721	194.368	1114.532	275.418	125.006	1058.870	251.713	176.781	1071.626
263.959	572.902	1149.673	307.975	594.352	961.239	198.973	535.138	1085.953	276.942	240.198	1150.289	304.818	214.238	997.288	213.381	274.041	1085.125	389.334	469.878	1131.964	391.553	410.836	1162.168	397.833	355.043	1133.583	299.141	585.078	843.010	226.953	598.246	866.479	198.369	602.452	744.028	263.192	589.670	723.991	183.314	579.787	563.932	186.995	448.534	544.982	273.771	590.511	447.525	204.019	590.187	433.085	235.518	585.086	327.476	294.335	584.422	344.148	372.792	526.679	161.069	327.454	566.470	165.600	292.470	481.133	155.382	200.224	597.794	37.376	187.337	505.142	37.038	305.206	216.533	832.367	231.832	207.826	851.636	205.441	200.182	731.660	262.975	205.614	712.863	232.450	207.356	567.157	205.612	326.574	521.296	297.230	193.107	422.472	221.565	212.262	415.429	241.072	211.584	309.609	302.101	200.824	313.875	382.361	252.782	143.836	322.865	211.109	153.692	289.102	307.057	149.389	197.052	186.835	36.192	178.019	264.591	36.406	340.331	412.939	1304.986	229.887	410.843	1617.660	295.369	500.936	1479.835	298.474	325.908	1474.583	150.335	411.250	1849.713	6.487	388.583	1798.179	114.782	308.289	1751.186	90.969	504.209	1767.892	115.335	580.634	1614.975	125.355	659.405	1421.290	191.655	735.400	1506.219	190.483	740.663	1400.958	216.446	770.678	1342.879	304.948	703.822	1351.472	199.521	668.477	1246.235	241.140	791.756	1228.357	237.999	710.973	1162.746	299.513	623.372	1124.506	241.572	683.480	1081.404	229.938	626.612	1081.075	111.002	253.523	1624.476	111.688	180.204	1423.508	153.689	75.734	1490.369	159.693	93.345	1389.507	195.257	40.450	1321.284	290.340	94.285	1348.673	249.591	158.154	1286.629	176.739	74.244	1235.385	241.888	135.743	1186.540	296.751	194.641	1121.839	273.621	125.187	1066.219	249.763	176.948	1078.905
261.562	572.884	1157.589	306.194	594.206	969.547	196.223	535.080	1094.112	274.753	240.424	1157.797	303.187	214.581	1004.700	210.899	273.929	1092.780	386.536	469.897	1139.212	388.983	410.998	1168.904	395.191	355.125	1140.693	298.981	585.015	850.569	226.180	597.589	872.982	199.783	601.638	750.385	264.647	589.232	730.949	187.883	578.752	569.789	191.347	447.516	550.784	277.069	589.409	452.142	207.098	589.393	439.026	235.560	584.159	333.014	295.485	584.026	348.308	369.089	526.477	165.584	324.811	566.936	169.002	289.591	481.529	158.360	199.233	597.671	37.909	185.812	504.956	37.595	306.297	217.199	839.802	232.675	208.414	858.013	207.905	201.320	737.644	265.633	206.814	719.677	238.460	208.861	573.463	210.435	328.135	527.432	301.680	194.780	427.722	224.878	212.731	422.556	242.703	211.482	315.996	303.872	201.237	319.010	378.921	252.810	149.099	319.908	210.443	157.615	285.368	306.352	153.199	196.039	186.629	36.758	176.657	264.394	37.179	339.185	412.896	1311.593	232.141	410.768	1625.706	296.697	500.748	1487.314	299.586	325.933	1482.013	151.186	411.198	1858.435	7.763	388.730	1805.750	116.319	308.403	1759.533	92.628	504.290	1776.122	117.953	580.417	1624.055	126.256	659.640	1430.492	193.330	735.474	1514.883	191.290	740.923	1409.682	216.828	771.033	1351.294	305.404	704.153	1359.199	198.909	668.583	1255.062	240.301	791.839	1236.599	236.552	710.982	1171.202	297.411	623.176	1132.524	239.373	683.265	1089.804	227.678	626.372	1089.397	113.053	253.740	1633.371	111.883	180.626	1432.388	154.250	75.929	1498.695	159.373	93.710	1397.740	194.327	40.935	1329.255	289.773	94.347	1356.056	248.713	158.415	1294.251	175.491	74.646	1243.370	240.496	136.071	1194.212	294.892	194.878	1129.083	271.895	125.341	1073.435	247.916	177.085	1086.270
259.234	572.811	1165.483	304.261	593.837	977.396	193.517	535.042	1102.211	272.706	240.531	1165.249	301.707	214.843	1012.227	208.680	273.921	1100.370	383.754	469.933	1146.418	386.413	411.225	1175.731	392.134	355.708	1147.514	298.850	584.994	858.167	225.604	597.110	879.273	200.857	600.802	756.296	266.288	588.747	738.077	192.438	577.729	575.826	195.691	446.379	556.705	280.363	588.293	456.864	210.117	588.608	445.095	236.480	584.151	338.423	296.446	583.503	352.463	365.132	526.357	170.468	321.706	567.355	172.654	285.038	481.690	162.051	198.160	597.609	38.408	184.268	504.740	38.251	307.149	217.743	847.206	233.518	209.021	864.461	210.434	202.410	743.694	268.379	208.121	726.472	244.247	210.539	579.862	215.900	329.865	533.699	305.757	196.458	433.042	228.556	213.768	429.441	244.257	211.489	322.653	305.035	201.844	324.474	375.273	252.923	154.879	316.796	209.926	161.863	281.459	305.718	157.679	194.984	186.460	37.423	175.132	264.149	38.429	338.052	412.850	1318.288	234.338	410.679	1633.677	297.985	500.531	1494.697	300.590	325.825	1489.423	152.053	411.177	1867.083	9.048	388.903	1813.143	117.720	308.801	1767.692	94.278	504.374	1784.349	120.556	580.275	1632.830	127.218	659.806	1439.503	194.972	735.571	1523.503	192.131	741.090	1418.206	217.064	771.313	1359.759	305.856	704.415	1366.839	198.348	668.692	1263.866	239.617	791.918	1244.706	235.101	711.018	1179.585	295.378	623.017	1140.469	237.186	683.145	1098.204	225.336	626.178	1097.876	115.019	254.045	1642.007	112.138	181.010	1441.074	154.776	76.138	1507.049	159.112	94.073	1405.999	193.480	41.396	1337.097	289.197	94.494	1363.404	247.273	158.867	1301.870	174.134	75.108	1251.486	239.220	136.397	1201.854	293.196	195.164	1136.378	270.019	125.579	1080.882	246.142	177.229	1093.608
256.896	572.737	1173.337	302.120	593.299	984.815	190.771	534.974	1110.220	271.811	240.934	1172.688	300.345	215.144	1019.882	206.442	273.843	1107.996	380.890	469.905	1153.579	383.802	411.378	1182.594	389.549	355.864	1154.741	298.867	584.919	865.760	225.148	596.686	885.552	202.136	600.035	762.085	267.912	588.228	745.004	197.098	576.621	581.893	200.341	445.230	562.636	283.577	587.146	461.605	213.149	587.728	451.227	237.536	584.224	343.907	296.745	583.432	356.597	360.884	526.301	175.494	318.321	568.221	176.331	281.126	482.076	165.949	196.763	597.633	39.118	182.787	504.693	39.116	308.458	218.708	854.681	234.528	209.708	870.767	213.016	203.741	749.561	271.173	209.461	733.268	249.982	212.201	586.382	220.974	331.849	540.015	309.755	198.200	438.612	231.670	214.804	436.673	245.664	211.547	329.227	306.454	202.439	329.964	371.405	253.109	161.018	313.718	209.541	166.630	276.835	305.128	162.266	194.020	186.356	38.435	173.287	263.921	40.459	336.935	412.756	1324.946	236.457	410.592	1641.491	299.272	500.310	1502.005	301.632	325.726	1496.682	152.928	411.117	1875.553	10.343	389.088	1820.499	119.186	308.955	1775.687	95.967	504.433	1792.353	123.160	580.111	1641.617	128.190	659.945	1448.414	196.573	735.678	1531.726	192.896	741.304	1426.771	217.588	771.658	1368.061	306.288	704.742	1374.361	197.794	668.887	1272.608	238.968	792.052	1252.725	233.786	711.064	1187.883	293.377	622.873	1148.408	235.068	683.054	1106.449	223.062	625.972	1106.186	117.014	254.303	1650.675	112.321	181.427	1449.719	155.319	76.332	1515.194	158.883	94.450	1414.130	192.619	41.899	1344.971	288.601	94.521	1370.749	246.412	159.126	1309.401	173.039	75.508	1259.165	237.935	136.723	1209.454	291.564	195.371	1143.565	268.465	125.800	1088.155	244.435	177.354	1100.898
254.656	572.654	1181.224	300.473	593.156	993.175	188.137	534.929	1118.159	269.925	241.092	1180.137	299.018	215.617	1027.295	204.150	273.617	1115.713	378.074	469.928	1160.858	381.277	411.529	1189.527	387.160	356.033	1161.909	298.814	584.761	873.280	224.596	596.345	891.959	204.260	599.156	768.572	269.676	587.668	752.051	201.860	575.599	587.905	205.161	444.064	568.783	286.789	586.030	466.420	215.952	586.930	457.662	238.565	584.138	349.683	297.866	583.069	361.116	356.544	526.246	180.841	314.598	569.599	180.161	276.940	482.507	169.858	195.439	597.749	39.893	180.919	504.786	40.495	309.657	219.579	862.072	235.316	210.268	876.936	215.763	204.995	755.506	274.200	210.662	740.226	255.752	213.837	592.890	226.660	333.897	546.288	313.535	199.951	444.159	235.898	216.094	443.566	246.948	211.627	336.259	307.781	203.187	335.739	367.635	253.545	167.398	310.796	209.361	171.667	273.060	304.652	167.590	193.048	186.352	40.115	171.281	263.638	43.372	335.821	412.613	1331.586	238.513	410.461	1649.283	300.524	500.042	1509.282	302.559	325.589	1503.949	153.586	411.022	1883.762	11.612	389.365	1827.633	120.569	309.223	1783.497	97.519	504.528	1800.207	125.795	579.958	1650.185	129.261	660.108	1457.060	197.888	735.960	1540.299	193.862	741.574	1435.295	218.069	771.946	1376.353	306.801	705.078	1381.823	197.298	669.096	1281.180	238.413	792.230	1260.881	231.651	710.660	1196.483	291.460	622.740	1156.308	233.177	683.152	1114.699	220.841	625.826	1114.422	118.857	254.584	1659.107	112.528	181.788	1458.132	155.883	76.541	1523.206	158.612	94.787	1422.150	191.777	42.359	1352.754	288.067	94.555	1378.034	245.684	159.389	1316.901	171.869	75.935	1266.917	236.700	136.982	1216.921	290.093	195.651	1150.700	266.946	125.984	1095.403	242.882	177.505	1108.197
252.428	572.541	1189.024	298.097	592.266	1000.244	185.449	534.872	1126.022	267.979	241.232	1187.488	297.810	216.073	1034.570	202.332	273.618	1123.138	375.155	469.900	1168.042	377.719	411.754	1196.281	384.611	356.225	1169.045	298.770	584.564	880.634	225.229	596.793	897.904	205.739	598.435	774.366	271.534	587.120	759.033	206.588	574.577	594.036	210.352	442.811	574.720	289.928	584.910	471.254	218.931	586.014	464.051	239.457	584.022	355.451	298.746	582.585	365.727	352.201	526.216	186.337	311.067	570.490	184.588	272.589	482.844	174.414	193.844	597.777	40.928	179.441	504.608	41.738	310.687	220.354	869.451	236.127	210.648	883.230	218.600	206.113	761.396	277.096	211.945	747.007	261.426	215.445	599.493	232.488	336.249	552.541	316.946	201.688	449.873	239.452	217.161	450.936	247.374	211.660	343.775	308.986	204.027	341.504	364.108	254.367	173.804	307.989	209.392	176.931	269.078	304.273	173.246	192.078	186.404	42.393	168.828	263.270	47.329	334.604	412.553	1338.204	240.579	410.357	1656.837	301.778	499.793	1516.457	303.579	325.475	1511.143	154.333	410.877	1891.852	12.846	389.622	1834.624	121.973	309.327	1791.218	99.175	504.577	1807.876	128.378	579.803	1658.544	130.222	660.278	1465.679	199.475	736.035	1548.596	194.704	741.717	1443.492	218.491	772.306	1384.506	307.307	705.401	1389.256	196.846	669.366	1289.704	237.872	792.448	1268.866	230.440	710.761	1204.538	289.530	622.582	1164.174	231.165	683.135	1122.850	218.629	625.687	1122.669	120.708	254.825	1667.322	112.743	182.179	1466.504	156.369	76.814	1531.114	158.372	95.132	1430.028	190.957	42.814	1360.266	287.544	94.606	1385.197	244.985	159.609	1324.285	170.772	76.340	1274.580	235.594	137.285	1224.407	288.681	195.872	1157.819	265.510	126.181	1102.463	241.280	177.585	1115.395
250.237	572.441	1196.790	296.689	592.006	1008.244	182.844	534.830	1133.690	266.143	241.341	1194.919	296.838	216.431	1042.089	200.196	273.399	1130.768	372.280	469.903	1175.289	375.117	411.919	1203.367	382.139	356.422	1176.097	298.765	584.348	887.972	225.030	596.457	904.072	207.522	597.643	780.366	273.381	586.616	765.970	211.431	573.527	600.174	215.804	441.497	580.661	293.091	583.547	476.006	221.833	585.169	470.325	240.229	583.938	361.367	299.736	582.195	370.508	347.947	526.187	192.237	307.447	571.394	189.135	267.900	483.507	179.202	192.253	597.771	42.102	176.817	504.608	44.603	311.375	220.477	877.304	237.052	211.265	889.232	221.538	207.368	767.099	280.240	213.297	753.894	266.927	216.926	606.045	238.209	338.752	558.723	320.463	203.597	455.657	242.129	218.134	458.591	248.367	211.993	351.112	310.292	205.189	347.384	360.700	255.454	180.967	305.550	209.765	182.699	265.219	304.089	179.345	190.924	186.503	45.674	165.922	262.766	51.637	333.401	412.419	1344.612	242.608	410.214	1664.303	302.948	499.504	1523.623	304.440	325.324	1518.201	155.145	410.795	1899.790	13.970	389.862	1841.255	123.386	309.436	1798.801	100.849	504.687	1815.470	130.932	579.641	1666.803	131.243	660.470	1474.224	201.119	736.071	1556.690	195.685	741.960	1451.778	219.125	772.620	1392.522	307.804	705.719	1396.598	196.394	669.676	1298.173	237.458	792.626	1276.642	229.265	710.919	1212.633	287.681	622.444	1171.993	229.174	683.164	1131.000	216.446	625.568	1130.744	122.562	255.119	1675.496	112.890	182.544	1474.648	156.892	77.015	1538.815	158.166	95.492	1437.839	190.173	43.234	1367.836	287.014	94.630	1392.210	244.287	159.810	1331.604	169.691	76.764	1282.066	234.501	137.577	1231.666	287.344	196.072	1164.777	264.113	126.375	1109.502	239.834	177.695	1122.610
248.031	572.315	1204.410	295.123	591.447	1015.789	180.351	534.795	1141.252	264.098	241.416	1202.227	296.193	216.439	1049.875	198.337	273.242	1138.199	369.433	469.923	1182.503	372.485	412.057	1210.321	379.756	356.543	1183.095	298.850	584.080	895.334	224.841	596.029	909.954	209.164	596.937	786.175	275.404	585.952	772.952	216.071	572.573	606.463	221.419	440.201	586.617	296.357	581.995	480.917	224.851	584.393	476.883	241.166	583.905	367.846	300.547	581.699	375.450	343.731	525.969	198.181	303.865	572.002	193.848	263.544	484.064	184.567	190.811	597.566	43.638	173.284	504.466	48.188	312.995	221.926	884.186	238.104	211.683	895.336	224.599	208.514	772.800	283.407	214.542	760.649	272.208	218.326	612.904	243.937	341.212	565.072	323.763	205.396	461.631	245.445	219.149	466.042	250.256	212.694	358.010	311.425	206.366	353.634	357.640	257.287	187.733	303.625	210.450	188.776	261.665	304.087	185.613	189.719	186.417	48.914	163.086	261.996	55.418	332.318	412.315	1351.195	244.585	410.062	1671.622	304.155	499.241	1530.677	305.090	325.186	1524.942	155.813	410.689	1907.653	15.240	390.109	1847.841	124.762	309.579	1806.071	102.486	504.736	1822.881	133.419	579.487	1674.798	132.342	660.683	1482.565	202.694	736.097	1564.767	196.653	742.218	1459.936	219.712	772.945	1400.518	308.373	706.051	1403.795	196.024	670.023	1306.475	237.199	792.822	1284.465	228.166	711.112	1220.591	285.804	622.344	1179.639	227.263	683.228	1139.065	214.306	625.479	1138.883	124.317	255.425	1683.335	113.264	183.072	1482.555	157.385	77.237	1546.542	157.869	95.713	1445.393	189.422	43.615	1375.202	286.440	94.638	1399.180	243.704	160.065	1338.874	168.771	77.178	1289.514	233.559	137.855	1238.906	286.073	196.303	1171.732	262.902	126.523	1116.421	238.437	177.766	1129.692
245.827	572.194	1212.035	293.363	590.832	1023.354	177.774	534.720	1148.690	262.121	241.432	1209.601	295.978	216.643	1058.248	196.578	273.073	1145.492	366.660	469.982	1189.749	370.100	412.278	1217.593	377.463	356.645	1189.943	298.937	583.771	902.581	224.466	595.605	915.849	210.996	596.454	792.061	277.304	585.340	779.855	220.672	571.755	612.727	227.110	438.985	592.662	299.401	580.898	486.102	227.812	583.722	483.590	242.284	583.942	374.102	301.465	581.148	380.757	339.850	525.423	204.079	301.040	572.600	199.019	258.732	484.331	190.487	189.219	597.458	45.803	170.204	504.661	51.494	313.612	221.863	891.932	239.121	212.176	901.194	227.794	209.467	778.592	286.793	215.728	767.553	277.315	219.644	619.820	249.469	343.662	571.459	326.883	207.135	467.719	248.507	220.189	473.552	251.522	213.368	365.569	312.709	207.566	360.086	354.878	259.078	194.742	301.759	211.484	195.036	258.529	304.486	192.125	189.624	186.368	53.792	161.647	261.685	60.608	330.967	412.181	1357.706	246.533	409.953	1678.745	305.318	498.898	1537.606	304.913	324.847	1531.112	156.612	410.553	1915.213	16.495	390.383	1854.242	126.085	309.725	1813.283	104.097	504.847	1830.033	135.898	579.378	1682.726	133.367	660.946	1490.827	204.390	736.100	1572.679	197.660	742.455	1467.895	220.119	773.273	1408.380	308.318	706.831	1410.663	195.646	670.447	1314.724	236.941	793.060	1292.145	227.107	711.304	1228.469	284.073	622.299	1187.289	225.385	683.286	1147.118	212.224	625.450	1146.713	126.124	255.657	1691.031	113.548	183.445	1490.366	157.868	77.452	1553.919	157.694	96.062	1452.786	188.692	43.991	1382.457	286.061	94.491	1405.865	243.156	160.221	1345.990	167.804	77.563	1296.842	232.575	138.120	1246.044	284.865	196.466	1178.560	261.693	126.737	1123.237	237.108	177.804	1136.685
243.570	572.090	1219.316	291.854	590.255	1030.665	175.533	534.646	1156.096	259.935	241.368	1216.807	295.363	216.967	1065.778	194.852	272.818	1152.694	363.917	470.078	1196.949	367.713	412.489	1224.879	375.031	356.923	1196.662	298.990	583.449	909.695	223.566	594.810	922.365	212.833	596.031	797.892	279.298	584.720	786.666	224.997	571.100	619.022	232.722	437.753	598.622	302.403	579.932	491.592	230.820	583.171	490.520	243.292	583.888	380.649	302.471	580.818	385.787	336.365	524.640	209.887	298.046	572.599	204.474	254.781	484.655	196.346	187.412	597.673	48.346	166.854	505.031	55.563	315.096	222.753	898.938	240.398	212.598	907.040	231.018	210.427	784.111	290.097	216.922	773.983	281.991	220.750	626.858	254.488	345.760	578.123	329.940	208.766	474.108	251.500	221.288	480.975	252.994	214.233	372.820	314.195	208.894	366.439	353.039	261.263	201.275	300.854	212.918	201.541	256.044	305.005	199.202	189.225	186.786	60.098	159.918	261.615	67.394	329.962	412.058	1364.186	248.397	409.846	1685.681	306.468	498.605	1544.492	305.576	324.665	1537.750	157.342	410.447	1922.664	17.750	390.716	1860.513	127.389	309.811	1820.293	105.893	504.963	1837.172	138.383	579.275	1690.474	134.388	661.263	1498.859	206.133	736.099	1580.527	198.745	742.761	1475.774	220.773	773.669	1416.138	308.799	707.267	1417.564	195.317	670.844	1322.866	236.721	793.327	1299.668	226.076	711.544	1236.263	280.898	621.727	1195.136	223.506	683.371	1155.057	210.170	625.396	1154.621	127.869	255.912	1698.575	113.643	183.756	1498.344	158.379	77.659	1561.305	157.516	96.295	1460.216	188.064	44.301	1389.664	285.643	94.546	1412.709	242.716	160.372	1353.003	166.955	77.980	1304.047	231.742	138.378	1253.037	283.705	196.594	1185.332	260.604	126.856	1129.997	235.887	177.806	1143.499
241.328	572.042	1226.757	290.381	589.751	1037.877	173.202	534.519	1163.234	256.992	241.042	1224.159	294.441	217.438	1072.530	193.183	272.651	1159.743	361.307	470.201	1204.137	365.327	412.617	1232.067	372.921	357.136	1203.613	299.116	583.116	916.748	224.127	594.905	927.994	214.626	595.524	803.598	281.229	584.130	793.574	229.137	570.571	625.352	238.228	436.696	604.721	305.408	579.042	497.217	233.733	582.877	497.359	244.277	583.874	387.273	303.292	579.524	391.648	333.240	523.888	215.917	294.341	572.266	209.547	251.180	484.797	202.349	184.948	597.707	51.751	163.398	505.498	59.823	315.750	222.987	905.914	241.738	212.922	912.828	234.296	211.274	789.832	293.420	218.092	780.590	286.232	221.784	633.669	258.878	347.404	584.836	332.984	210.332	480.512	254.416	222.329	488.307	254.635	215.186	380.249	316.037	210.611	373.171	352.143	263.869	207.805	300.793	214.695	207.627	254.412	305.840	206.240	188.317	187.116	67.126	157.719	261.276	75.177	328.726	411.938	1370.602	250.232	409.689	1692.505	307.592	498.345	1551.205	306.432	324.489	1544.278	158.090	410.274	1929.798	19.012	391.028	1866.613	128.706	309.912	1827.075	107.501	505.076	1843.961	140.781	579.215	1697.987	135.394	661.649	1506.744	207.884	736.055	1588.122	199.848	743.037	1483.486	221.529	774.066	1423.759	307.875	707.622	1423.326	195.023	671.327	1330.951	236.530	793.675	1307.274	225.136	711.786	1243.842	279.040	621.535	1202.562	221.684	683.474	1162.864	208.121	625.340	1162.335	129.560	256.195	1705.970	113.938	184.103	1505.842	158.791	77.840	1568.459	157.434	96.583	1467.410	187.471	44.620	1396.626	285.245	94.536	1419.390	242.836	160.361	1359.911	166.098	78.335	1311.109	230.868	138.562	1259.977	282.639	196.738	1191.888	259.545	126.954	1136.534	234.661	177.797	1150.258
238.942	572.027	1233.980	288.577	589.040	1044.819	170.861	534.343	1170.312	255.116	240.954	1231.282	293.881	217.761	1079.712	191.701	272.514	1166.589	358.828	470.405	1211.415	363.045	412.837	1239.191	370.995	357.345	1210.584	299.255	582.790	923.579	224.045	594.707	933.924	216.389	595.220	809.475	283.032	583.556	800.250	232.974	570.217	631.761	243.371	435.827	610.775	308.156	578.511	502.948	236.592	582.892	504.402	245.293	583.814	394.065	304.282	578.875	397.330	330.400	523.180	221.835	291.902	572.125	215.145	248.114	484.721	208.521	182.384	597.317	56.086	160.485	505.371	65.027	317.222	223.629	912.826	243.082	213.137	918.686	237.469	211.992	795.430	296.788	219.345	787.040	289.918	222.766	640.544	261.680	348.707	591.866	335.825	211.784	487.001	257.231	223.432	495.344	255.890	216.002	387.607	317.759	211.896	379.741	352.090	267.029	213.124	301.502	216.998	213.543	253.421	306.901	213.230	187.672	187.404	74.490	155.752	260.987	83.159	327.608	411.802	1376.939	252.061	409.549	1699.167	308.667	498.022	1557.733	307.257	324.356	1550.694	158.818	410.100	1936.655	20.207	391.334	1872.677	130.013	309.994	1833.699	109.172	505.164	1850.625	143.163	579.189	1705.324	136.424	662.074	1514.490	209.690	736.023	1595.685	200.975	743.342	1491.054	222.301	774.555	1431.274	308.558	707.963	1430.070	194.734	671.794	1338.800	236.130	794.063	1314.485	224.250	712.081	1251.421	277.349	621.417	1210.012	219.880	683.636	1170.614	206.128	625.324	1169.958	131.272	256.483	1713.156	114.235	184.417	1513.111	159.283	78.087	1575.417	157.392	96.861	1474.404	186.920	44.883	1403.548	284.955	94.284	1425.757	242.571	160.424	1366.685	165.356	78.730	1318.017	230.122	138.798	1266.715	281.686	196.806	1198.369	258.554	126.987	1142.985	233.598	177.834	1156.890
236.582	572.007	1240.920	287.250	588.585	1051.790	168.646	534.136	1177.236	254.045	241.324	1238.233	294.067	217.528	1087.878	190.360	272.417	1173.384	356.305	470.607	1218.481	360.856	412.988	1246.370	368.246	357.379	1217.061	299.531	582.480	930.236	224.127	594.625	939.755	218.041	594.949	815.213	284.763	583.013	806.888	236.412	570.003	638.172	247.857	435.195	617.000	310.711	578.280	508.697	239.253	582.937	511.140	246.401	583.698	400.684	305.283	578.359	403.047	328.350	522.373	227.610	289.940	571.680	220.884	245.647	484.496	215.055	179.951	596.147	62.500	158.491	504.032	72.331	319.224	224.647	919.377	244.591	213.194	924.407	240.503	212.642	801.174	299.813	220.399	793.535	293.236	224.296	646.988	263.020	349.814	599.174	338.480	213.237	493.136	259.915	224.529	502.228	257.874	217.106	394.646	319.830	213.280	386.252	352.322	270.345	218.501	302.927	219.601	219.671	252.812	308.410	220.130	187.221	187.768	82.062	153.970	260.659	91.249	326.448	411.712	1383.243	253.622	409.306	1705.750	309.801	497.778	1564.287	307.883	324.206	1556.956	159.520	410.116	1943.652	21.429	391.588	1878.468	131.273	310.104	1840.128	110.750	505.313	1857.134	145.403	579.180	1712.442	137.458	662.660	1522.146	211.523	736.014	1603.086	202.219	743.760	1498.561	223.246	775.051	1438.660	309.229	708.366	1436.692	194.560	672.322	1346.703	236.117	794.447	1321.792	223.356	712.351	1258.801	275.642	621.292	1217.289	218.071	683.728	1178.226	204.176	625.288	1177.456	132.955	256.739	1720.190	114.594	184.716	1520.302	159.820	78.349	1582.312	157.392	97.112	1481.379	186.416	45.113	1410.270	284.660	94.243	1432.137	242.275	160.469	1373.279	163.933	78.795	1325.013	229.449	138.955	1273.307	280.460	196.736	1204.751	257.565	126.999	1149.356	232.536	177.778	1163.306
234.467	571.841	1247.722	285.890	588.118	1058.856	166.413	533.952	1183.882	252.221	241.251	1245.183	292.541	218.399	1093.097	189.007	272.285	1179.927	354.032	470.825	1225.715	358.781	413.140	1253.476	366.346	357.567	1224.300	299.902	582.153	936.936	224.251	594.516	945.532	219.590	594.704	820.987	286.281	582.541	813.405	239.451	569.917	644.603	252.077	434.671	623.199	313.109	578.212	514.392	241.797	583.158	517.782	247.584	583.670	407.335	306.314	577.925	408.707	327.338	521.406	233.128	288.681	570.699	226.464	244.078	483.963	221.571	177.496	594.574	69.780	156.214	502.683	79.487	320.994	225.680	925.872	246.095	213.043	930.413	243.214	213.073	806.932	302.432	221.263	799.917	295.480	225.333	653.569	263.742	350.503	606.334	341.218	215.000	499.596	262.551	225.645	508.864	260.217	218.315	401.232	322.103	214.933	392.653	353.008	274.471	222.824	304.679	222.338	225.262	252.629	310.108	226.715	187.110	188.178	89.917	152.523	260.375	99.778	325.448	411.574	1389.547	255.336	409.240	1712.272	310.743	497.435	1570.650	308.680	324.013	1563.038	160.360	410.015	1950.223	22.602	391.888	1884.343	132.501	310.167	1846.389	112.340	505.469	1863.475	147.674	579.358	1719.229	138.489	663.307	1529.561	213.445	735.926	1610.275	203.468	744.221	1505.862	224.138	775.618	1445.842	309.816	708.437	1442.536	194.366	672.904	1354.388	236.071	794.835	1328.755	222.051	712.718	1266.330	274.209	621.268	1224.615	216.379	683.886	1185.722	202.211	625.256	1184.935	134.545	256.973	1726.938	115.031	185.051	1527.205	160.352	78.570	1589.045	157.446	97.357	1488.025	185.967	45.343	1416.892	284.490	93.969	1438.266	242.102	160.404	1379.711	163.138	79.051	1331.709	228.737	139.038	1279.762	279.575	196.726	1210.955	256.668	127.017	1155.434	231.533	177.747	1169.631
231.966	571.940	1254.496	284.743	587.858	1065.773	164.470	533.668	1190.381	250.416	241.206	1252.020	291.992	218.652	1099.607	187.885	272.182	1186.338	351.980	471.122	1232.933	356.973	413.399	1260.688	364.986	358.056	1231.937	300.145	581.965	943.557	224.418	594.535	951.578	220.932	594.493	826.923	287.600	582.088	819.750	242.141	569.962	650.980	255.205	434.483	629.665	315.410	578.260	520.099	244.000	583.458	524.184	248.588	583.630	413.699	307.315	577.537	414.395	327.004	520.198	238.335	288.085	569.599	231.958	243.048	483.139	228.147	174.623	593.203	76.924	153.173	501.727	86.730	322.279	226.187	932.279	247.459	212.888	936.469	245.339	213.143	813.030	304.526	221.891	806.263	297.210	226.374	659.901	263.945	351.011	613.478	344.091	217.329	505.824	265.000	226.610	515.456	262.664	219.637	407.581	324.644	217.034	398.928	353.990	278.415	227.502	306.621	225.238	230.794	252.821	311.923	233.166	187.546	188.653	97.572	151.543	260.056	108.070	324.447	411.506	1395.777	257.059	409.247	1718.538	311.755	497.220	1576.782	309.462	323.967	1569.041	161.246	409.916	1956.580	24.211	392.423	1889.743	133.631	310.251	1852.522	113.968	505.633	1869.775	149.770	579.482	1725.946	139.529	663.955	1536.628	215.424	735.896	1617.297	204.754	744.728	1513.027	225.081	776.187	1452.811	310.519	708.852	1448.706	194.275	673.508	1361.902	236.141	795.186	1335.604	221.185	713.021	1273.469	272.746	621.239	1231.490	214.714	684.020	1193.112	200.270	625.205	1192.182	136.211	257.194	1733.610	115.483	185.337	1533.988	160.928	78.809	1595.577	157.565	97.579	1494.576	185.626	45.505	1423.291	284.376	93.829	1444.293	241.801	160.400	1385.967	162.488	79.282	1338.203	228.150	139.126	1286.123	278.735	196.653	1216.972	255.757	126.998	1161.560	230.618	177.724	1175.687
229.426	571.987	1260.868	282.514	587.393	1071.310	162.720	533.341	1196.768	248.692	241.036	1258.616	292.139	218.321	1107.169	186.809	272.079	1192.667	350.024	471.382	1240.046	355.234	413.624	1267.737	362.075	358.412	1238.216	300.267	581.885	950.290	224.540	594.530	957.769	221.971	594.326	832.916	288.749	581.812	826.367	244.283	570.114	657.354	257.370	434.400	636.259	317.450	578.343	525.801	246.116	583.894	530.625	249.771	583.446	419.770	308.394	577.191	420.212	327.072	518.786	243.057	287.824	568.366	237.549	242.589	482.074	234.509	171.439	592.229	84.031	150.207	500.630	94.448	323.658	226.773	938.597	248.772	212.619	942.538	246.814	213.103	819.049	305.931	222.287	812.443	298.691	227.415	665.888	263.611	351.273	620.325	346.756	219.727	511.878	267.479	227.684	521.517	265.805	221.222	413.461	327.220	219.563	405.019	355.107	282.488	232.320	308.672	228.198	236.408	253.075	313.780	239.790	188.462	189.281	105.027	151.144	259.904	115.947	323.581	411.494	1401.876	258.693	409.264	1724.646	312.729	497.008	1582.813	310.197	324.013	1575.263	162.320	409.886	1962.633	25.225	392.696	1895.549	134.699	310.329	1858.509	115.357	505.805	1875.873	151.819	579.707	1732.518	141.952	664.937	1543.089	217.789	735.717	1623.986	206.120	745.282	1520.068	226.057	776.856	1459.795	311.282	709.333	1454.782	194.192	674.146	1369.309	236.268	795.608	1342.372	220.405	713.385	1280.632	271.363	621.201	1238.472	213.064	684.156	1200.341	198.354	625.154	1199.399	137.842	257.401	1740.149	115.975	185.604	1540.565	161.553	79.012	1601.957	157.639	97.788	1501.115	185.336	45.612	1429.594	284.248	93.619	1450.210	241.713	160.339	1392.131	161.877	79.480	1344.521	227.570	139.156	1292.237	277.901	196.543	1222.885	254.893	126.929	1167.270	229.673	177.577	1181.725
226.919	572.045	1267.017	281.457	587.179	1077.977	161.120	532.889	1203.068	246.985	240.819	1265.299	291.658	218.553	1113.427	185.865	271.995	1198.786	348.262	471.673	1247.099	353.637	413.879	1274.867	361.142	357.985	1245.763	300.150	581.903	957.051	224.422	594.533	963.887	222.722	594.264	839.061	289.475	581.673	832.940	245.909	570.249	663.434	258.859	434.517	642.902	319.262	578.446	531.610	247.968	584.255	536.760	251.078	583.206	425.922	309.654	576.724	426.097	327.381	517.287	247.661	287.639	566.605	242.682	242.416	480.810	240.716	168.436	591.112	91.418	147.745	499.356	102.287	324.555	227.058	944.777	249.769	212.205	948.663	247.873	212.609	825.135	306.729	222.050	818.780	299.973	228.497	671.473	262.962	351.443	627.166	349.325	222.461	517.928	269.911	228.675	527.541	267.729	222.395	419.606	329.788	222.326	410.932	356.205	286.431	237.600	310.772	231.139	241.874	253.353	315.622	246.099	190.185	190.119	111.520	151.471	260.026	123.184	322.798	411.558	1407.985	260.330	409.211	1730.665	313.686	496.853	1588.588	310.875	323.866	1580.575	163.297	409.846	1968.720	26.198	393.003	1901.366	135.722	310.368	1864.475	116.777	505.964	1881.990	153.796	579.998	1738.968	143.070	665.770	1549.791	219.826	735.782	1630.629	207.457	745.870	1526.919	227.110	777.567	1466.418	312.211	709.638	1460.916	194.073	674.816	1376.592	236.429	796.023	1348.770	219.633	713.742	1287.473	270.044	621.196	1245.338	211.555	684.304	1207.598	196.538	625.080	1206.515	139.439	257.616	1746.548	115.975	185.697	1546.967	162.193	79.229	1608.205	157.905	97.901	1507.388	185.060	45.707	1435.778	284.283	93.447	1455.957	241.622	160.274	1398.080	161.382	79.637	1350.746	227.052	139.155	1298.164	277.180	196.390	1228.654	254.020	126.840	1173.108	228.900	177.504	1187.574
224.380	572.157	1273.062	280.522	586.964	1084.478	160.146	532.386	1208.827	245.299	240.538	1271.730	291.232	218.706	1119.482	184.996	271.931	1204.816	346.600	471.926	1254.016	352.264	414.071	1282.010	360.035	358.261	1253.012	299.981	581.925	963.550	224.162	594.495	970.149	223.109	594.334	845.324	289.871	581.755	839.640	247.136	570.355	669.611	259.600	434.688	649.372	320.728	578.477	537.563	249.534	584.519	542.804	252.426	582.924	431.884	310.975	576.242	432.119	327.758	515.496	252.265	287.947	564.973	248.233	242.240	479.556	246.900	165.912	589.808	99.076	145.280	498.066	110.043	325.245	227.338	950.696	250.665	211.672	954.739	248.579	210.906	831.579	307.548	222.825	824.697	301.251	229.601	677.069	262.063	351.457	633.601	351.840	225.453	523.602	272.231	229.590	533.404	270.211	223.757	425.235	332.617	225.363	416.699	357.227	290.242	243.226	312.954	234.173	247.719	253.824	317.457	252.229	192.438	191.395	117.816	152.544	260.489	129.725	322.174	411.663	1413.949	261.852	409.202	1736.365	314.628	496.734	1594.196	311.564	323.877	1586.525	164.362	409.840	1974.630	27.084	393.296	1907.087	136.549	310.417	1870.318	118.099	506.137	1888.010	155.659	580.311	1745.163	144.170	666.758	1556.594	221.882	735.807	1637.192	208.929	746.779	1533.433	228.243	778.345	1473.018	312.996	710.098	1466.731	194.031	675.520	1383.760	236.644	796.584	1355.577	218.937	714.062	1294.215	268.805	621.137	1252.112	210.022	684.426	1214.558	194.816	624.962	1213.405	140.982	257.735	1752.714	116.217	185.841	1553.237	162.916	79.404	1614.328	158.193	97.999	1513.605	184.885	45.785	1441.797	284.269	93.235	1461.500	241.608	160.152	1403.800	161.034	79.764	1356.821	226.524	139.095	1304.049	276.470	196.213	1234.278	253.190	126.715	1178.636	228.104	177.379	1193.197
221.838	572.232	1278.986	279.427	586.739	1090.897	158.770	531.673	1214.705	243.640	240.285	1277.991	290.969	218.928	1125.573	184.210	271.820	1210.768	345.086	472.186	1260.937	351.072	414.138	1289.177	359.037	358.099	1260.110	299.675	582.016	970.036	223.861	594.388	976.419	223.159	594.410	851.500	289.957	581.960	846.108	247.951	570.424	675.526	259.796	434.835	655.753	322.962	578.468	543.654	250.782	584.685	548.697	253.675	582.616	438.003	312.064	575.620	437.957	327.944	513.738	257.123	287.969	563.515	253.911	242.090	478.410	253.119	163.945	588.599	106.675	143.354	497.098	117.636	325.645	227.700	956.333	251.363	210.910	960.688	249.107	210.297	837.527	307.878	222.996	830.496	302.291	230.660	682.592	260.965	351.375	640.010	354.116	228.594	529.400	274.539	230.435	539.026	272.579	225.197	431.040	334.715	228.116	422.505	358.309	293.930	249.442	314.881	236.972	253.572	254.372	319.301	258.584	195.356	192.989	123.190	154.108	261.222	135.694	321.751	411.837	1419.897	263.433	409.233	1741.921	315.476	496.623	1599.717	312.243	323.836	1591.959	165.389	409.881	1980.577	27.966	393.565	1913.081	137.361	310.496	1876.228	119.356	506.275	1894.043	157.385	580.709	1751.299	145.241	667.809	1562.948	223.920	735.907	1643.564	210.398	747.552	1539.907	229.348	779.099	1479.393	313.852	710.583	1472.448	194.017	676.295	1390.749	236.994	797.007	1361.572	218.336	714.409	1300.882	267.531	621.119	1258.790	208.589	684.558	1221.468	193.100	624.851	1220.325	142.459	257.758	1758.883	116.804	185.941	1559.309	163.639	79.581	1620.220	158.589	98.062	1519.593	184.792	45.831	1447.655	284.443	93.022	1466.996	241.463	160.087	1409.482	160.770	79.848	1362.695	226.063	138.998	1309.666	275.681	195.923	1239.828	252.421	126.579	1184.059	227.319	177.216	1198.811
219.468	572.358	1284.656	278.516	586.475	1097.361	157.594	530.873	1220.376	242.233	239.982	1284.259	290.778	219.141	1131.616	183.596	271.723	1216.614	343.858	472.471	1267.845	350.164	414.138	1296.437	358.325	357.892	1267.293	299.269	582.144	976.346	223.504	594.335	982.665	222.951	594.604	857.666	289.843	582.359	852.307	248.527	570.512	681.415	259.324	435.185	662.148	324.088	578.096	549.660	251.851	584.678	554.769	254.632	582.262	443.938	313.111	574.894	444.069	327.976	511.779	262.803	288.279	562.394	259.616	241.649	477.342	259.433	162.774	587.557	114.148	142.027	496.287	124.627	326.173	228.093	962.161	251.967	210.169	966.530	249.270	209.133	843.519	308.200	223.143	836.364	303.504	231.616	688.098	259.835	351.313	646.245	356.216	231.851	535.152	276.788	231.358	544.702	274.825	226.562	436.580	336.891	231.410	428.233	359.382	297.438	256.038	316.978	239.796	259.637	255.023	321.143	264.756	198.836	194.843	127.979	156.323	262.214	140.919	321.313	412.064	1425.780	264.892	409.263	1747.426	316.304	496.543	1605.001	312.711	323.845	1596.625	166.525	409.940	1986.386	29.754	393.862	1918.541	138.038	310.542	1882.031	120.550	506.412	1900.070	159.162	581.207	1757.303	146.317	668.910	1569.415	226.004	736.071	1649.744	211.808	748.305	1546.275	230.548	779.957	1485.596	314.757	711.057	1478.022	194.020	677.068	1397.662	237.181	797.541	1367.893	217.711	714.704	1307.387	266.457	621.101	1265.338	207.200	684.654	1228.333	191.543	624.705	1227.106	143.834	257.769	1764.767	117.430	186.011	1565.318	164.476	79.685	1626.165	158.969	98.111	1525.431	184.699	45.853	1453.420	284.504	92.751	1472.368	241.494	159.961	1414.861	160.569	79.906	1368.500	225.649	138.869	1315.182	275.023	195.600	1245.221	251.646	126.356	1189.565	225.906	176.374	1203.861
217.076	572.385	1290.185	277.473	586.224	1103.409	156.628	529.998	1225.892	240.954	239.780	1290.188	290.732	219.325	1137.693	183.116	271.686	1222.379	342.659	472.657	1274.616	349.354	414.148	1303.642	357.749	357.737	1274.441	298.799	582.319	982.498	222.917	594.231	988.677	222.540	594.864	863.921	289.420	582.770	858.539	248.815	570.545	687.229	258.745	435.374	668.363	324.962	577.494	555.771	252.619	584.414	560.646	255.469	581.758	449.848	314.000	573.976	450.119	327.068	509.890	268.921	289.003	560.433	265.392	241.234	476.450	265.806	162.580	586.656	121.163	141.384	495.557	131.247	326.380	228.523	967.858	252.488	209.323	972.380	249.521	208.549	849.281	308.367	223.010	842.076	304.500	232.580	693.767	258.571	351.224	652.354	357.799	234.869	540.860	279.268	232.298	550.229	276.864	227.980	442.204	338.735	234.591	433.952	360.660	300.731	262.839	318.994	242.575	265.728	255.893	322.981	270.702	202.768	196.986	132.619	159.216	263.541	145.741	320.983	412.272	1431.528	266.500	409.394	1752.780	317.088	496.570	1610.158	313.228	323.979	1601.637	167.609	410.008	1992.275	30.599	394.192	1924.582	138.612	310.635	1887.837	121.617	506.522	1906.132	160.713	581.732	1763.124	147.372	670.061	1575.510	228.061	736.283	1655.631	213.243	749.086	1552.368	231.666	780.789	1491.597	315.533	711.559	1483.418	194.008	677.815	1404.430	237.494	797.968	1373.764	217.226	715.018	1313.777	265.417	621.096	1271.740	205.894	684.718	1234.957	190.056	624.515	1233.707	145.261	257.731	1770.737	118.142	186.055	1571.182	165.406	79.758	1631.923	159.387	98.098	1531.249	184.700	45.843	1459.048	284.752	92.600	1477.659	241.465	159.881	1420.163	160.409	79.892	1374.113	225.218	138.669	1320.534	274.545	195.277	1250.514	250.854	126.121	1194.806	225.222	176.155	1209.180
214.892	572.337	1295.602	276.584	586.003	1109.524	155.593	528.964	1231.348	239.819	239.559	1296.151	290.747	219.524	1143.801	182.691	271.592	1228.105	341.848	472.895	1281.468	348.767	414.013	1310.811	357.179	357.478	1281.126	298.204	582.599	988.558	222.317	594.250	994.792	221.890	595.113	869.982	288.727	583.204	864.533	248.976	570.488	693.125	257.840	435.494	674.550	325.615	576.597	561.737	253.260	584.038	566.522	256.148	581.345	455.942	314.693	572.912	456.112	326.864	508.193	275.302	289.440	558.746	271.292	240.720	475.622	272.220	163.096	585.653	127.137	141.373	494.974	137.388	327.484	229.014	973.282	253.051	208.504	978.166	249.879	207.617	855.033	308.632	223.083	847.890	305.368	233.478	699.472	257.315	351.265	658.290	359.487	237.957	546.668	281.003	233.101	555.654	278.825	229.352	447.795	340.691	238.027	439.636	362.123	303.917	270.048	321.314	245.397	271.786	257.064	324.958	276.775	207.091	199.370	137.134	162.491	265.220	150.158	320.876	412.579	1437.226	267.882	409.493	1758.075	317.882	496.622	1615.266	313.686	324.141	1606.499	169.589	410.087	1997.793	31.395	394.587	1930.510	139.120	310.805	1893.746	122.537	506.694	1912.204	162.231	582.292	1768.942	148.362	671.315	1581.631	230.140	736.514	1661.576	214.674	749.942	1558.321	232.776	781.706	1497.451	316.436	712.098	1488.837	193.991	678.585	1410.982	237.880	798.348	1379.594	216.761	715.315	1320.053	264.521	621.128	1278.143	204.666	684.725	1241.536	188.707	624.337	1240.362	146.571	257.652	1776.374	118.864	186.028	1576.914	166.413	79.790	1637.573	159.881	98.049	1536.926	184.761	45.801	1464.524	284.916	92.419	1482.715	241.385	159.845	1425.370	160.304	79.810	1379.643	224.908	138.438	1325.805	274.142	194.927	1255.704	250.090	125.839	1199.972	224.554	175.906	1214.454
212.923	572.231	1300.919	275.871	585.808	1115.492	154.651	527.904	1236.709	238.824	239.340	1301.882	290.826	219.684	1149.965	182.378	271.513	1233.692	341.098	473.059	1288.095	348.346	413.913	1317.959	356.906	357.237	1287.871	297.566	582.866	994.534	221.602	594.299	1000.796	220.976	595.291	876.014	287.902	583.632	870.499	248.942	570.521	699.056	256.825	435.518	680.492	326.040	575.542	567.689	253.803	583.654	572.538	256.654	580.769	462.044	315.149	571.802	462.228	326.660	506.649	282.073	290.036	557.922	277.530	239.992	474.822	278.717	164.445	584.817	132.160	142.074	494.240	142.963	327.735	229.469	978.890	253.742	207.846	983.996	250.412	206.724	860.746	308.913	223.129	853.496	306.184	234.381	705.280	256.106	351.235	664.119	360.750	240.653	552.462	282.528	233.898	561.225	280.752	230.855	453.346	342.492	241.495	445.301	363.743	307.107	277.005	323.675	248.026	277.862	258.571	326.991	282.626	211.614	201.950	141.423	166.110	267.214	154.350	320.785	412.822	1442.775	269.157	409.642	1763.319	318.610	496.736	1620.187	314.008	324.268	1611.295	170.603	410.136	2003.622	32.125	394.914	1936.446	139.620	310.926	1899.641	123.471	506.795	1918.372	163.623	582.867	1774.503	149.375	672.532	1587.464	232.151	736.764	1667.303	216.056	750.849	1564.146	233.917	782.617	1503.298	317.254	712.606	1494.126	194.087	679.331	1417.437	238.308	798.724	1384.824	216.379	715.569	1326.146	263.692	621.099	1284.355	203.665	684.742	1248.032	187.549	624.169	1246.888	147.882	257.588	1782.133	120.120	186.147	1582.542	167.371	79.845	1643.108	160.335	98.060	1542.520	184.854	45.758	1469.892	285.209	92.321	1487.881	241.419	159.783	1430.459	160.229	79.713	1385.120	224.593	138.196	1330.916	273.783	194.535	1260.769	249.375	125.652	1205.157	223.794	175.593	1219.576
211.232	572.025	1306.152	275.401	585.589	1121.581	154.111	526.818	1242.059	238.035	239.149	1307.564	290.838	219.927	1155.978	182.117	271.430	1239.408	340.526	473.113	1294.552	348.118	413.840	1324.970	356.723	356.945	1294.339	296.864	583.069	1000.339	220.967	594.356	1006.980	220.063	595.471	882.039	286.942	584.027	876.491	248.799	570.538	705.076	255.619	435.521	686.531	326.173	574.605	573.763	254.102	583.370	578.622	257.118	580.645	467.787	315.334	570.419	468.432	326.597	505.074	288.693	290.778	556.837	283.664	239.675	474.189	284.873	166.747	584.106	136.729	142.958	493.917	148.433	328.095	229.993	984.427	254.436	207.133	989.631	251.013	205.647	866.532	309.102	223.635	858.906	307.046	235.356	711.297	254.869	351.291	669.940	361.910	243.147	558.420	283.899	234.708	566.727	282.507	232.193	458.857	344.061	244.198	451.134	365.733	310.188	283.764	326.413	250.833	283.872	260.341	329.063	288.412	216.233	204.786	145.777	170.002	269.589	158.680	320.867	413.152	1448.239	270.292	409.849	1768.507	319.348	496.953	1625.039	312.716	324.121	1614.821	171.498	410.194	2009.656	32.741	395.248	1942.486	140.139	311.095	1905.558	124.320	506.934	1924.440	164.947	583.546	1780.075	150.382	673.839	1593.208	234.119	737.034	1672.714	217.423	752.558	1570.428	235.003	783.567	1508.907	318.033	713.170	1499.250	194.175	680.053	1423.752	238.608	799.176	1390.511	216.067	715.735	1332.059	262.952	621.137	1290.490	202.681	684.646	1254.289	186.478	623.943	1253.301	149.020	257.468	1787.643	120.727	186.001	1588.246	168.498	79.868	1648.643	160.894	97.951	1547.967	185.070	45.656	1475.294	285.473	92.135	1492.753	240.986	159.792	1435.383	160.190	79.521	1390.470	224.314	137.882	1336.014	273.487	194.153	1265.860	248.695	125.370	1210.129	223.224	175.303	1224.690
209.804	571.723	1311.314	274.889	585.333	1127.447	153.603	525.866	1247.328	237.504	238.997	1313.220	290.955	220.034	1162.138	181.936	271.360	1245.039	340.194	473.127	1300.836	348.018	413.754	1331.750	356.604	356.725	1300.712	296.076	583.269	1006.222	220.137	594.316	1012.885	219.067	595.686	887.989	285.933	584.368	882.291	248.329	570.594	711.017	254.203	435.404	692.550	326.083	573.534	579.685	254.190	583.140	584.532	257.249	580.265	473.551	315.441	569.306	474.354	326.813	503.758	295.524	291.513	555.912	289.928	239.683	473.603	290.971	169.582	583.543	141.226	144.286	493.686	153.578	328.604	230.565	990.040	255.545	206.055	995.595	251.677	204.967	872.196	309.397	223.888	864.397	307.446	236.047	717.045	253.582	351.273	675.855	362.919	245.321	564.452	284.826	235.480	572.080	284.303	233.847	464.137	345.673	246.836	456.972	367.999	313.136	290.673	329.200	253.587	289.787	262.560	331.369	294.258	220.873	207.798	150.197	174.058	272.179	162.915	321.036	413.521	1453.678	271.129	409.997	1773.661	320.059	497.218	1629.783	313.115	324.395	1619.436	172.341	410.184	2015.472	33.328	395.604	1948.347	140.581	311.275	1911.461	125.109	507.135	1930.724	166.068	584.130	1785.339	151.316	675.136	1598.916	236.036	737.377	1678.050	218.704	753.526	1576.113	235.999	784.462	1514.403	318.793	713.754	1504.406	194.298	680.679	1429.946	238.919	799.565	1396.045	215.831	715.872	1337.985	262.308	621.082	1296.527	201.816	684.499	1260.533	185.612	623.708	1259.650	150.123	257.363	1793.170	121.267	185.783	1593.648	169.617	79.825	1654.033	161.423	97.811	1553.437	185.208	45.593	1480.520	285.733	92.021	1497.711	241.046	159.755	1440.269	160.149	79.358	1395.777	224.050	137.587	1340.987	273.218	193.790	1270.853	248.069	125.077	1215.121	222.712	174.991	1229.792
208.808	571.378	1316.455	274.604	584.976	1133.479	153.152	524.914	1252.566	237.268	238.834	1318.811	291.014	220.169	1168.063	181.671	271.188	1250.721	340.085	473.016	1306.992	348.033	413.614	1338.284	356.680	356.464	1306.822	295.341	583.348	1011.943	219.352	594.293	1018.825	218.032	595.864	893.998	284.929	584.636	888.039	247.668	570.589	716.923	252.693	435.325	698.612	325.712	572.709	585.887	253.862	582.991	590.286	257.373	579.824	479.303	315.449	568.304	480.482	327.252	502.375	302.059	292.775	554.891	296.025	239.947	473.001	296.799	172.792	583.198	145.827	146.011	493.516	158.772	329.295	231.057	995.430	256.213	205.919	1000.971	252.333	204.473	877.768	309.891	224.300	869.952	307.611	236.609	722.866	252.265	351.292	681.517	363.744	247.503	570.305	285.718	236.296	577.533	285.956	235.513	469.438	347.163	249.088	462.802	370.546	315.890	297.217	332.068	256.384	295.673	264.998	333.730	299.916	225.490	211.000	154.635	178.188	275.066	167.433	321.271	413.896	1458.945	272.060	410.202	1778.748	320.720	497.572	1634.428	313.563	324.630	1624.180	172.262	410.442	2021.721	33.887	395.937	1954.231	140.963	311.492	1917.295	125.890	507.293	1936.705	167.152	584.784	1790.672	151.169	676.438	1605.007	237.788	737.764	1683.426	219.998	754.503	1581.509	236.913	785.352	1519.723	319.533	714.341	1509.409	194.481	681.241	1435.878	239.248	799.864	1401.276	215.661	715.967	1343.736	261.735	621.035	1302.415	201.126	684.308	1266.641	184.888	623.454	1265.967	151.125	257.315	1798.512	121.898	185.810	1599.158	170.724	79.822	1659.269	161.978	97.673	1558.778	185.404	45.495	1485.722	286.043	91.939	1502.586	241.094	159.661	1445.069	160.180	79.132	1401.017	223.884	137.305	1345.915	272.937	193.416	1275.758	247.526	124.795	1220.043	222.249	174.678	1234.824
208.241	571.018	1321.584	273.152	584.274	1138.461	152.753	524.028	1258.027	237.357	238.639	1324.635	291.087	220.203	1173.955	181.578	271.060	1256.271	339.948	472.730	1312.688	348.172	413.449	1344.511	356.783	356.223	1312.595	294.671	583.400	1017.625	218.703	594.255	1024.698	217.004	595.985	899.976	283.890	584.811	893.708	246.835	570.581	722.892	250.973	435.135	704.567	325.114	572.009	591.904	253.341	582.757	595.821	257.397	579.331	484.937	315.413	567.337	486.413	328.054	501.207	308.617	294.077	553.946	302.133	240.713	472.283	302.590	176.061	582.829	150.471	147.986	493.419	163.771	329.810	231.560	1000.887	257.151	205.721	1006.629	252.999	204.241	883.393	310.178	224.718	875.304	307.599	237.089	728.566	249.928	350.792	687.449	364.313	249.000	576.241	286.302	237.154	582.745	287.395	237.053	474.772	348.618	251.054	468.616	373.286	318.672	304.093	335.063	258.952	301.560	267.686	336.201	305.573	229.938	214.264	159.274	182.421	278.235	171.893	321.538	414.367	1464.103	272.902	410.524	1784.118	321.382	498.015	1639.068	313.859	324.904	1628.676	172.870	410.429	2027.610	34.366	396.328	1960.013	141.322	311.672	1923.157	126.699	507.468	1942.756	168.152	585.467	1796.001	151.976	677.731	1610.486	239.514	738.086	1688.552	221.211	755.429	1586.900	237.779	786.282	1525.043	320.242	714.867	1514.459	194.679	681.798	1442.025	239.490	800.073	1406.354	215.583	716.000	1349.358	261.366	620.929	1308.348	200.529	684.046	1272.668	184.381	623.175	1272.156	152.074	257.241	1803.849	122.342	185.572	1604.650	171.909	79.812	1664.625	162.529	97.476	1564.052	185.678	45.373	1490.862	286.334	91.919	1507.405	241.063	159.697	1450.027	160.238	78.906	1406.204	223.729	137.019	1350.786	272.400	192.890	1280.733	247.091	124.505	1224.945	221.888	174.370	1239.861
208.073	570.660	1326.769	272.664	583.730	1144.133	152.497	523.211	1263.420	237.741	238.448	1330.272	291.092	220.161	1179.627	181.521	270.849	1261.700	340.104	472.407	1318.284	348.377	413.174	1350.368	356.999	355.976	1318.108	294.059	583.413	1023.275	218.154	594.229	1030.628	216.021	596.028	905.825	282.942	584.849	899.415	245.690	570.522	728.703	249.059	434.979	710.525	324.350	571.410	597.901	252.764	582.477	601.287	257.389	578.753	490.467	315.236	566.549	492.401	329.104	500.182	314.957	295.496	553.089	308.259	241.736	471.655	308.291	179.338	582.608	155.364	150.202	493.354	168.715	330.474	232.173	1006.272	258.543	206.263	1011.850	253.198	204.016	888.835	310.632	225.271	880.756	307.284	237.574	734.215	248.444	350.536	693.186	364.793	250.255	582.242	286.795	238.155	587.903	288.919	238.684	479.949	350.070	252.946	474.454	376.260	321.155	310.590	338.001	261.562	307.449	270.700	338.776	311.260	234.210	217.731	164.052	186.599	281.631	176.426	321.910	414.750	1469.311	273.564	410.894	1789.495	322.039	498.498	1643.563	313.797	324.959	1633.000	173.172	410.360	2033.507	34.835	396.713	1965.680	141.609	311.883	1928.924	127.415	507.605	1948.637	168.965	586.118	1801.098	152.764	679.043	1615.828	241.147	738.424	1693.552	222.284	756.332	1592.123	238.616	787.091	1530.182	320.914	715.444	1519.386	194.929	682.231	1447.750	239.775	800.228	1411.216	215.538	715.999	1354.942	261.073	620.790	1314.177	200.187	683.743	1278.503	184.015	622.823	1278.134	152.897	257.208	1809.101	122.859	185.334	1609.908	172.975	79.803	1669.817	163.116	97.314	1569.296	185.984	45.249	1495.954	286.708	91.949	1512.358	241.161	159.595	1454.763	160.358	78.659	1411.260	223.657	136.714	1355.692	272.233	192.500	1285.689	246.743	124.243	1229.862	221.575	174.048	1244.943
208.235	570.433	1332.025	272.729	583.255	1150.130	152.366	522.566	1268.846	238.407	238.255	1336.081	291.077	220.035	1185.185	181.296	270.534	1267.256	340.419	471.967	1323.534	348.678	412.839	1355.853	357.426	355.623	1323.230	293.545	583.362	1028.773	217.593	594.155	1036.362	215.046	595.900	911.539	281.959	584.731	904.962	244.362	570.512	734.366	246.969	434.864	716.523	323.454	570.875	604.048	251.817	582.167	606.676	257.251	578.150	496.009	315.239	565.868	498.354	330.394	499.306	321.215	297.106	552.338	314.302	243.005	471.026	313.762	182.452	582.527	160.270	152.698	493.395	173.594	330.944	233.011	1011.616	259.423	206.082	1017.484	253.733	204.156	894.313	310.886	226.024	886.076	306.752	238.026	739.858	247.005	350.339	698.792	365.149	251.308	588.131	287.038	239.272	593.038	291.084	240.811	484.844	351.505	254.533	480.378	379.200	323.476	317.035	340.971	263.994	313.349	273.744	341.415	316.900	238.226	221.282	168.695	190.739	285.286	181.045	322.479	415.182	1474.462	274.135	411.294	1794.884	322.633	499.151	1648.129	314.115	325.206	1637.621	173.500	410.311	2039.274	35.139	397.070	1971.259	141.857	312.084	1934.632	128.088	507.787	1954.539	169.762	586.790	1806.184	153.367	680.339	1621.121	242.732	738.816	1698.611	223.323	757.203	1597.186	239.309	787.876	1535.204	321.479	715.989	1524.276	195.261	682.577	1453.446	239.964	800.529	1416.518	215.596	715.904	1360.297	258.008	620.571	1319.881	199.852	683.370	1284.225	183.773	622.412	1284.194	153.705	257.214	1814.304	123.396	185.143	1615.198	174.041	79.783	1674.957	163.713	97.134	1574.501	186.281	45.107	1500.981	287.045	91.805	1517.092	241.237	159.465	1459.488	160.490	78.365	1416.389	223.594	136.414	1360.555	272.031	192.054	1290.564	246.426	123.937	1234.808	221.293	173.714	1249.912
208.993	570.022	1337.309	272.419	582.669	1155.674	152.317	522.022	1274.299	239.100	237.970	1341.720	291.003	219.874	1190.451	181.220	270.206	1272.738	340.801	471.417	1328.479	349.100	412.411	1360.987	357.862	355.427	1328.213	293.069	583.159	1034.202	217.132	594.078	1042.214	214.188	595.779	917.326	281.079	584.520	910.475	242.782	570.423	739.977	244.627	434.732	722.408	322.435	570.473	610.086	250.796	581.732	612.083	257.146	577.633	501.548	314.973	565.315	504.427	331.832	498.630	327.299	298.676	551.760	320.296	244.630	470.362	319.202	185.372	582.752	165.675	155.235	493.416	178.359	331.290	233.748	1017.001	260.081	206.129	1022.891	254.073	204.370	899.714	311.168	226.765	891.536	306.126	238.401	745.289	245.639	350.115	704.225	365.365	252.204	594.043	287.231	240.406	598.091	292.374	242.579	489.892	352.790	256.013	486.043	382.261	325.632	323.556	343.712	266.365	319.025	276.896	344.099	322.578	241.946	224.953	173.563	194.863	289.168	185.703	323.021	415.553	1479.580	274.674	411.750	1800.395	323.233	499.838	1652.582	315.098	325.857	1642.664	173.640	410.241	2045.067	35.383	397.429	1976.777	142.042	312.286	1940.281	128.567	507.925	1960.321	170.416	587.454	1811.265	153.958	681.528	1626.181	244.076	739.155	1703.444	224.217	758.014	1602.250	239.955	788.585	1540.069	322.037	716.584	1529.179	195.667	682.875	1459.008	240.299	800.584	1421.263	215.741	715.797	1365.695	257.950	620.369	1325.607	199.802	682.982	1289.823	183.708	621.974	1290.079	154.390	257.269	1819.484	123.921	184.899	1620.383	175.067	79.790	1680.134	164.268	96.944	1579.769	186.638	44.954	1506.108	287.442	91.845	1521.967	241.433	159.393	1464.363	160.600	78.109	1421.480	223.682	136.112	1365.411	272.301	191.838	1295.377	246.118	123.594	1239.636	221.078	173.343	1254.883
210.167	569.767	1342.559	272.291	582.058	1161.212	152.323	521.645	1279.915	240.220	237.786	1347.443	290.838	219.626	1195.559	181.333	269.807	1278.276	341.381	470.819	1333.188	349.588	411.949	1365.755	358.350	355.170	1332.929	292.675	582.876	1039.621	216.772	593.964	1047.854	213.335	595.620	922.964	280.209	584.210	915.919	241.014	570.379	745.435	242.136	434.667	728.199	321.372	570.015	616.074	249.637	581.286	617.483	256.891	577.112	507.101	314.849	564.811	510.329	333.935	498.149	333.086	300.265	551.153	326.266	246.336	469.767	324.517	187.842	582.951	171.367	158.350	493.548	182.815	331.580	234.329	1022.399	260.397	206.369	1028.106	254.468	204.705	905.222	311.412	227.619	896.811	305.257	238.790	750.592	244.475	349.956	709.564	365.726	253.176	599.970	287.340	241.624	603.158	293.587	244.323	494.947	354.097	257.652	491.796	385.281	327.565	329.977	346.365	268.648	324.931	280.092	346.764	328.186	245.612	228.651	178.282	198.911	293.273	190.312	323.784	415.944	1484.719	275.160	412.264	1805.901	323.811	500.651	1657.109	315.689	326.265	1647.636	173.669	410.195	2050.649	35.577	397.792	1982.070	142.061	312.544	1945.950	129.010	508.083	1966.015	170.933	588.131	1816.279	154.394	682.689	1631.242	245.346	739.526	1708.306	225.047	758.832	1607.265	240.362	789.351	1545.213	322.995	716.958	1534.136	196.036	683.034	1464.410	240.516	800.697	1426.121	215.885	715.597	1370.969	258.049	620.098	1331.159	199.825	682.512	1295.378	183.836	621.517	1295.866	155.074	257.311	1824.629	124.421	184.733	1625.500	176.075	79.842	1685.349	164.825	96.829	1584.852	186.970	44.809	1511.179	287.807	91.628	1526.631	241.540	159.246	1469.098	160.757	77.862	1426.577	223.665	135.792	1370.279	272.220	191.441	1300.189	245.984	123.246	1244.524	220.932	172.954	1259.816
211.704	569.549	1348.040	272.350	581.432	1166.998	152.428	521.354	1285.509	241.438	237.598	1353.143	290.653	219.335	1200.561	181.183	269.255	1283.808	342.079	470.139	1337.722	350.098	411.410	1370.153	358.874	354.685	1337.296	292.271	582.565	1044.944	216.529	593.873	1053.486	212.487	595.478	928.619	279.382	583.885	921.330	239.100	570.299	750.797	239.540	434.625	733.785	320.227	569.630	622.072	248.544	580.801	622.812	256.696	576.666	512.491	314.648	564.407	516.235	335.712	497.954	339.104	301.858	550.879	332.269	248.190	469.364	329.832	190.019	583.232	177.319	161.125	493.519	187.687	331.612	235.036	1027.768	260.633	206.429	1033.387	254.736	205.053	910.317	312.235	228.072	902.313	304.437	239.126	755.769	244.406	350.306	714.449	365.785	253.639	605.734	287.433	242.852	607.849	294.658	246.045	499.913	355.272	259.028	497.508	388.208	329.268	336.452	348.891	270.739	330.721	283.263	349.370	333.799	248.944	232.468	182.927	202.810	297.478	195.066	324.434	416.328	1489.723	275.565	412.747	1811.514	324.316	501.461	1661.631	315.721	326.411	1652.538	173.495	410.145	2056.179	35.670	398.159	1987.275	142.058	312.796	1951.344	129.293	508.232	1971.518	171.434	588.817	1821.269	154.601	683.598	1636.321	246.406	739.849	1713.009	225.766	759.561	1612.133	240.816	789.935	1550.003	323.478	717.457	1538.983	196.519	683.112	1469.772	240.744	800.700	1430.719	216.195	715.322	1376.113	258.374	619.794	1336.707	200.000	682.022	1300.839	184.119	620.991	1301.484	155.715	257.396	1829.660	124.977	184.632	1630.548	176.978	79.860	1690.354	165.377	96.681	1589.945	187.396	44.662	1516.279	288.205	91.607	1531.465	241.711	159.086	1473.887	160.972	77.578	1431.595	223.814	135.560	1375.154	272.173	191.038	1305.020	245.810	122.827	1249.393	220.811	172.555	1264.765
213.511	569.353	1353.397	272.402	580.745	1172.481	152.545	521.200	1291.242	242.644	237.481	1358.716	290.412	218.976	1205.400	181.329	268.821	1289.255	342.776	469.382	1341.964	350.650	410.883	1374.188	358.981	354.319	1341.191	291.843	582.095	1050.145	216.133	593.660	1058.916	211.622	595.302	934.058	278.461	583.504	926.571	237.108	570.192	756.047	236.880	434.663	739.408	318.967	568.992	628.072	247.429	580.321	628.127	256.458	576.274	517.919	314.778	564.395	522.111	337.372	497.823	345.125	303.372	550.783	338.241	249.988	469.036	334.945	192.153	583.559	182.910	163.921	493.642	192.384	331.456	235.686	1033.188	260.646	206.578	1038.597	254.685	205.525	915.460	312.721	228.547	908.260	303.523	239.519	760.886	243.633	350.340	719.653	365.876	254.354	611.503	287.479	244.036	612.865	295.671	247.756	505.103	356.385	260.261	503.254	391.045	330.745	342.876	351.210	272.677	336.275	286.390	351.922	339.425	252.160	236.331	187.582	206.615	301.706	199.643	325.179	416.647	1494.702	275.884	413.299	1817.071	324.743	502.388	1666.122	316.749	327.127	1657.957	173.302	410.162	2061.710	35.698	398.565	1992.205	141.984	313.088	1956.644	129.600	508.382	1977.151	171.745	589.444	1826.106	155.025	684.533	1641.247	247.345	740.192	1717.796	226.399	760.235	1616.972	241.212	790.448	1554.777	323.983	718.054	1543.770	196.980	683.178	1474.995	240.985	800.688	1435.503	216.572	715.055	1381.222	258.764	619.430	1342.107	200.367	681.472	1306.057	184.529	620.458	1306.938	156.295	257.549	1834.665	125.507	184.514	1635.739	177.878	79.977	1695.461	165.947	96.584	1595.050	187.779	44.535	1521.293	288.663	91.384	1536.293	241.930	159.056	1478.787	161.181	77.298	1436.666	223.907	135.266	1379.973	272.213	190.643	1309.902	245.680	122.401	1254.263	220.742	172.129	1269.661
215.495	569.192	1358.742	272.515	580.003	1177.870	152.730	521.182	1297.037	243.953	237.274	1364.086	290.134	218.571	1210.111	181.257	268.277	1294.664	343.508	468.580	1346.054	351.310	410.349	1378.094	359.395	353.834	1345.149	291.450	581.583	1055.352	215.720	593.435	1064.440	210.805	595.276	939.962	277.619	583.060	931.873	235.119	570.094	761.272	234.215	434.733	744.760	317.770	568.571	633.910	246.153	579.895	633.385	256.240	576.041	523.297	315.647	563.880	527.696	338.980	497.999	351.076	304.896	550.826	344.084	251.871	468.897	340.166	194.339	583.962	188.541	166.824	493.886	197.000	331.148	236.189	1038.730	260.463	206.701	1043.822	254.698	206.140	920.840	312.511	229.231	913.404	302.670	239.898	765.922	243.039	350.534	724.625	365.729	254.792	617.083	287.440	245.246	617.773	296.580	249.383	510.074	357.317	261.346	508.698	393.809	332.128	349.205	353.375	274.511	341.909	289.482	354.346	345.066	255.159	240.255	192.251	210.176	306.228	204.328	326.021	416.950	1499.734	276.208	413.856	1822.687	325.161	503.364	1670.788	316.926	327.320	1662.889	172.977	410.215	2067.055	35.589	398.990	1997.124	141.857	313.304	1961.854	129.813	508.576	1982.490	172.043	590.069	1830.912	155.295	685.317	1646.002	248.048	740.562	1722.511	226.922	760.839	1621.765	241.479	790.900	1559.448	324.356	718.555	1548.613	197.423	683.181	1480.119	241.222	800.648	1440.124	216.996	714.732	1386.179	259.320	619.039	1347.499	200.878	680.874	1311.260	185.088	619.872	1312.365	156.858	257.744	1839.749	126.052	184.419	1640.685	178.767	80.122	1700.606	166.474	96.496	1600.088	188.191	44.409	1526.341	289.056	91.413	1541.158	242.169	158.913	1483.581	161.447	77.059	1441.710	224.058	134.944	1384.858	272.325	190.262	1314.661	245.690	121.994	1259.171	220.688	171.676	1274.550
217.676	569.071	1363.973	272.391	579.206	1183.046	152.983	521.292	1302.797	245.258	237.107	1369.377	289.840	218.256	1214.734	181.252	267.727	1300.045	344.286	467.784	1350.098	352.043	409.789	1381.727	359.808	353.300	1349.063	290.891	580.971	1060.474	215.354	593.241	1069.943	209.948	595.200	945.344	276.549	582.627	937.018	233.076	570.019	766.390	231.512	434.835	749.916	316.529	568.190	639.748	244.989	579.552	638.561	255.958	575.744	528.541	315.550	563.628	533.468	340.492	498.329	357.049	306.318	551.098	350.025	253.731	468.850	345.283	196.690	584.553	194.050	169.588	494.201	201.701	330.640	236.579	1044.000	260.014	206.821	1049.001	254.393	206.337	925.767	312.462	229.858	918.815	301.853	240.367	770.934	242.697	350.924	729.648	365.706	255.358	622.660	287.326	246.418	622.603	297.508	250.944	515.007	358.446	262.675	514.120	396.422	333.202	355.493	355.433	276.221	347.504	292.481	356.726	350.665	257.938	244.171	196.795	213.709	310.557	209.098	326.863	417.221	1504.644	276.503	414.448	1828.204	325.585	504.344	1675.423	317.698	327.898	1668.194	172.460	410.274	2072.413	35.428	399.406	2001.559	141.712	313.540	1966.961	129.826	508.749	1987.649	172.210	590.678	1835.642	155.619	686.046	1650.777	248.598	740.954	1727.243	227.340	761.384	1626.548	241.681	791.275	1564.057	324.798	719.094	1553.406	197.964	683.113	1485.128	241.482	800.566	1444.744	217.488	714.376	1391.104	259.946	618.602	1352.780	201.525	680.232	1316.213	185.834	619.268	1317.660	157.404	257.981	1844.736	126.587	184.421	1645.618	179.560	80.286	1705.643	167.027	96.449	1605.200	188.620	44.307	1531.403	289.473	91.219	1546.041	242.830	158.676	1488.439	161.681	76.809	1446.784	224.259	134.635	1389.763	272.432	189.877	1319.460	245.725	121.495	1264.108	220.727	171.218	1279.470
219.970	568.830	1369.134	272.558	578.399	1188.283	152.622	521.443	1308.863	246.543	236.894	1374.492	289.550	217.847	1219.215	181.399	267.171	1305.363	345.076	466.911	1353.934	352.769	409.216	1385.182	360.164	352.748	1352.805	290.347	580.345	1065.555	214.866	593.012	1075.194	208.989	595.038	950.686	275.569	582.161	942.188	231.038	569.978	771.464	228.937	434.976	754.995	315.303	567.873	645.487	243.755	579.223	643.573	255.572	575.589	533.713	315.506	563.451	539.204	341.896	498.775	362.894	307.672	551.470	355.863	255.454	469.036	350.475	199.011	585.200	199.418	172.406	494.565	206.246	329.821	236.699	1049.255	259.356	207.004	1054.038	254.137	206.762	931.101	311.730	230.598	923.736	301.098	240.781	775.814	242.746	351.592	734.553	365.667	255.869	628.047	287.304	247.605	627.340	298.270	252.553	519.914	359.247	263.633	519.592	398.898	334.167	361.587	357.301	277.784	353.000	295.394	359.043	356.197	260.541	248.040	201.243	217.013	314.972	213.823	327.721	417.478	1509.515	276.831	415.065	1833.742	325.957	505.374	1680.205	318.285	328.403	1673.453	171.863	410.401	2077.590	35.157	399.770	2005.968	141.477	313.803	1971.899	129.957	509.008	1992.861	172.245	591.253	1840.332	155.772	686.656	1655.610	248.938	741.351	1731.896	227.603	761.859	1631.199	241.831	791.580	1568.591	325.147	719.573	1558.164	198.554	682.990	1490.083	241.767	800.437	1449.284	218.052	713.994	1395.854	260.707	618.204	1358.054	202.267	679.642	1321.117	186.637	618.686	1322.787	157.927	258.296	1849.673	127.196	184.440	1650.624	180.408	80.527	1710.807	167.620	96.549	1610.222	189.033	44.236	1536.489	289.871	91.224	1550.952	243.197	158.526	1493.289	161.935	76.584	1451.820	224.485	134.336	1394.708	272.552	189.459	1324.265	245.830	121.005	1268.917	220.829	170.674	1284.315
222.333	568.585	1374.196	272.688	577.608	1193.419	152.779	521.891	1314.485	247.836	236.719	1379.524	289.265	217.492	1223.601	181.234	266.476	1310.740	345.788	466.007	1357.603	353.493	408.598	1388.403	360.491	352.226	1356.476	289.783	579.693	1070.390	214.393	592.787	1080.444	208.020	594.925	955.923	274.547	581.680	947.103	229.013	569.939	776.453	226.418	435.144	759.970	314.091	567.530	651.094	242.546	578.989	648.666	255.266	575.561	539.010	315.230	563.479	544.945	343.278	499.389	368.851	309.015	551.957	361.617	257.112	469.299	355.573	201.279	585.912	204.692	175.146	495.229	210.785	328.479	236.670	1054.598	258.562	207.160	1058.979	253.445	207.201	936.101	311.163	230.951	928.705	300.452	241.241	780.775	243.029	352.566	739.408	365.698	256.393	633.417	287.265	248.800	632.274	298.946	254.122	524.805	360.123	264.648	525.043	401.213	335.054	367.663	358.990	279.336	358.232	297.954	361.285	361.730	262.915	251.894	205.699	220.221	319.145	218.506	328.522	417.689	1514.272	277.098	415.661	1839.176	326.367	506.446	1685.051	319.107	329.200	1678.988	171.092	410.509	2082.546	34.845	400.126	2010.119	141.206	314.060	1976.669	129.840	509.247	1997.735	172.326	591.832	1845.008	156.094	687.110	1660.142	249.100	741.722	1736.516	227.778	762.291	1635.796	242.079	791.731	1573.013	325.459	720.098	1562.938	199.167	682.827	1494.770	242.089	800.278	1453.734	218.702	713.576	1400.557	261.523	617.713	1363.057	203.146	678.967	1325.955	187.551	618.132	1328.039	158.405	258.615	1854.625	127.690	184.472	1655.570	181.177	80.742	1715.897	168.293	96.480	1615.298	189.445	44.178	1541.533	290.360	91.094	1555.801	243.641	158.415	1498.239	162.234	76.346	1456.900	224.739	134.035	1399.618	272.685	189.077	1329.009	245.996	120.495	1273.762	220.938	170.158	1289.163
224.947	568.225	1379.161	272.800	576.854	1198.318	153.164	522.410	1320.134	249.015	236.524	1384.339	288.970	217.162	1227.762	181.407	265.902	1315.975	346.618	465.134	1361.307	354.132	407.896	1391.474	361.142	351.662	1360.351	289.144	579.143	1075.223	213.852	592.514	1085.444	207.032	594.714	961.052	273.459	581.210	951.967	227.047	569.916	781.375	223.801	435.317	764.849	312.852	567.367	656.779	241.437	579.002	653.688	254.831	575.294	544.313	314.932	563.468	550.512	344.595	500.078	374.602	310.241	552.532	367.322	258.638	469.640	360.730	203.490	586.764	210.071	177.749	495.882	215.265	327.686	236.527	1059.607	257.697	207.332	1063.897	252.666	207.659	940.842	310.453	231.198	933.672	299.752	241.536	785.668	243.562	353.791	744.177	365.622	256.735	638.619	287.219	250.016	636.944	299.646	255.672	529.712	360.810	265.364	530.295	403.457	335.771	373.612	360.615	280.761	363.605	300.285	363.322	367.277	265.121	255.642	210.201	223.207	323.368	223.364	329.404	417.851	1518.997	277.465	416.371	1844.562	326.771	507.444	1689.933	319.849	329.897	1684.221	170.173	410.660	2087.483	34.501	400.432	2014.178	140.876	314.326	1981.273	129.726	509.480	2002.537	172.359	592.412	1849.640	156.169	687.431	1664.608	249.106	742.137	1741.077	227.917	762.706	1640.317	242.097	791.925	1577.426	325.741	720.565	1567.725	199.742	682.655	1499.461	242.424	800.089	1457.901	219.380	713.158	1405.300	262.348	617.294	1368.093	204.098	678.275	1330.640	188.620	617.569	1333.122	158.916	258.951	1859.505	128.175	184.564	1660.534	181.849	81.040	1721.012	168.773	96.562	1620.394	189.861	44.125	1546.638	290.781	91.105	1560.763	243.925	158.330	1503.088	162.548	76.165	1461.929	224.906	133.727	1404.478	272.886	188.675	1333.763	246.190	119.979	1278.658	221.128	169.634	1294.014
227.216	567.988	1383.914	273.083	576.058	1203.296	153.634	522.993	1325.559	250.031	236.321	1389.094	288.687	216.858	1232.046	181.253	265.212	1321.135	347.227	464.227	1364.727	354.807	407.197	1394.435	361.126	351.246	1363.612	288.552	578.592	1079.941	213.243	592.275	1090.425	206.365	594.237	965.995	272.373	580.772	956.769	225.225	569.971	786.320	221.442	435.557	769.568	311.618	567.264	662.236	240.233	578.880	658.636	254.485	575.406	549.467	314.584	563.563	556.115	345.789	500.761	380.333	311.357	553.109	372.969	260.120	470.020	365.701	205.576	587.714	215.276	180.229	496.715	219.850	326.881	236.279	1064.459	256.784	207.502	1068.665	251.635	208.415	945.667	309.835	231.053	938.726	299.177	242.008	790.490	244.255	355.152	749.051	365.637	257.121	643.793	287.125	251.274	641.653	300.160	257.218	534.472	361.419	265.810	535.591	405.520	336.488	379.217	362.151	282.164	368.600	302.731	365.376	372.621	267.139	259.326	214.587	226.025	327.445	228.150	330.267	418.034	1523.661	277.863	417.020	1849.854	327.167	508.440	1694.933	320.665	330.693	1689.502	169.271	410.840	2092.355	34.058	400.739	2018.055	140.585	314.575	1985.908	129.410	509.707	2007.115	172.311	592.934	1854.202	156.201	687.614	1669.016	248.928	742.612	1745.641	227.900	763.060	1644.822	242.076	792.066	1581.813	326.088	721.031	1572.534	200.338	682.484	1504.026	242.735	799.964	1462.308	220.189	712.745	1409.788	263.334	616.802	1373.001	205.243	677.655	1335.262	189.727	617.074	1337.982	159.446	259.336	1864.398	128.685	184.718	1665.385	182.555	81.336	1726.034	169.412	96.595	1625.392	190.266	44.116	1551.734	291.231	91.145	1565.726	244.266	158.234	1507.894	162.936	75.988	1466.985	225.250	133.447	1409.380	273.032	188.311	1338.476	246.438	119.468	1283.465	221.328	169.127	1298.787
229.385	567.666	1388.545	273.274	575.345	1208.109	154.000	523.566	1330.925	251.012	236.091	1393.648	288.444	216.452	1236.182	181.459	264.649	1326.152	347.923	463.334	1368.241	355.395	406.461	1397.327	361.803	350.696	1367.426	287.921	578.059	1084.570	212.755	592.034	1095.300	205.397	594.008	970.826	271.380	580.305	961.484	223.502	570.017	791.184	218.786	435.668	774.289	310.478	567.502	667.535	239.135	578.958	663.599	254.060	575.456	554.314	314.234	563.856	561.646	347.012	501.519	385.807	312.417	553.786	378.518	261.423	470.525	370.613	207.443	588.810	220.520	182.564	497.959	224.306	326.050	235.893	1069.146	255.712	207.637	1073.281	250.886	208.647	950.326	308.846	231.446	943.149	298.795	242.568	795.270	245.173	356.749	753.859	365.713	257.451	648.857	287.098	252.560	646.380	301.443	259.179	538.883	361.872	266.503	540.543	407.521	337.182	384.683	363.485	283.477	373.759	305.795	367.495	377.807	268.932	262.861	218.971	228.666	331.389	232.905	331.106	418.178	1528.275	278.284	417.676	1854.980	327.581	509.369	1699.927	321.453	331.620	1694.765	168.187	411.044	2097.302	33.625	401.024	2021.833	140.281	314.823	1990.342	129.071	509.966	2011.651	172.281	593.458	1858.667	156.417	687.681	1673.167	248.619	743.096	1750.102	227.876	763.386	1649.195	242.094	792.208	1586.120	326.344	721.530	1577.242	201.013	682.287	1508.502	243.132	799.824	1466.583	220.921	712.373	1414.226	264.418	616.312	1377.857	206.379	677.027	1339.763	190.916	616.654	1342.817	159.894	259.755	1869.186	129.237	184.828	1670.337	183.184	81.618	1731.039	169.998	96.706	1630.467	190.745	44.117	1556.831	291.648	91.096	1570.612	244.663	158.177	1512.746	163.274	75.818	1472.030	225.574	133.154	1414.291	273.190	187.919	1343.188	246.719	118.941	1288.288	221.567	168.644	1303.579
231.416	567.283	1393.035	273.542	574.655	1212.774	154.402	524.179	1336.126	251.940	235.903	1398.250	288.232	216.132	1240.347	181.385	263.871	1331.189	348.484	462.444	1371.630	355.910	405.776	1400.147	361.667	350.306	1370.483	287.328	577.567	1089.166	212.236	591.816	1100.137	204.514	593.777	975.721	270.311	579.907	966.150	221.941	570.164	796.005	216.730	435.965	778.881	309.334	567.691	672.892	238.008	579.107	668.514	253.656	575.846	559.496	313.369	564.292	565.951	348.034	502.257	391.338	313.431	554.483	384.031	262.635	471.102	375.431	209.088	590.028	225.895	184.619	499.029	228.764	325.149	235.390	1073.785	254.659	207.842	1077.773	249.877	209.265	954.831	307.304	231.763	947.856	298.432	243.170	799.996	246.102	358.357	758.697	365.759	257.765	653.686	287.017	253.853	651.025	301.897	260.721	543.567	362.564	267.240	545.511	409.421	337.844	390.083	364.724	284.757	378.739	308.141	369.402	383.035	270.536	266.333	223.426	231.117	335.203	237.701	331.852	418.277	1532.819	278.676	418.340	1860.012	327.951	510.303	1704.878	322.281	332.627	1700.124	167.037	411.233	2102.004	33.094	401.282	2025.479	139.962	315.064	1994.708	128.700	510.236	2016.026	172.202	593.985	1863.143	156.382	687.640	1677.342	248.091	743.673	1754.468	227.723	763.590	1653.462	241.985	792.303	1590.401	326.579	722.015	1581.933	201.705	682.106	1512.928	243.584	799.573	1470.783	221.744	711.977	1418.626	265.541	615.843	1382.642	207.586	676.413	1344.137	192.162	616.212	1347.607	160.457	260.178	1873.986	129.762	184.994	1675.212	183.859	81.946	1736.099	170.536	96.856	1635.318	191.082	44.180	1561.843	292.069	91.150	1575.608	245.027	158.057	1517.505	163.625	75.672	1477.072	225.841	132.911	1419.129	273.425	187.562	1347.867	247.038	118.434	1293.149	221.876	168.100	1308.416
233.274	566.841	1397.388	273.733	574.001	1217.396	154.736	524.749	1341.336	252.796	235.620	1402.632	287.957	215.847	1244.477	181.223	263.135	1336.204	349.061	461.601	1374.995	356.341	405.039	1402.977	362.350	349.870	1374.232	286.806	577.135	1093.725	211.793	591.614	1104.844	203.653	593.610	980.493	269.437	579.480	970.635	220.501	570.323	800.836	214.803	436.234	783.453	308.184	567.999	678.184	236.929	579.184	673.416	253.388	576.373	564.288	312.993	564.782	571.254	348.915	502.965	396.681	314.333	555.195	389.409	263.661	471.722	380.265	210.664	591.357	231.157	186.416	500.325	233.369	324.343	234.807	1078.277	253.576	208.024	1082.149	248.623	210.140	959.204	306.644	231.248	952.696	298.091	243.744	804.672	247.241	360.045	763.484	365.737	258.021	658.504	287.041	255.198	655.557	302.332	262.262	548.187	362.830	267.569	550.074	411.192	338.446	395.355	365.841	286.013	383.697	310.342	371.306	388.176	271.946	269.567	227.779	233.236	338.856	242.461	332.442	418.375	1537.309	279.067	418.999	1865.013	328.324	511.125	1709.802	323.079	333.583	1705.237	165.752	411.473	2106.611	32.592	401.521	2028.987	139.712	315.307	1999.044	128.280	510.485	2020.282	172.121	594.495	1867.498	156.469	687.548	1681.422	247.534	744.277	1758.789	227.540	763.852	1657.709	241.909	792.382	1594.606	326.849	722.506	1586.597	202.422	681.929	1517.314	244.117	799.353	1474.777	222.666	711.605	1422.946	266.722	615.393	1387.366	208.871	675.850	1348.473	193.423	615.907	1352.297	161.059	260.632	1878.810	130.341	185.192	1680.058	184.414	82.294	1741.025	171.011	97.106	1640.443	191.531	44.205	1566.819	292.545	91.205	1580.505	245.449	158.036	1522.324	163.995	75.501	1482.050	226.179	132.650	1423.963	272.874	187.223	1352.693	247.388	117.904	1297.996	222.102	167.568	1313.124
235.147	566.175	1401.622	273.968	573.338	1221.884	155.101	525.368	1346.331	253.432	235.458	1406.970	287.749	215.502	1248.569	181.339	262.494	1341.159	349.519	460.790	1378.322	356.518	404.315	1405.802	362.619	349.502	1377.684	286.246	576.669	1098.189	211.383	591.444	1109.522	202.908	593.613	985.146	268.591	578.864	975.315	219.141	570.508	805.588	213.160	436.541	787.890	307.294	568.376	683.321	235.998	579.506	678.182	252.983	576.573	569.341	312.165	565.158	576.893	349.740	503.630	401.878	315.162	555.921	394.700	264.522	472.382	384.979	212.050	592.807	236.400	187.993	501.727	237.792	323.493	234.087	1082.618	252.357	208.160	1086.387	247.832	210.527	963.420	305.651	231.653	956.615	297.899	244.417	809.182	248.368	361.675	768.395	365.852	258.285	663.264	286.993	256.502	660.125	303.148	263.784	552.421	363.271	268.220	554.856	412.748	339.142	400.487	366.831	287.294	388.471	312.279	373.111	393.263	273.166	272.692	232.300	235.282	342.345	247.213	333.041	418.529	1541.794	279.664	419.737	1869.943	328.733	511.854	1714.724	323.950	334.596	1710.390	164.419	411.722	2111.233	31.069	401.885	2032.752	139.396	315.561	2003.253	127.205	511.049	2024.526	172.050	594.995	1871.775	156.562	687.350	1685.416	246.792	744.894	1763.025	227.324	764.036	1661.865	241.855	792.407	1598.635	327.136	722.992	1591.207	203.175	681.735	1521.535	244.596	799.267	1479.063	223.555	711.205	1427.138	268.034	614.917	1392.101	210.263	675.335	1352.770	194.747	615.621	1356.886	161.647	261.091	1883.539	130.870	185.466	1684.818	184.955	82.662	1746.041	171.511	97.284	1645.344	191.931	44.296	1571.924	292.878	91.294	1585.373	245.867	157.952	1526.989	164.383	75.384	1487.039	226.512	132.401	1428.795	273.210	186.885	1357.332	247.686	117.380	1302.790	222.383	167.052	1317.813
236.548	565.715	1405.858	274.064	572.754	1226.203	155.398	525.911	1351.193	254.132	235.130	1411.285	287.546	215.183	1252.772	181.303	261.870	1345.964	349.899	459.962	1381.623	356.778	403.689	1408.654	362.817	349.169	1380.986	285.854	576.180	1102.551	210.992	591.285	1113.991	202.289	593.556	989.838	267.899	578.555	979.721	217.903	570.739	810.327	211.527	436.846	792.238	306.392	568.824	688.421	235.108	579.780	682.861	252.604	577.009	574.101	312.406	565.723	583.123	350.384	504.200	406.951	315.963	556.616	399.865	265.262	473.154	389.591	213.342	594.395	241.596	189.267	503.358	242.268	322.651	233.562	1086.779	251.120	208.507	1090.381	246.928	211.128	967.423	304.818	231.664	960.847	297.623	245.069	813.582	249.518	363.353	773.222	365.824	258.498	667.981	286.965	257.815	664.599	303.331	265.093	556.939	363.903	269.075	559.521	414.216	339.772	405.449	367.662	288.594	393.156	314.119	374.898	398.219	274.225	275.687	236.717	236.985	345.662	252.072	333.521	418.679	1546.261	280.191	420.402	1874.672	329.140	512.619	1719.698	324.662	335.654	1715.440	163.126	411.962	2115.703	30.458	402.092	2035.830	139.074	315.812	2007.461	126.659	511.337	2028.685	171.999	595.503	1876.025	156.660	687.095	1689.312	245.999	745.518	1767.220	227.056	764.175	1665.840	241.683	792.542	1602.717	327.391	723.528	1595.791	203.873	681.561	1525.678	245.097	799.113	1483.078	224.203	710.928	1431.529	269.333	614.462	1396.633	211.580	674.834	1357.003	196.073	615.415	1361.450	162.262	261.512	1888.150	131.445	185.765	1689.642	185.579	83.027	1750.958	172.031	97.520	1650.316	192.376	44.360	1576.834	293.336	91.323	1590.242	246.344	157.979	1531.827	164.832	75.290	1491.980	226.897	132.148	1433.562	273.367	186.527	1361.939	248.023	116.876	1307.495	222.700	166.555	1322.485
237.971	565.135	1409.937	274.168	572.224	1230.518	155.763	526.425	1355.823	254.638	234.864	1415.491	287.351	214.920	1256.872	181.364	261.254	1350.672	348.291	458.847	1383.574	356.955	403.100	1411.541	363.000	348.875	1384.401	285.520	575.699	1106.854	210.786	591.139	1118.604	201.759	593.513	994.466	267.226	578.534	983.963	216.793	571.000	814.953	210.174	437.203	796.427	305.554	569.351	693.378	234.203	580.080	687.522	252.321	577.355	578.653	312.124	566.450	588.311	350.960	504.815	411.778	316.638	557.344	404.917	265.788	473.982	394.146	214.440	596.156	246.622	190.195	505.209	246.711	321.858	232.632	1090.915	249.349	207.971	1094.551	245.954	211.713	971.500	304.098	231.632	964.990	297.455	245.626	817.925	250.872	364.968	778.214	365.960	258.888	672.531	286.893	259.084	669.087	303.493	266.397	561.475	364.199	269.670	564.060	415.470	340.516	410.387	368.574	289.911	397.899	315.726	376.569	403.115	275.125	278.546	241.223	238.573	348.713	256.788	333.836	418.757	1550.716	280.739	421.129	1879.413	328.879	512.774	1723.767	325.433	336.649	1720.424	161.648	412.250	2120.045	29.834	402.288	2039.090	138.827	316.052	2011.643	126.042	511.571	2032.686	171.961	596.004	1880.200	158.086	686.827	1692.380	245.231	746.116	1771.295	226.793	764.297	1669.754	241.722	792.578	1606.583	327.705	724.001	1600.330	204.630	681.424	1529.797	245.751	798.983	1487.145	225.164	710.602	1435.606	270.708	614.071	1401.131	212.988	674.417	1361.020	197.383	615.260	1366.017	162.932	261.909	1892.763	132.030	186.092	1694.458	186.048	83.334	1755.750	172.535	97.774	1655.078	192.784	44.473	1581.803	293.637	91.306	1595.041	246.757	157.905	1536.453	165.220	75.208	1496.898	227.291	131.920	1438.252	273.669	186.183	1366.482	248.358	116.364	1312.138	223.000	166.085	1327.147
239.071	564.665	1413.861	274.153	571.724	1234.660	155.998	526.882	1360.340	255.011	234.650	1419.706	287.271	214.652	1261.136	181.220	260.588	1355.506	348.265	458.063	1386.530	357.097	402.558	1414.508	362.571	348.755	1387.290	285.251	575.175	1111.137	210.606	591.022	1123.079	201.422	593.706	998.936	266.826	578.044	988.467	215.810	571.275	819.526	208.820	437.576	800.651	304.811	569.931	698.235	233.359	580.495	692.018	252.002	577.849	583.342	310.098	566.867	593.014	351.325	505.337	416.541	317.187	558.046	409.816	266.176	474.839	398.601	215.346	597.995	251.880	190.897	507.113	251.162	321.154	231.977	1095.043	248.309	208.001	1098.553	245.171	212.329	975.497	303.445	231.597	969.113	297.310	246.195	822.273	251.980	366.308	783.080	365.744	259.042	676.934	286.809	260.345	673.392	303.568	267.695	565.985	364.271	270.085	568.558	416.666	341.292	415.097	369.214	291.137	402.557	317.306	378.286	408.066	275.828	281.132	245.722	239.930	351.663	261.557	334.295	418.922	1555.208	281.240	421.775	1883.945	329.353	513.423	1728.613	326.197	337.617	1725.409	160.283	412.547	2124.508	29.302	402.474	2042.107	138.564	316.326	2015.713	125.148	511.961	2036.604	171.946	596.531	1884.352	158.253	686.485	1695.994	244.327	746.816	1775.373	226.523	764.400	1673.704	241.727	792.656	1610.487	327.974	724.548	1604.664	205.406	681.305	1533.938	246.224	798.845	1490.891	226.037	710.370	1439.768	274.608	613.625	1405.777	214.269	674.021	1365.099	198.633	615.180	1370.464	163.613	262.301	1897.230	132.466	186.407	1699.194	186.569	83.703	1760.659	173.003	98.064	1659.895	193.179	44.549	1586.633	294.157	91.358	1599.818	247.265	157.811	1541.080	165.635	75.145	1501.781	227.669	131.702	1442.965	273.881	185.890	1371.039	248.717	115.913	1316.829	223.352	165.656	1331.891
239.850	564.192	1417.833	274.257	571.359	1238.592	156.190	527.274	1364.805	255.318	234.407	1423.808	287.224	214.399	1265.480	181.138	259.984	1360.122	348.341	457.305	1389.715	357.211	402.073	1417.575	362.684	348.528	1390.648	285.040	574.653	1115.440	210.548	590.907	1127.519	201.129	593.778	1003.262	266.466	577.786	992.633	215.054	571.595	824.030	207.669	437.988	804.826	304.254	570.480	702.949	232.649	580.939	696.574	251.687	578.537	588.108	311.275	567.772	598.114	351.637	505.777	421.076	317.717	558.702	414.651	266.362	475.675	402.972	216.037	600.012	256.970	191.290	509.160	255.683	320.452	231.314	1099.097	247.424	208.038	1102.589	244.516	212.813	979.428	302.834	231.604	973.231	297.248	246.749	826.498	253.153	367.723	788.004	365.716	259.299	681.295	286.815	261.547	677.693	303.623	269.537	570.497	364.706	270.907	572.957	417.619	342.155	419.856	369.816	292.454	407.099	318.450	379.788	412.822	276.422	283.670	250.130	241.014	354.288	266.277	334.519	419.095	1559.623	281.768	422.490	1888.481	329.798	514.036	1733.368	327.004	338.631	1730.314	158.779	412.896	2128.767	28.722	402.642	2044.971	138.347	316.591	2019.790	124.542	512.235	2040.392	171.955	597.044	1888.345	158.472	686.067	1699.500	243.421	747.471	1779.261	226.261	763.653	1676.721	241.852	792.699	1614.330	328.352	725.056	1609.066	206.125	681.286	1537.874	246.775	798.721	1494.680	226.898	710.133	1443.842	275.862	613.273	1410.089	215.635	673.712	1369.146	199.966	615.114	1374.892	164.390	262.692	1901.840	132.997	186.767	1703.828	187.031	84.027	1765.280	173.493	98.316	1664.584	193.594	44.625	1591.446	294.547	91.440	1604.487	247.801	157.798	1545.741	166.021	75.104	1506.648	228.084	131.548	1447.632	274.221	185.588	1375.477	249.111	115.442	1321.465	223.649	165.187	1336.438
240.459	563.776	1421.660	274.121	570.977	1242.455	156.338	527.676	1369.106	255.612	234.112	1428.009	287.256	214.183	1269.828	181.039	259.379	1364.784	348.425	456.675	1392.877	357.228	401.598	1420.730	363.741	347.527	1395.109	284.942	574.090	1119.619	210.556	590.788	1131.884	200.980	593.934	1007.570	266.258	577.599	996.991	214.408	571.941	828.432	206.657	438.419	809.017	303.774	571.045	707.600	232.039	581.323	701.010	252.141	579.580	592.412	311.072	568.507	602.870	351.879	506.246	425.414	318.110	559.368	419.344	266.361	476.597	407.230	216.581	602.114	262.194	191.351	511.362	260.289	319.735	230.927	1103.249	246.714	207.851	1106.766	243.853	213.225	983.489	302.355	231.605	977.307	297.109	247.477	830.607	254.356	368.969	792.597	365.895	259.706	685.614	286.903	262.658	682.010	303.750	270.820	574.884	364.678	271.416	577.329	418.447	343.196	424.188	370.406	293.739	411.548	319.674	381.366	417.653	276.897	285.919	254.687	241.916	356.686	271.031	334.644	419.176	1564.019	282.327	423.085	1892.823	330.263	514.657	1738.092	327.759	339.635	1735.336	157.301	413.228	2132.933	28.162	402.794	2047.763	138.123	316.842	2023.742	123.812	512.518	2044.157	171.976	597.598	1892.269	158.710	685.621	1703.056	242.468	748.159	1783.135	226.027	763.694	1680.384	241.878	792.850	1618.165	328.682	725.628	1613.369	206.899	681.204	1541.793	247.303	798.674	1498.460	227.811	709.900	1447.751	276.949	612.981	1414.287	216.849	673.440	1373.154	201.176	615.058	1379.273	165.195	263.063	1906.270	133.523	187.058	1708.386	187.538	84.375	1769.997	173.977	98.607	1669.273	193.995	44.688	1596.380	294.986	91.473	1609.171	248.264	157.683	1550.245	166.425	75.006	1511.446	228.456	131.340	1452.219	274.458	185.252	1379.961	249.454	115.002	1326.102	223.968	164.755	1340.986
240.890	563.375	1425.400	273.987	570.665	1246.233	156.571	528.033	1373.385	255.804	233.911	1432.157	287.232	214.160	1274.032	180.978	258.918	1369.307	348.564	456.103	1396.173	357.236	401.170	1424.007	363.885	347.211	1398.688	284.877	573.557	1123.837	210.580	590.695	1136.143	200.711	594.274	1011.747	266.123	577.428	1001.283	213.844	572.297	832.804	205.615	438.824	812.940	303.361	571.539	712.112	231.595	581.782	705.418	251.992	580.119	596.762	310.839	569.253	607.404	351.894	506.623	429.661	318.421	560.039	424.055	266.229	477.532	411.408	216.845	604.280	267.318	190.929	513.703	264.871	319.351	230.327	1107.370	246.000	208.097	1110.587	243.385	213.608	987.507	301.966	231.546	981.410	297.242	248.026	834.776	255.425	370.144	797.324	365.697	259.881	689.737	287.052	263.763	686.324	303.964	272.099	579.185	365.089	272.254	581.627	419.251	344.179	428.623	370.853	295.027	415.867	320.502	382.743	422.217	277.262	288.039	259.089	242.584	358.907	275.671	334.804	419.253	1568.340	282.857	423.734	1897.259	330.692	515.238	1742.790	328.487	340.435	1739.924	155.706	413.603	2137.055	27.653	402.923	2050.466	138.012	317.111	2027.755	123.113	512.797	2047.768	172.058	598.163	1896.152	159.049	685.192	1706.438	241.481	748.846	1786.928	225.832	763.770	1683.976	242.104	792.619	1621.610	329.094	726.165	1617.596	207.622	681.166	1545.712	247.790	798.723	1502.436	228.663	709.733	1451.707	278.068	612.770	1418.525	217.986	673.258	1377.056	202.326	615.032	1383.551	165.982	263.409	1910.627	134.031	187.314	1712.904	188.022	84.679	1774.525	174.458	98.848	1673.825	194.391	44.782	1601.075	295.437	91.367	1613.753	248.835	157.595	1554.770	166.849	74.920	1516.184	228.862	131.155	1456.799	274.758	184.971	1384.335	249.816	114.601	1330.623	224.259	164.307	1345.465
241.018	563.032	1429.150	273.797	570.522	1250.028	156.731	528.320	1377.538	255.911	233.698	1436.292	287.253	214.022	1278.348	181.046	258.588	1373.845	348.685	455.589	1399.597	357.212	400.818	1427.303	363.965	346.968	1402.248	284.903	573.017	1128.006	210.705	590.492	1140.198	200.535	594.400	1015.714	266.077	577.198	1005.420	213.450	572.645	837.175	204.822	439.296	816.824	303.057	571.974	716.472	231.413	582.393	709.896	251.752	580.787	601.172	310.669	569.960	611.908	351.823	506.996	433.698	318.635	560.678	428.492	265.921	478.477	415.577	216.869	606.538	272.559	190.495	516.118	269.380	319.012	229.851	1111.532	245.446	208.114	1114.621	242.908	213.834	991.617	301.622	231.442	985.597	297.465	248.577	838.867	256.379	371.150	801.847	366.059	260.415	694.092	287.191	264.792	690.547	304.253	273.318	583.389	365.363	272.990	585.856	419.894	345.267	432.935	371.345	296.331	420.043	321.159	384.070	426.786	277.645	289.996	263.367	242.948	360.816	280.347	334.935	419.373	1572.724	283.330	424.329	1901.395	331.130	515.773	1747.362	329.091	341.176	1744.509	154.167	414.001	2141.186	27.168	403.038	2053.013	137.803	317.430	2031.540	122.475	513.016	2051.393	172.145	598.713	1899.979	159.339	684.853	1709.821	240.609	749.468	1790.646	225.657	763.819	1687.488	242.225	792.718	1625.237	329.554	726.705	1621.795	208.394	681.144	1549.660	248.361	798.718	1506.169	229.532	709.566	1455.510	278.641	612.831	1422.615	219.132	673.098	1380.931	203.433	614.984	1387.779	167.009	263.731	1914.824	134.515	187.608	1717.398	188.567	84.998	1779.217	174.950	99.104	1678.369	194.822	44.814	1605.717	295.921	91.406	1618.324	249.307	157.552	1559.263	167.346	74.837	1520.732	229.233	130.986	1461.270	274.990	184.702	1388.735	250.134	114.249	1335.115	224.564	163.989	1350.000
241.020	562.721	1432.781	273.584	570.313	1253.689	156.919	528.584	1381.586	255.895	233.384	1440.425	287.375	213.967	1282.800	181.059	258.234	1378.218	348.794	455.150	1402.927	357.257	400.539	1430.801	363.972	346.840	1405.856	284.944	572.504	1132.152	210.865	590.422	1144.441	200.694	594.640	1019.968	266.088	577.029	1009.545	213.190	573.016	841.462	204.070	439.766	820.778	302.779	572.451	720.733	231.107	582.790	714.224	251.652	581.464	605.403	310.573	570.647	616.344	351.518	507.314	437.575	318.667	561.180	432.755	265.427	479.458	419.576	216.666	608.867	277.672	189.677	518.701	273.995	318.737	229.474	1115.772	245.076	208.078	1118.765	242.627	214.050	995.597	301.447	231.330	989.740	297.690	249.061	842.830	257.272	371.971	806.463	366.180	260.812	698.332	287.469	265.738	694.666	304.466	274.329	587.645	365.611	273.643	590.097	420.454	346.485	437.148	371.790	297.581	424.243	321.770	385.380	431.276	277.844	291.798	267.621	243.246	362.529	284.952	335.076	419.536	1577.009	283.847	424.971	1905.621	331.547	516.277	1751.944	329.763	341.986	1749.087	152.609	414.385	2145.148	26.627	403.132	2055.696	137.741	317.654	2035.416	121.859	513.298	2054.955	172.182	599.276	1903.652	159.650	684.488	1713.075	239.802	750.113	1794.371	225.572	763.908	1690.994	242.359	792.946	1628.820	329.974	727.221	1625.809	209.088	681.167	1553.506	248.866	798.677	1509.707	230.360	709.440	1459.367	279.539	612.723	1426.595	220.046	672.953	1384.899	204.398	614.946	1392.101	167.817	264.023	1918.980	135.066	187.823	1721.792	189.053	85.315	1783.641	175.403	99.297	1682.870	195.269	44.857	1610.268	296.334	91.388	1622.783	249.768	157.417	1563.600	167.738	74.761	1525.355	229.599	130.826	1465.745	275.293	184.500	1393.029	250.418	113.928	1339.532	224.842	163.657	1354.425
240.817	562.448	1436.420	273.525	570.215	1257.442	157.027	528.722	1385.588	255.754	233.164	1444.568	287.461	213.863	1287.076	180.863	257.857	1382.623	348.936	454.766	1406.438	357.177	400.255	1434.277	363.981	346.699	1409.492	284.997	572.032	1136.250	211.068	590.396	1148.618	200.902	594.887	1024.262	266.225	576.851	1013.723	213.139	573.391	845.619	203.424	440.264	824.672	302.454	572.839	724.977	230.960	583.311	718.517	251.516	582.129	609.673	310.467	571.307	620.700	350.955	507.505	441.374	318.723	561.796	437.147	264.870	480.464	423.577	216.312	611.257	282.819	188.723	521.294	278.469	318.614	229.187	1119.858	244.788	208.041	1122.688	242.555	214.185	999.723	301.383	231.245	993.844	298.010	249.487	846.813	258.145	372.756	810.913	366.561	261.327	702.509	287.748	266.578	698.771	304.903	275.332	591.838	365.835	274.246	594.177	420.930	347.719	441.210	372.275	298.833	428.219	322.059	386.476	435.625	277.952	293.324	271.875	243.187	363.975	289.534	334.994	419.647	1581.185	284.350	425.554	1909.720	331.976	516.785	1756.404	330.415	342.840	1753.803	151.012	414.840	2148.982	26.160	403.225	2058.156	137.576	317.937	2039.164	121.166	513.583	2058.417	172.259	599.837	1907.244	159.993	684.221	1716.364	238.981	750.801	1797.987	225.485	764.009	1694.369	242.668	793.149	1632.389	330.399	727.780	1629.707	209.822	681.221	1557.277	249.300	798.808	1513.466	231.055	709.383	1463.085	280.399	612.647	1430.581	220.979	672.871	1388.723	205.384	614.942	1396.202	168.605	264.295	1923.165	135.545	188.021	1726.155	189.562	85.590	1788.090	175.915	99.470	1687.251	195.749	45.005	1614.784	296.860	91.470	1627.228	250.283	157.344	1567.963	168.150	74.687	1529.861	230.007	130.672	1470.049	275.607	184.261	1397.280	250.692	113.586	1343.872	225.101	163.328	1358.730
240.430	562.235	1440.005	273.328	570.082	1261.094	157.071	528.780	1389.465	255.616	232.963	1448.728	287.549	213.812	1291.335	180.807	257.612	1386.889	349.043	454.434	1409.903	357.234	400.076	1437.883	364.088	346.513	1413.291	285.107	571.670	1140.387	211.110	590.447	1152.628	201.406	595.232	1028.549	266.361	576.655	1017.743	213.117	573.731	849.829	202.787	440.752	828.483	301.576	573.250	729.295	230.905	583.723	722.844	251.477	583.034	614.067	310.258	572.088	624.585	349.832	507.651	445.075	318.587	562.395	441.284	264.124	481.491	427.348	215.739	613.725	288.021	187.386	523.971	283.022	318.471	228.814	1123.982	244.637	207.993	1126.722	242.567	214.244	1003.708	301.411	231.111	997.902	298.441	249.896	850.828	258.845	373.384	815.315	367.000	261.910	706.617	288.217	267.301	702.965	305.284	276.241	595.902	366.398	275.211	598.318	421.288	349.024	445.032	372.786	300.020	432.383	322.331	387.568	439.922	277.990	294.771	276.126	243.005	365.213	294.015	335.021	419.748	1585.350	284.827	426.106	1913.703	332.371	517.286	1760.849	330.951	343.477	1758.074	149.454	415.280	2152.887	25.725	403.243	2060.653	137.507	318.192	2042.911	120.420	513.831	2061.624	172.405	600.435	1910.812	160.375	683.993	1719.618	238.332	751.380	1801.412	225.476	764.127	1697.789	242.883	793.407	1635.995	330.915	728.295	1633.680	210.499	681.310	1561.052	249.798	798.839	1516.827	232.217	709.311	1466.694	281.148	612.612	1434.413	221.855	672.865	1392.639	206.169	614.918	1400.305	169.385	264.535	1927.232	136.076	188.239	1730.340	190.090	85.844	1792.442	176.425	99.635	1691.660	196.158	45.027	1619.181	297.375	91.509	1631.592	250.714	157.355	1572.299	168.597	74.558	1534.235	230.344	130.532	1474.400	275.751	184.067	1401.505	250.912	113.328	1348.205	225.342	163.028	1363.052
239.902	562.038	1443.533	273.200	570.030	1264.734	157.024	528.758	1393.214	255.355	232.782	1452.864	287.634	213.710	1295.581	180.811	257.362	1391.150	349.220	454.203	1413.531	357.214	399.940	1441.526	364.017	346.393	1417.006	285.242	571.344	1144.383	211.366	590.471	1156.746	201.639	595.448	1032.599	266.562	576.547	1021.845	213.321	574.122	853.972	202.305	441.233	832.283	301.606	573.594	733.431	230.942	584.323	726.983	251.448	583.752	618.228	310.385	572.470	628.955	349.245	507.878	448.377	318.394	562.964	445.346	263.282	482.584	431.122	214.959	616.176	293.248	185.814	526.745	287.723	318.413	228.413	1128.025	244.585	207.840	1130.775	242.523	214.571	1007.706	301.696	230.711	1002.158	298.949	250.211	854.838	259.439	373.845	819.499	367.583	262.593	710.596	288.817	267.918	707.131	305.732	277.028	599.985	366.995	276.088	602.405	421.652	350.320	449.062	373.272	301.224	436.240	322.482	388.602	444.193	277.932	296.033	280.229	242.704	366.274	298.550	335.175	419.883	1589.520	285.260	426.643	1917.664	332.759	517.769	1765.157	331.466	344.092	1762.379	147.760	415.632	2156.564	25.337	403.296	2063.073	137.417	318.446	2046.605	119.643	514.096	2064.862	172.543	601.031	1914.281	160.792	683.799	1722.750	237.754	751.970	1804.787	225.532	764.342	1701.105	243.204	793.621	1639.416	331.461	728.772	1637.473	211.173	681.434	1564.750	250.280	798.952	1520.309	232.888	709.321	1470.305	281.963	612.577	1438.436	222.537	672.855	1396.489	206.896	614.988	1404.329	170.173	264.736	1931.196	136.626	188.367	1734.491	190.624	86.089	1796.677	176.938	99.702	1695.905	196.709	45.002	1623.536	297.882	91.492	1635.894	251.111	157.285	1576.498	169.037	74.420	1538.599	230.690	130.383	1478.652	276.079	183.884	1405.571	251.158	113.047	1352.430	225.554	162.863	1367.381
239.240	561.871	1447.079	273.033	570.048	1268.414	156.922	528.638	1396.881	254.997	232.587	1457.057	287.741	213.588	1299.732	180.848	257.167	1395.304	349.297	454.067	1417.210	357.135	399.778	1445.362	363.903	346.256	1420.946	285.375	571.066	1148.492	211.658	590.505	1160.766	202.076	595.701	1036.637	266.830	576.432	1025.910	213.608	574.505	858.134	201.805	441.723	836.161	301.696	573.847	737.516	231.016	584.872	731.057	251.509	584.519	622.402	310.354	572.961	633.002	348.584	508.145	451.629	318.088	563.526	449.249	262.372	483.622	434.869	214.034	618.711	298.415	184.197	529.598	292.239	318.472	228.159	1132.129	244.598	207.698	1134.659	242.992	214.310	1011.622	301.883	230.948	1006.137	299.579	250.530	858.805	259.865	374.179	823.689	368.167	263.284	714.441	289.434	268.393	711.152	306.269	277.773	604.033	367.507	276.977	606.413	421.911	351.727	452.611	373.670	302.397	440.027	322.482	389.479	448.358	277.783	297.083	284.301	242.323	367.091	303.025	335.151	419.980	1593.529	285.677	427.201	1921.472	333.115	518.204	1769.327	332.045	344.729	1766.566	146.254	416.087	2160.165	24.919	403.342	2065.613	137.379	318.666	2050.343	119.008	514.362	2068.125	172.646	601.614	1917.609	161.227	683.684	1725.845	237.405	752.496	1808.154	225.641	764.536	1704.355	243.442	793.921	1642.793	331.915	729.285	1641.068	211.792	681.601	1568.345	250.682	799.181	1523.732	233.466	709.357	1473.904	282.635	612.595	1442.208	223.160	672.925	1400.230	207.459	614.975	1408.275	170.967	264.965	1935.123	137.097	188.503	1738.638	191.194	86.289	1800.910	177.473	99.786	1700.098	197.108	44.960	1627.665	298.280	91.432	1639.851	251.515	157.204	1580.612	169.462	74.311	1542.880	231.009	130.229	1482.878	276.246	183.715	1409.679	251.327	112.832	1356.607	225.744	162.624	1371.554
238.487	561.761	1450.548	272.802	569.917	1271.878	156.747	528.361	1400.532	254.744	232.309	1461.229	287.756	213.481	1303.820	180.859	257.012	1399.432	349.336	454.030	1420.917	357.080	399.707	1449.195	363.876	346.105	1425.040	285.611	570.835	1152.469	212.152	590.314	1164.655	201.765	595.546	1039.981	267.154	576.430	1029.862	213.965	574.888	862.180	201.450	442.223	840.017	301.863	574.069	741.445	231.317	585.482	735.255	251.525	585.139	626.582	310.397	573.383	637.052	347.904	508.438	454.731	317.559	564.033	452.994	261.288	484.692	438.503	212.905	621.195	303.625	182.321	532.397	296.756	318.561	227.935	1136.219	244.635	207.545	1138.520	243.297	214.281	1015.514	302.284	230.902	1010.189	300.244	250.891	862.803	260.273	374.533	827.715	368.819	264.025	718.308	290.116	268.802	715.101	306.891	278.422	608.005	368.036	277.840	610.240	422.105	353.077	456.251	374.061	303.566	443.739	322.443	390.340	452.440	277.522	298.013	288.457	241.705	367.747	307.549	335.250	420.051	1597.489	286.046	427.696	1925.211	333.449	518.623	1773.468	332.381	345.218	1770.610	144.839	416.544	2163.787	24.605	403.342	2067.920	137.280	318.893	2053.875	118.467	514.578	2071.254	172.839	602.176	1920.952	161.634	683.674	1729.008	237.102	753.016	1811.497	225.802	764.758	1707.580	243.826	794.274	1646.135	332.468	729.776	1644.713	212.331	681.832	1571.912	251.111	799.445	1527.362	233.976	709.425	1477.434	283.241	612.603	1445.751	223.637	672.956	1403.978	207.933	615.037	1411.980	171.711	265.189	1938.962	137.688	188.571	1742.720	191.819	86.488	1805.059	177.991	99.851	1704.271	197.634	44.924	1632.009	298.811	91.657	1644.263	251.974	157.158	1584.716	169.849	74.169	1547.156	231.368	130.124	1486.970	276.422	183.555	1413.758	251.502	112.610	1360.751	225.904	162.402	1375.704
237.610	561.684	1454.057	272.548	569.952	1275.556	156.569	528.031	1404.145	254.446	232.138	1465.394	287.852	213.391	1307.843	180.831	256.856	1403.551	349.313	454.006	1424.701	356.991	399.624	1453.141	363.786	346.022	1429.010	285.797	570.594	1156.419	212.416	590.377	1168.531	202.416	595.926	1044.054	267.528	576.437	1033.891	214.417	575.262	866.261	201.133	442.690	843.742	302.069	574.232	745.316	231.673	586.141	739.461	251.661	585.991	630.522	310.352	573.802	640.815	347.128	508.776	457.688	317.161	564.673	456.779	260.211	485.773	442.041	211.534	623.707	308.811	180.348	535.209	301.475	318.807	227.743	1140.168	244.820	207.367	1142.402	243.701	214.187	1019.307	302.719	230.820	1014.150	301.024	251.198	866.735	260.613	374.710	831.809	369.621	264.784	722.038	290.882	269.126	718.961	307.548	278.994	611.824	368.679	278.792	614.021	422.277	354.411	459.783	374.432	304.610	447.434	322.293	391.075	456.565	277.236	298.818	292.539	241.027	368.234	311.994	335.238	420.135	1601.294	286.449	428.249	1928.964	333.821	519.022	1777.421	332.762	345.715	1774.453	143.663	416.968	2167.367	24.189	403.360	2070.349	137.203	319.138	2057.432	117.735	514.846	2074.420	172.924	602.870	1924.374	162.056	683.794	1732.120	236.976	753.489	1814.669	226.034	764.992	1710.732	244.222	794.624	1649.490	332.884	730.243	1648.143	212.873	682.090	1575.497	251.514	799.679	1530.738	234.452	709.577	1480.991	283.774	612.733	1449.474	224.092	673.066	1407.611	208.350	615.118	1415.684	172.391	265.403	1942.718	138.069	188.605	1746.751	192.471	86.683	1809.129	178.540	99.922	1708.297	198.129	44.879	1636.099	299.241	91.564	1648.125	252.337	157.166	1588.832	170.315	74.028	1551.267	231.641	130.020	1491.196	276.672	183.421	1417.733	251.620	112.447	1364.844	226.066	162.234	1379.753
236.775	561.644	1457.472	272.457	569.870	1279.076	156.279	527.545	1407.631	254.144	231.985	1469.523	287.976	213.251	1311.890	180.867	256.760	1407.540	349.281	454.126	1428.486	356.947	399.645	1457.122	363.647	345.867	1433.102	286.015	570.429	1160.367	212.726	590.436	1172.413	202.912	596.231	1048.034	267.900	576.469	1037.759	214.912	575.704	870.198	200.816	443.148	847.487	302.343	574.346	749.110	232.466	586.566	743.431	251.671	586.706	634.408	310.290	574.113	644.509	346.315	509.101	460.462	316.642	565.221	460.426	259.062	486.857	445.619	210.108	626.205	314.027	177.774	537.930	306.469	319.046	227.547	1144.031	245.145	207.174	1146.098	244.193	214.121	1023.041	303.211	230.781	1017.981	301.812	251.416	870.400	260.909	374.837	835.684	370.527	265.639	725.851	291.675	269.390	722.653	308.152	279.495	615.667	369.066	279.523	617.788	422.391	355.719	463.037	374.794	305.637	451.050	322.153	391.792	460.429	276.895	299.457	296.607	240.290	368.583	316.388	335.196	420.240	1605.052	286.727	428.702	1932.585	334.134	519.413	1781.239	333.083	346.118	1778.263	142.478	417.409	2171.034	23.929	403.374	2072.722	137.164	319.332	2060.910	117.038	515.095	2077.364	173.141	603.429	1927.507	162.502	683.932	1735.065	237.005	753.948	1817.815	226.336	765.330	1713.908	244.632	795.010	1652.744	333.464	730.669	1651.576	213.374	682.339	1578.927	251.855	799.849	1533.845	234.847	709.706	1484.404	284.239	612.864	1453.045	224.473	673.196	1411.251	208.667	615.246	1419.353	173.092	265.560	1946.395	138.442	188.536	1750.677	193.146	86.883	1813.191	179.072	99.943	1712.238	198.669	44.803	1640.163	299.743	91.667	1652.163	252.699	157.070	1592.650	170.678	73.879	1555.380	231.967	129.920	1495.176	276.777	183.280	1421.610	251.689	112.305	1368.737	226.162	162.096	1383.778
235.839	561.560	1460.943	272.193	569.404	1282.868	155.981	526.979	1411.054	253.701	231.858	1473.597	288.039	213.221	1315.644	180.960	256.707	1411.355	349.238	454.218	1432.340	356.861	399.673	1461.348	365.181	346.061	1437.937	286.353	570.319	1164.261	213.045	590.463	1176.249	203.417	596.527	1051.848	268.321	576.587	1041.707	215.405	576.108	874.149	200.611	443.610	851.330	302.668	574.399	752.818	232.877	587.134	747.457	251.635	587.323	638.284	309.750	574.527	647.273	345.384	509.456	463.075	315.970	565.812	463.977	257.855	487.928	448.992	208.477	628.640	319.156	175.332	540.701	311.250	319.258	227.423	1147.798	245.416	206.982	1149.791	244.703	214.009	1026.730	303.705	230.819	1021.744	302.615	251.599	874.153	261.128	374.896	839.644	371.442	266.559	729.560	292.538	269.571	726.394	308.822	279.951	619.340	369.974	280.665	621.551	422.546	356.990	466.434	375.150	306.620	454.554	321.938	392.441	464.263	276.487	299.942	300.564	239.509	368.757	320.744	335.287	420.324	1608.676	287.095	429.193	1936.091	334.380	519.696	1784.998	334.355	346.756	1782.225	141.280	417.843	2174.463	23.605	403.365	2075.235	137.089	319.548	2064.313	116.422	515.334	2080.359	173.372	604.040	1930.693	162.815	684.255	1738.144	237.176	754.320	1821.003	226.673	765.661	1716.935	245.075	795.406	1655.920	333.894	731.096	1654.822	213.783	682.666	1582.405	252.245	800.089	1537.090	235.175	709.861	1487.816	285.196	612.646	1456.533	224.802	673.301	1414.708	208.820	615.364	1422.905	173.652	265.793	1950.004	138.883	188.458	1754.554	193.847	87.021	1816.998	179.629	99.924	1716.196	199.094	44.700	1644.197	300.167	91.603	1655.974	252.993	157.024	1596.483	171.098	73.738	1559.386	232.199	129.780	1499.084	277.002	183.172	1425.512	251.772	112.182	1372.702	226.299	162.009	1387.829
234.899	561.517	1464.317	272.162	569.382	1286.664	155.660	526.346	1414.472	253.247	231.699	1477.635	288.196	213.119	1319.578	180.828	256.580	1415.082	349.167	454.464	1436.189	356.912	399.819	1465.551	365.190	346.082	1442.289	286.639	570.231	1168.127	213.385	590.499	1180.024	203.866	596.826	1055.696	268.789	576.731	1045.468	215.930	576.472	877.960	200.534	444.076	855.139	302.942	574.473	756.472	233.093	587.541	751.305	251.775	588.306	642.121	310.634	574.718	651.811	344.473	509.851	465.700	315.306	566.395	467.512	256.523	489.006	452.449	206.731	631.037	324.291	172.905	543.355	316.017	319.599	227.355	1151.466	245.760	206.839	1153.335	245.103	214.137	1030.302	304.349	230.542	1025.528	303.417	251.825	877.802	261.306	374.915	843.412	372.258	267.407	733.137	293.399	269.669	730.002	309.513	280.305	623.041	370.656	281.577	625.252	422.649	358.281	469.571	375.559	307.575	458.031	321.709	392.982	468.116	276.033	300.299	304.601	238.635	368.836	324.964	335.382	420.399	1612.287	287.413	429.679	1939.570	334.671	520.020	1788.566	333.732	346.911	1785.515	140.075	418.277	2177.719	23.280	403.364	2077.905	137.072	319.771	2067.771	115.739	515.557	2083.374	173.616	604.605	1933.677	163.234	684.647	1741.070	237.465	754.727	1824.041	227.079	766.064	1720.063	245.508	795.850	1659.127	334.402	731.509	1658.017	214.153	682.960	1585.693	252.599	800.277	1540.301	235.506	710.015	1491.083	285.463	612.706	1459.950	225.002	673.386	1418.140	209.001	615.500	1426.397	174.251	265.874	1953.617	139.207	188.329	1758.332	194.631	87.172	1820.841	180.164	99.857	1720.132	199.640	44.633	1648.062	300.635	91.859	1659.730	253.324	157.036	1600.175	171.475	73.565	1563.387	232.389	129.655	1502.908	277.204	183.056	1429.280	251.846	112.040	1376.598	226.382	161.960	1391.726
233.995	561.487	1467.676	271.999	569.380	1290.396	155.379	525.763	1417.925	252.823	231.613	1481.662	288.298	213.088	1323.408	180.797	256.534	1418.794	349.088	454.728	1440.206	356.826	399.924	1469.910	365.119	345.916	1446.487	286.976	570.178	1171.860	213.771	590.542	1183.779	204.372	597.163	1059.386	269.255	576.930	1049.381	216.464	576.856	881.723	200.461	444.527	858.875	303.091	574.303	759.912	233.459	588.199	755.016	251.675	588.767	645.970	309.941	575.297	654.127	343.443	510.218	468.143	314.539	567.021	470.841	255.249	490.048	455.859	204.904	633.384	329.347	170.459	545.986	320.794	320.050	227.415	1155.182	246.179	206.674	1156.835	245.762	213.689	1033.879	304.737	230.877	1029.024	304.216	251.992	881.391	261.357	374.885	847.019	373.150	268.331	736.663	294.182	269.799	733.537	310.209	280.628	626.569	371.357	282.531	628.571	422.728	359.413	472.730	375.863	308.430	461.468	321.482	393.483	471.845	275.573	300.528	308.571	237.760	368.771	329.277	335.436	420.416	1615.729	287.621	430.102	1942.990	334.962	520.272	1791.911	333.781	347.064	1788.737	138.920	418.618	2181.289	23.034	403.363	2080.215	137.018	319.990	2071.138	115.106	515.821	2086.410	173.860	605.154	1936.662	163.595	685.148	1744.046	237.882	755.073	1827.181	227.548	766.527	1723.142	245.969	796.334	1662.169	334.863	731.893	1661.115	214.538	683.279	1589.062	252.894	800.581	1543.415	235.794	710.211	1494.326	285.643	612.845	1463.359	225.185	673.574	1421.455	209.129	615.631	1429.775	174.908	265.985	1957.177	139.501	188.158	1762.120	195.336	87.320	1824.634	180.697	99.777	1723.932	200.075	44.514	1651.894	301.114	91.906	1663.543	253.595	157.007	1603.936	172.008	73.517	1567.074	232.685	129.576	1506.692	277.148	182.903	1433.044	251.885	111.953	1380.372	226.418	161.873	1395.582
232.943	561.611	1471.131	272.003	569.368	1294.111	155.072	525.144	1421.258	252.433	231.478	1485.585	288.451	213.052	1327.118	181.006	256.563	1422.425	348.999	455.060	1444.120	356.871	400.117	1474.219	365.066	345.755	1450.709	287.314	570.148	1175.677	214.193	590.646	1187.533	204.501	597.291	1062.813	269.661	577.079	1052.939	216.956	577.247	885.533	200.428	444.888	862.432	303.353	574.348	763.444	233.789	588.703	758.885	251.820	589.872	649.415	310.441	575.398	658.645	342.465	510.709	470.525	313.588	567.607	474.104	253.977	491.122	459.163	203.008	635.648	334.446	167.992	548.524	325.357	320.476	227.489	1158.751	246.704	206.499	1160.350	246.361	213.589	1037.343	305.295	230.968	1032.564	304.993	252.152	884.813	261.461	374.845	850.581	373.946	269.183	740.062	295.078	269.939	737.059	310.862	280.889	630.110	371.947	283.296	632.018	422.847	360.454	475.730	376.228	309.258	464.748	321.292	393.936	475.486	275.116	300.622	312.422	236.928	368.584	333.425	335.495	420.503	1619.055	287.905	430.590	1946.411	335.181	520.462	1795.204	333.895	347.278	1792.071	137.991	418.976	2184.462	22.796	403.407	2082.774	136.977	320.219	2074.484	114.592	516.051	2089.330	174.124	605.714	1939.687	163.885	685.745	1746.995	238.460	755.343	1830.083	228.023	766.977	1726.048	246.396	796.766	1665.180	335.244	732.317	1664.123	214.795	683.618	1592.318	253.142	800.815	1546.322	235.955	710.386	1497.493	285.793	612.994	1466.710	225.323	673.677	1424.812	209.184	615.765	1433.157	175.477	266.057	1960.539	139.805	187.992	1765.691	196.390	87.424	1828.388	181.224	99.674	1727.706	200.633	44.360	1655.479	301.434	91.949	1667.149	253.978	156.880	1607.550	172.402	73.392	1570.841	232.895	129.451	1510.388	277.391	182.854	1436.659	251.948	111.866	1384.074	226.546	161.810	1399.368
232.050	561.599	1474.449	272.153	569.326	1297.843	154.773	524.498	1424.456	252.046	231.382	1489.457	288.591	213.040	1330.703	181.219	256.632	1426.061	348.888	455.345	1448.115	356.835	400.312	1478.638	364.888	345.655	1455.042	287.634	570.172	1179.336	214.458	590.718	1191.114	205.211	597.756	1066.688	270.113	577.359	1056.720	217.543	577.657	889.209	200.512	445.308	866.100	303.692	574.710	767.024	234.365	589.421	762.725	251.627	590.367	653.231	310.419	575.791	662.078	341.505	511.253	472.918	312.709	568.245	477.409	252.625	492.199	462.493	201.057	637.809	339.527	165.498	550.964	330.204	320.994	227.589	1162.072	247.286	206.311	1163.784	246.970	213.497	1040.700	305.823	231.074	1035.964	305.696	252.333	888.249	261.536	374.776	854.108	374.759	270.050	743.547	295.843	270.008	740.507	311.538	281.092	633.526	372.357	283.925	635.438	422.933	361.481	478.630	376.513	309.961	467.969	321.043	394.279	479.070	274.615	300.588	316.340	236.056	368.268	337.480	335.594	420.581	1622.274	288.081	430.951	1949.694	335.378	520.627	1798.254	335.001	347.629	1795.378	137.145	419.423	2187.559	22.578	403.391	2085.305	136.934	320.435	2077.710	114.113	516.225	2092.191	174.376	606.235	1942.429	164.200	686.418	1749.873	239.155	755.576	1833.019	228.586	767.504	1729.147	246.828	797.283	1668.230	335.675	732.649	1667.070	215.066	683.967	1595.527	253.495	801.121	1549.529	236.134	710.575	1500.596	285.862	613.063	1469.754	225.382	673.811	1428.048	209.200	615.908	1436.409	176.011	266.126	1963.893	139.961	187.816	1769.275	197.135	87.496	1832.053	181.702	99.574	1731.409	201.052	44.288	1659.310	301.866	91.973	1670.667	254.293	156.931	1611.340	172.692	73.173	1574.619	233.111	129.335	1514.047	277.529	182.759	1440.294	252.022	111.758	1387.780	226.578	161.760	1403.087
231.208	561.586	1477.710	272.237	569.337	1301.586	154.514	523.865	1427.742	251.744	231.330	1493.190	288.780	213.027	1334.311	181.459	256.763	1429.508	348.795	455.743	1452.058	356.863	400.554	1483.066	364.833	345.602	1459.378	287.917	570.229	1182.966	214.730	590.860	1194.756	205.856	598.216	1070.454	270.492	577.584	1060.280	218.159	578.112	892.838	200.667	445.727	869.786	303.938	574.763	770.420	234.650	589.984	766.419	251.535	591.077	656.876	309.879	576.080	665.718	340.489	511.838	475.267	311.708	568.928	480.447	251.403	493.242	465.766	198.929	639.986	344.613	162.965	553.248	334.925	321.399	227.708	1165.456	247.847	206.230	1167.053	247.399	213.724	1043.988	306.531	230.866	1039.466	306.416	252.503	891.621	261.465	374.688	857.497	375.560	270.847	746.975	296.609	270.049	743.877	312.497	281.007	636.630	373.083	284.823	638.977	423.029	362.396	481.515	376.801	310.579	471.171	320.910	394.573	482.502	274.080	300.410	320.113	235.201	367.851	341.543	335.653	420.624	1625.486	288.315	431.329	1952.912	335.611	520.774	1801.174	334.252	347.568	1798.179	136.253	419.718	2190.872	22.347	403.416	2087.882	136.931	320.654	2080.994	113.646	516.435	2095.143	174.672	606.776	1945.253	164.474	687.177	1752.765	239.902	755.822	1835.976	229.156	768.043	1732.105	247.345	797.761	1671.180	336.008	732.988	1669.839	215.271	684.336	1598.599	253.778	801.430	1552.489	236.244	710.792	1503.635	285.926	613.157	1473.002	225.380	673.984	1431.136	209.168	616.011	1439.500	176.460	266.146	1967.104	140.277	187.568	1772.869	197.918	87.583	1835.630	182.186	99.463	1734.856	201.523	44.120	1662.949	302.114	91.942	1674.137	254.493	156.874	1614.958	173.088	72.991	1578.254	233.280	129.239	1517.633	277.679	182.671	1443.873	252.082	111.692	1391.369	226.696	161.718	1406.648
230.449	561.609	1480.981	272.240	569.314	1305.367	154.064	523.295	1431.008	251.416	231.307	1496.966	288.989	213.102	1337.750	181.663	256.836	1432.902	348.707	456.114	1456.058	356.879	400.753	1487.525	364.946	345.476	1463.659	288.240	570.299	1186.444	215.122	591.004	1198.348	206.291	598.579	1074.172	270.793	577.820	1063.829	218.593	578.496	896.321	200.826	446.090	873.397	303.961	574.501	773.632	234.803	590.462	770.007	251.612	592.091	660.422	310.083	576.534	668.900	339.449	512.452	477.613	310.761	569.664	483.810	249.634	494.115	469.032	196.773	641.974	349.508	160.416	555.456	339.598	321.865	227.894	1168.784	248.463	206.120	1170.273	248.181	213.324	1047.312	306.910	231.371	1042.620	307.075	252.695	894.900	261.300	374.618	860.664	376.270	271.605	750.245	297.389	270.153	747.242	313.107	281.126	640.001	373.463	285.322	642.099	423.029	363.092	484.210	377.120	311.132	474.238	320.701	394.784	485.850	273.542	300.143	323.781	234.378	367.324	345.432	335.724	420.701	1628.529	288.524	431.715	1956.099	335.811	520.881	1803.964	334.221	347.553	1800.912	135.551	420.070	2193.658	22.068	403.450	2090.636	136.870	320.905	2084.218	113.081	516.639	2098.044	174.986	607.315	1948.042	164.711	688.002	1755.714	240.789	755.957	1838.832	229.709	768.562	1734.934	247.818	798.232	1674.049	336.414	733.315	1672.656	215.461	684.701	1601.610	254.012	801.686	1555.226	236.391	711.050	1506.633	285.948	613.300	1476.209	225.161	674.166	1434.323	208.745	616.210	1443.008	176.896	266.167	1970.330	140.399	187.312	1776.311	198.676	87.664	1839.105	182.638	99.325	1738.441	201.950	43.978	1666.350	302.465	92.028	1677.438	254.703	156.752	1618.333	173.375	72.771	1581.833	233.467	129.150	1521.141	277.788	182.597	1447.369	252.132	111.618	1394.910	226.809	161.686	1410.267
229.814	561.617	1484.136	272.452	569.268	1308.946	153.843	522.711	1434.230	251.161	231.272	1500.575	289.220	213.037	1341.191	181.970	256.978	1436.200	348.587	456.455	1460.043	356.962	401.047	1491.928	364.789	345.276	1467.737	288.479	570.452	1189.980	215.412	591.191	1201.897	207.264	598.417	1077.967	271.077	578.027	1067.319	219.147	578.876	899.876	201.063	446.441	876.955	304.169	574.601	776.923	235.032	591.032	773.583	251.414	592.695	663.917	309.295	577.282	671.043	338.447	513.151	479.784	309.760	570.375	486.726	248.340	495.086	472.272	194.613	643.885	354.364	157.974	557.547	344.231	322.527	228.226	1171.941	249.091	206.065	1173.437	248.750	213.279	1050.432	307.466	231.607	1045.765	307.660	252.915	898.154	261.252	374.583	863.972	376.857	272.294	753.445	297.993	270.225	750.517	313.725	281.318	643.169	373.970	285.863	645.327	423.125	363.784	487.017	377.393	311.597	477.353	320.491	394.934	489.072	273.060	299.759	327.461	233.557	366.739	349.212	335.983	420.754	1631.629	288.622	432.015	1959.224	335.988	520.914	1806.603	334.098	347.436	1803.568	134.830	420.382	2196.907	21.821	403.471	2093.329	136.794	321.114	2087.360	112.603	516.826	2100.846	175.271	607.807	1950.814	165.007	688.840	1758.620	241.743	756.110	1841.596	230.327	769.155	1737.874	248.175	798.753	1676.906	336.731	733.623	1675.339	215.722	685.141	1604.619	254.238	801.894	1557.913	236.455	711.295	1509.596	283.711	613.890	1478.710	225.050	674.313	1437.305	208.590	616.324	1446.078	177.275	266.150	1973.492	140.616	187.033	1779.721	199.389	87.711	1842.613	183.101	99.143	1741.927	202.326	43.876	1669.988	302.915	92.236	1680.884	254.825	156.761	1621.804	173.673	72.570	1585.320	233.565	129.039	1524.597	277.998	182.550	1450.761	252.236	111.588	1398.372	226.893	161.693	1413.729
228.967	561.767	1487.267	272.650	569.252	1312.711	153.720	522.196	1437.529	250.927	231.270	1504.017	289.433	213.172	1344.445	182.236	257.021	1439.496	348.492	456.838	1464.036	357.028	401.258	1496.380	364.798	345.293	1471.901	288.740	570.574	1193.387	215.572	591.318	1205.238	206.309	598.846	1080.606	271.302	578.281	1070.626	219.975	579.146	903.369	201.333	446.809	880.383	304.308	574.786	780.170	235.232	591.636	777.104	251.309	593.851	667.383	309.593	577.346	675.340	337.293	513.810	481.953	309.089	571.524	490.107	247.093	496.130	475.493	192.397	645.667	359.169	155.495	559.502	348.896	323.100	228.577	1174.910	249.718	206.020	1176.577	249.336	213.277	1053.601	307.938	231.829	1048.882	308.438	253.077	901.322	261.161	374.432	867.046	377.367	272.886	756.622	298.566	270.302	753.647	314.608	281.545	646.108	374.515	286.599	648.759	423.140	364.420	489.752	377.636	311.982	480.421	320.306	395.043	492.255	272.581	299.218	331.081	232.798	366.040	352.859	336.082	420.775	1634.542	288.705	432.309	1962.324	336.130	520.946	1809.086	334.028	347.315	1806.166	134.367	420.668	2199.993	21.638	403.484	2095.884	135.474	321.553	2091.067	112.219	517.031	2103.745	175.561	608.267	1953.387	165.296	689.681	1761.389	242.758	756.242	1844.346	230.974	769.709	1740.757	248.630	799.209	1679.805	337.025	733.940	1677.974	217.095	686.136	1607.011	254.576	802.061	1560.418	236.516	711.528	1512.418	282.392	613.896	1481.585	225.014	674.482	1440.329	208.465	616.459	1448.926	177.605	266.140	1976.580	140.730	186.697	1783.082	200.070	87.827	1845.872	183.511	98.966	1745.299	202.663	43.713	1673.361	303.084	92.283	1684.246	255.050	156.656	1625.159	173.965	72.369	1588.691	233.827	128.924	1527.936	278.127	182.483	1454.174	252.341	111.572	1401.774	227.049	161.648	1417.214
228.421	561.788	1490.407	272.910	569.232	1316.312	153.646	521.707	1440.518	250.732	231.310	1507.421	289.657	213.283	1347.609	182.452	257.137	1442.612	348.496	457.176	1467.973	357.184	401.506	1500.830	364.834	345.171	1475.897	288.925	570.710	1196.662	215.791	591.471	1208.625	206.947	599.427	1084.498	271.470	578.561	1074.066	220.391	579.556	906.802	201.622	447.165	883.759	304.400	575.012	783.325	235.454	592.228	780.658	250.984	594.237	670.769	308.917	578.296	677.568	336.356	514.636	484.243	307.934	572.285	492.909	245.987	497.161	478.650	189.764	647.349	364.066	153.075	561.286	353.452	323.659	228.927	1177.976	250.445	206.101	1179.603	249.869	213.390	1056.544	308.391	232.155	1051.843	308.935	253.270	904.448	260.942	374.318	869.981	377.877	273.422	759.675	299.539	270.549	756.737	315.146	281.718	649.240	374.858	287.032	651.875	423.171	364.955	492.228	377.747	312.280	483.291	320.136	395.105	495.316	272.144	298.632	334.603	232.126	365.309	356.508	336.333	420.885	1637.441	288.773	432.595	1965.361	336.287	520.938	1811.458	333.927	347.131	1808.680	134.035	421.055	2202.893	21.424	403.557	2098.694	135.409	321.778	2094.160	111.836	517.198	2106.646	175.857	608.700	1956.008	165.466	690.621	1764.229	243.772	756.323	1847.106	231.581	770.264	1743.532	249.036	799.675	1682.483	337.304	734.199	1680.532	217.118	686.484	1609.778	254.733	802.430	1563.487	236.479	711.785	1515.354	281.970	614.038	1484.577	225.062	674.633	1443.218	208.245	616.590	1452.038	177.891	266.112	1979.549	140.857	186.436	1786.284	200.702	87.881	1849.122	183.861	98.792	1748.731	203.033	43.571	1676.691	303.455	92.195	1687.556	255.059	156.675	1628.481	174.311	72.165	1591.987	234.070	128.841	1531.251	278.342	182.461	1457.515	252.449	111.563	1405.048	227.182	161.680	1420.533
227.979	561.889	1493.700	273.076	569.244	1319.970	153.881	521.275	1443.499	250.616	231.363	1510.764	290.017	213.369	1350.909	182.933	257.341	1445.689	348.607	457.507	1472.047	357.241	401.685	1505.046	364.966	345.031	1479.740	289.114	570.927	1199.969	215.994	591.640	1211.988	206.596	599.475	1087.338	271.571	578.830	1077.352	220.426	580.075	910.197	201.933	447.508	887.070	304.486	575.291	786.525	235.510	592.789	783.958	250.808	595.360	674.017	309.062	578.369	681.700	335.377	515.459	486.501	307.138	573.261	496.067	244.996	498.130	481.797	187.403	648.924	368.713	150.684	562.967	357.926	324.226	229.260	1181.000	251.096	206.174	1182.517	250.324	213.472	1059.525	308.819	232.512	1054.726	309.303	253.499	907.468	260.711	374.105	872.930	378.253	273.905	762.699	299.951	270.654	759.754	315.507	281.822	652.202	375.220	287.454	654.856	423.133	365.371	494.994	377.920	312.500	486.275	319.914	395.101	498.203	271.753	297.935	337.953	231.510	364.447	359.904	336.509	420.945	1640.272	288.787	432.823	1968.332	336.420	520.914	1813.709	333.854	346.926	1811.124	133.700	421.383	2205.751	21.194	403.623	2101.364	135.229	322.011	2097.155	111.381	517.431	2109.405	176.179	609.125	1958.532	165.730	691.546	1766.995	244.893	756.340	1849.773	232.213	770.837	1746.317	249.338	800.150	1685.192	337.593	734.460	1683.090	217.071	686.833	1612.654	254.888	802.689	1566.137	236.490	711.995	1518.072	281.551	614.114	1487.322	224.863	674.783	1445.997	208.037	616.711	1454.950	178.150	266.088	1982.541	140.982	186.150	1789.564	201.321	87.924	1852.420	184.234	98.636	1751.781	203.372	43.427	1679.882	303.690	92.179	1690.665	255.252	156.563	1631.617	174.505	71.985	1595.226	234.215	128.712	1534.499	278.590	182.425	1460.795	252.636	111.577	1408.358	227.354	161.731	1423.862
227.571	561.968	1496.689	273.449	569.264	1323.470	153.622	520.942	1446.793	250.595	231.442	1513.998	290.332	213.599	1353.932	183.433	257.443	1448.762	348.805	457.846	1476.095	357.428	401.899	1509.195	365.029	345.060	1483.405	289.262	571.174	1203.170	216.083	591.811	1215.121	206.887	599.833	1090.830	271.609	579.108	1080.468	220.766	580.506	913.505	202.209	447.830	890.384	304.540	575.632	789.597	235.635	593.371	787.295	250.579	595.896	677.223	308.849	578.887	684.796	334.456	516.392	488.616	305.994	574.045	498.667	244.044	499.133	484.913	185.243	650.430	373.294	148.380	564.478	362.430	324.854	229.988	1183.770	251.932	206.074	1185.627	250.847	213.578	1062.480	309.309	232.890	1057.528	309.779	253.949	910.400	260.401	374.091	875.626	378.598	274.321	765.737	300.235	270.766	762.614	315.992	282.003	655.070	375.525	287.871	657.863	423.126	365.738	497.430	378.077	312.663	489.115	319.735	395.094	501.047	271.343	297.151	341.369	230.906	363.523	363.192	336.875	421.018	1643.214	288.835	433.017	1971.258	336.539	520.859	1815.843	333.842	346.791	1813.725	133.341	421.643	2208.693	20.991	403.687	2104.119	135.119	322.224	2100.173	110.978	517.638	2112.300	176.502	609.515	1960.979	165.873	692.490	1769.791	246.027	756.323	1852.348	232.804	771.397	1749.076	249.707	800.591	1687.874	337.764	734.669	1685.533	217.038	687.209	1615.423	255.059	802.880	1568.744	236.464	712.212	1520.735	281.569	614.140	1490.333	224.710	674.928	1448.827	207.818	616.787	1457.610	178.345	265.996	1985.389	140.945	185.844	1792.560	201.907	87.983	1855.583	184.577	98.449	1755.023	203.625	43.288	1683.008	303.873	92.316	1693.933	255.544	156.412	1634.728	174.775	71.812	1598.400	234.449	128.621	1537.712	278.778	182.410	1464.007	252.822	111.570	1411.599	227.543	161.764	1427.055
227.314	562.028	1499.759	273.614	569.300	1327.000	153.599	520.583	1449.798	250.682	231.525	1517.092	290.679	213.807	1356.802	183.667	257.412	1451.772	349.133	458.093	1480.126	357.524	401.997	1513.212	365.190	345.104	1486.996	289.405	571.455	1206.240	216.204	591.990	1218.353	207.299	600.295	1094.400	271.665	579.464	1083.666	221.374	580.863	916.795	202.574	448.196	893.579	304.542	576.002	792.602	235.795	593.952	790.754	250.294	596.642	680.579	308.475	579.528	687.790	333.581	517.303	490.715	305.269	575.017	501.779	243.431	500.175	487.898	183.146	651.894	377.716	146.121	565.902	366.876	326.147	230.436	1186.476	252.526	206.431	1188.366	251.473	213.756	1065.303	309.730	233.260	1060.388	310.083	254.153	913.387	260.180	374.025	878.475	378.722	274.678	768.613	300.098	270.737	765.615	316.308	282.117	657.962	375.635	288.016	660.690	423.061	366.016	499.899	378.159	312.779	492.071	319.591	395.070	503.892	271.006	296.283	344.704	230.397	362.602	366.429	337.084	421.057	1645.976	288.835	433.183	1974.099	336.623	520.771	1817.954	333.796	346.570	1816.110	133.089	421.947	2211.504	20.726	403.794	2106.931	134.908	322.434	2103.072	110.525	517.780	2115.075	176.837	609.895	1963.487	166.055	693.431	1772.520	247.160	756.307	1854.885	233.376	771.906	1751.773	250.024	801.026	1690.493	337.917	734.837	1687.888	216.874	687.595	1618.127	255.165	803.086	1571.180	236.374	712.433	1523.450	280.820	614.354	1492.911	224.512	675.046	1451.516	207.600	616.864	1460.496	178.500	265.951	1988.177	141.023	185.562	1795.517	202.420	88.018	1858.670	184.856	98.221	1758.122	203.927	43.126	1686.141	304.062	92.156	1696.861	255.672	156.301	1637.749	175.027	71.616	1601.426	234.652	128.553	1540.728	279.068	182.433	1467.136	253.025	111.613	1414.756	227.809	161.844	1430.284
227.191	562.104	1502.923	273.834	569.353	1330.163	153.673	520.304	1452.836	250.845	231.608	1520.115	291.022	214.000	1359.667	183.976	257.439	1454.723	350.229	458.255	1484.710	357.816	402.141	1517.203	365.559	345.118	1490.426	289.492	571.767	1209.410	216.353	592.195	1221.604	207.586	600.698	1097.759	271.699	579.797	1086.844	221.616	581.281	919.928	202.859	448.515	896.735	304.477	576.436	795.603	235.644	594.470	793.809	250.013	597.359	683.746	308.142	580.176	690.832	332.730	518.287	492.800	304.077	575.819	504.317	242.507	501.054	490.862	181.109	653.173	382.033	143.951	567.197	371.101	326.709	230.889	1189.148	253.153	206.630	1191.135	251.938	213.918	1068.100	310.211	233.675	1063.125	310.325	254.395	916.250	259.823	373.922	880.943	378.892	275.022	771.516	300.208	270.852	768.513	316.204	282.151	660.766	375.849	288.302	663.661	422.974	366.246	502.415	378.110	312.822	494.784	319.392	395.028	506.461	270.622	295.351	347.982	229.952	361.667	369.453	337.315	421.102	1648.718	288.832	433.332	1976.937	336.720	520.664	1820.034	333.676	346.274	1818.433	132.910	422.236	2214.044	20.537	403.913	2109.571	134.686	322.635	2105.840	110.132	517.983	2117.758	176.971	610.372	1965.843	167.016	694.454	1775.046	248.281	756.238	1857.414	233.997	772.421	1754.450	250.312	801.403	1693.037	338.108	735.013	1690.289	216.700	687.942	1620.850	255.340	803.324	1573.701	236.321	712.624	1525.986	280.828	614.300	1495.684	224.288	675.163	1454.171	207.386	616.915	1463.106	178.597	265.881	1990.966	141.071	185.285	1798.547	202.859	88.023	1861.627	185.118	98.025	1761.209	204.085	42.999	1689.115	304.249	92.133	1699.917	255.716	156.309	1640.803	175.258	71.449	1604.368	234.856	128.527	1543.777	279.361	182.480	1470.292	253.235	111.695	1417.784	228.025	161.941	1433.348
227.182	562.192	1505.933	274.119	569.443	1333.317	153.815	520.031	1455.826	251.109	231.710	1523.044	291.388	214.250	1362.401	184.818	257.720	1457.508	350.523	458.542	1488.579	358.097	402.271	1520.909	365.848	345.181	1493.581	289.573	572.101	1212.400	216.308	592.322	1224.544	207.098	600.707	1100.315	271.725	580.177	1089.866	221.724	581.655	922.986	203.023	448.815	899.798	304.376	576.909	798.563	235.589	595.055	796.932	249.692	598.112	686.853	307.809	580.842	693.835	331.973	519.314	494.981	303.252	576.760	507.160	241.727	501.879	493.846	179.110	654.398	386.106	141.917	568.353	375.340	327.272	231.547	1191.874	253.908	206.614	1193.969	252.462	214.082	1070.877	310.695	234.139	1065.881	310.432	254.562	918.976	259.580	373.882	883.671	378.805	275.268	774.192	300.197	270.936	771.314	316.377	282.298	663.579	375.773	288.373	666.255	422.866	366.495	504.891	378.130	312.884	497.649	319.226	394.998	509.052	270.339	294.351	351.207	229.434	360.703	372.411	337.603	421.199	1651.433	288.839	433.477	1979.724	336.824	520.507	1822.078	333.573	346.009	1820.767	132.817	422.534	2217.015	20.302	404.042	2112.312	134.518	322.856	2108.707	109.939	518.188	2120.509	177.122	610.654	1968.059	167.316	695.402	1777.679	249.451	756.134	1859.928	234.560	772.880	1757.049	250.421	802.170	1695.908	338.239	735.150	1692.588	216.483	688.306	1623.416	255.494	803.528	1576.160	236.205	712.829	1528.588	280.510	614.355	1498.229	224.031	675.254	1456.880	207.093	616.966	1465.835	178.665	265.819	1993.598	141.124	185.030	1801.310	203.237	88.049	1864.499	185.342	97.826	1764.016	204.285	42.836	1691.747	304.467	92.283	1702.880	255.885	156.217	1643.896	175.496	71.334	1607.258	235.057	128.473	1546.782	279.663	182.518	1473.275	253.520	111.787	1420.829	228.287	162.035	1436.402
227.240	562.322	1508.991	274.318	569.610	1336.617	153.965	519.822	1458.766	251.450	231.855	1525.922	291.772	214.515	1365.088	185.179	257.676	1460.401	350.703	458.732	1491.986	358.399	402.366	1524.460	366.076	345.318	1496.554	289.664	572.461	1215.277	216.086	592.726	1227.545	207.211	601.014	1103.400	271.756	580.583	1092.760	221.565	582.237	926.126	203.226	449.147	902.824	304.266	577.470	801.534	235.457	595.583	800.025	249.315	599.000	689.986	307.503	581.570	696.774	331.290	520.338	497.050	302.330	577.656	509.889	240.983	502.706	496.688	177.214	655.462	390.248	139.934	569.422	379.533	327.911	232.136	1194.577	255.035	207.635	1196.356	252.992	214.238	1073.585	311.066	234.553	1068.512	310.456	254.724	921.741	259.179	373.841	886.064	378.639	275.459	776.885	300.050	271.033	773.905	316.291	282.343	666.117	375.662	288.441	669.045	422.667	366.652	507.203	378.034	312.922	500.319	319.032	394.973	511.579	270.091	293.326	354.353	229.037	359.656	375.252	337.884	421.303	1654.086	288.780	433.516	1982.380	336.903	520.364	1824.091	333.432	345.690	1823.097	132.527	422.763	2219.705	20.035	404.136	2114.893	134.302	323.047	2111.452	109.602	518.337	2123.092	177.423	610.913	1970.509	167.475	696.259	1780.392	250.512	756.017	1862.333	235.087	773.337	1759.621	250.598	802.536	1698.327	338.256	735.273	1694.798	215.249	688.151	1626.285	255.551	803.715	1578.438	236.082	712.985	1530.945	281.975	614.514	1500.882	223.756	675.324	1459.240	206.869	616.983	1468.433	178.686	265.727	1996.241	141.108	184.775	1804.012	203.543	88.051	1867.412	185.503	97.677	1766.844	204.474	42.733	1694.836	304.651	92.086	1705.774	256.029	156.145	1646.805	175.732	71.215	1610.065	235.322	128.445	1549.709	279.875	182.582	1476.287	253.793	111.883	1423.762	228.578	162.150	1439.442
227.437	562.418	1512.077	274.723	569.755	1339.664	154.176	519.655	1461.712	251.904	232.012	1528.655	292.253	214.853	1367.682	185.636	257.692	1463.141	351.053	458.952	1495.476	358.710	402.411	1527.801	366.578	345.409	1499.544	289.797	572.859	1218.147	216.133	592.940	1230.532	207.433	601.364	1106.645	271.777	580.986	1095.603	221.514	582.659	929.135	203.487	449.519	905.672	304.029	578.024	804.384	235.146	596.085	802.977	248.843	599.472	692.764	307.121	582.279	699.550	330.573	521.326	499.102	301.563	578.559	512.556	240.337	503.500	499.519	175.287	656.476	394.445	138.029	570.319	383.452	328.355	232.517	1197.117	255.601	207.984	1198.960	253.514	214.491	1076.166	311.447	234.938	1071.073	310.353	254.884	924.283	258.901	373.822	888.615	378.522	275.616	779.651	299.856	271.119	776.442	316.072	282.364	668.823	375.489	288.485	671.690	422.564	366.826	509.685	377.931	312.889	503.077	318.794	394.907	513.949	269.786	292.237	357.423	228.621	358.621	377.883	338.161	421.396	1656.778	288.697	433.557	1985.006	335.740	520.147	1825.309	333.322	345.397	1825.498	132.361	423.016	2222.003	19.781	404.286	2117.538	134.035	323.205	2114.134	109.285	518.555	2125.621	177.636	611.160	1972.740	167.523	697.073	1782.929	251.555	755.858	1864.732	235.621	773.825	1762.290	250.783	802.859	1700.749	338.283	735.086	1696.716	215.078	688.451	1628.891	256.750	807.537	1582.974	235.869	713.284	1533.495	281.804	614.606	1503.413	223.531	675.428	1461.853	206.604	617.007	1470.985	178.672	265.677	1998.872	141.149	184.564	1806.794	203.792	88.084	1870.182	185.646	97.523	1769.618	204.593	42.613	1697.628	304.737	91.810	1708.393	256.074	156.173	1649.664	175.979	71.266	1612.750	235.546	128.436	1552.480	280.621	182.673	1479.198	254.100	112.024	1426.645	228.892	162.290	1442.320
227.705	562.534	1514.990	274.957	569.892	1342.493	154.355	519.517	1464.484	252.413	232.133	1531.224	292.680	215.180	1370.191	186.474	257.825	1465.727	351.328	459.120	1498.653	358.922	402.388	1530.898	367.091	345.610	1502.158	289.873	573.289	1220.900	216.260	593.134	1233.409	206.908	601.349	1109.145	271.722	581.392	1098.460	221.435	583.068	932.013	203.672	449.848	908.562	303.739	578.648	807.127	234.918	596.613	805.886	248.528	600.169	695.695	306.774	583.064	702.310	329.919	522.381	501.125	300.727	579.452	515.052	239.715	504.281	502.350	173.414	657.349	398.355	136.271	571.153	387.518	328.818	233.045	1199.693	256.174	208.246	1201.523	253.888	214.691	1078.900	311.865	235.355	1073.668	310.291	254.965	926.922	258.473	373.776	890.946	378.182	275.671	782.078	299.588	271.190	779.001	315.853	282.404	671.227	375.318	288.546	674.207	422.272	366.955	511.857	377.832	312.897	505.707	318.650	394.883	516.258	269.504	291.080	360.448	228.350	357.599	380.496	338.647	421.496	1659.481	288.608	433.591	1987.594	335.756	520.018	1827.308	333.325	345.237	1828.113	131.980	423.220	2224.923	19.480	404.457	2120.148	133.720	323.418	2116.667	109.032	518.730	2128.148	177.926	611.370	1975.070	167.602	697.847	1785.537	252.565	755.689	1867.063	236.082	775.049	1765.450	251.079	803.127	1703.188	338.401	735.091	1698.965	214.751	688.755	1631.172	256.153	804.241	1583.335	235.744	713.419	1535.736	281.595	614.717	1505.872	223.219	675.499	1464.223	206.371	616.982	1473.498	178.574	265.602	2001.353	141.120	184.427	1809.308	203.977	88.074	1872.848	185.777	97.356	1772.389	204.700	42.529	1700.215	304.777	91.672	1711.223	256.259	156.107	1652.546	176.201	71.176	1615.374	235.801	128.488	1555.315	281.032	182.784	1481.998	254.385	112.206	1429.448	229.200	162.467	1445.200
228.129	562.710	1517.961	275.131	570.062	1345.382	154.617	519.443	1467.451	253.005	232.307	1533.782	293.183	215.485	1372.758	187.090	257.814	1468.450	351.713	459.314	1501.757	359.378	402.423	1533.863	367.521	345.902	1504.617	289.905	573.709	1223.613	216.332	593.379	1236.282	207.101	601.728	1112.217	271.671	581.846	1101.207	221.389	583.511	934.802	203.776	450.213	911.350	303.550	579.294	809.895	234.596	597.073	808.686	248.108	601.066	698.657	306.364	583.848	705.004	329.391	523.400	503.109	300.014	580.343	517.705	239.117	504.822	505.129	171.598	658.175	402.481	134.599	571.886	391.398	329.222	233.576	1202.159	256.679	208.504	1204.127	254.341	214.847	1081.380	312.242	235.784	1076.212	310.106	255.054	929.382	258.077	373.775	893.358	377.830	275.701	784.523	299.199	271.261	781.376	315.716	282.472	673.665	374.996	288.536	676.568	422.020	367.087	514.228	377.720	312.892	508.479	318.333	394.827	518.461	269.233	289.947	363.489	228.018	356.535	382.923	339.049	421.525	1662.131	288.557	433.601	1990.156	335.784	519.885	1829.321	333.287	344.979	1830.514	131.887	423.497	2227.187	19.197	404.608	2122.557	133.385	323.579	2119.195	108.706	518.898	2130.498	178.088	611.493	1977.208	167.547	698.586	1788.123	253.535	755.530	1869.384	236.486	775.428	1767.921	251.151	803.429	1705.482	338.217	735.181	1700.884	214.598	688.994	1633.607	256.869	804.637	1585.767	234.991	713.690	1538.367	281.284	614.773	1508.256	222.875	675.550	1466.627	206.099	616.972	1475.908	178.446	265.525	2003.804	141.122	184.266	1811.774	204.059	88.051	1875.428	185.829	97.241	1774.849	204.909	42.371	1702.707	304.947	91.683	1714.048	256.338	155.957	1655.203	176.435	71.120	1618.010	236.027	128.510	1557.981	281.408	182.947	1484.772	254.706	112.410	1432.173	229.536	162.668	1448.009
228.679	562.890	1520.981	275.283	570.323	1348.318	154.932	519.432	1470.288	253.824	232.516	1536.246	293.652	215.878	1375.013	187.677	257.769	1471.039	352.030	459.439	1504.627	359.830	402.515	1536.567	368.134	346.179	1507.018	289.970	574.162	1226.300	216.291	593.613	1238.964	206.559	601.725	1114.541	271.600	582.290	1103.895	221.212	583.969	937.501	203.886	450.577	914.058	303.183	579.996	812.593	234.217	597.561	811.422	247.580	601.439	701.249	305.918	584.639	707.648	328.860	524.401	505.143	299.326	581.219	520.087	238.694	505.707	507.696	169.704	658.870	406.302	133.021	572.553	395.124	329.567	234.256	1204.636	257.371	208.278	1206.922	254.637	215.014	1083.867	312.464	236.131	1078.615	309.840	255.142	931.852	257.645	373.765	895.650	377.385	275.687	786.918	298.820	271.314	783.729	315.335	282.495	675.956	374.640	288.457	679.055	421.726	367.234	516.454	377.466	312.845	510.974	318.135	394.816	520.588	269.063	288.750	366.356	227.653	355.447	385.425	339.387	421.605	1664.693	288.510	433.616	1992.676	335.820	519.730	1831.408	333.216	344.711	1832.921	131.396	423.677	2229.668	18.848	404.807	2125.211	133.076	323.807	2121.736	108.330	519.107	2132.856	178.296	611.614	1979.476	167.641	699.247	1790.595	254.413	755.253	1871.593	236.877	775.726	1770.318	251.308	803.591	1707.791	338.282	735.209	1703.092	214.279	689.268	1635.847	256.915	804.735	1588.002	234.813	713.874	1540.607	281.019	614.893	1510.564	222.504	675.592	1468.875	205.788	616.908	1478.333	178.322	265.443	2006.193	141.122	184.157	1814.311	204.096	88.005	1878.007	185.904	97.115	1777.401	204.979	42.288	1705.364	305.055	91.494	1716.695	256.422	155.892	1657.820	176.602	71.078	1620.512	236.256	128.581	1560.592	281.716	183.117	1487.527	255.066	112.649	1434.873	229.875	162.911	1450.666
229.260	563.079	1523.956	275.442	570.552	1351.041	155.209	519.478	1472.987	254.681	232.733	1538.602	294.139	216.180	1377.451	188.544	257.950	1473.490	352.559	459.596	1507.490	360.312	402.609	1539.161	368.853	346.405	1509.177	290.066	574.614	1228.908	216.296	593.885	1241.659	206.792	602.183	1117.495	271.466	582.722	1106.504	221.098	584.433	940.265	204.018	450.975	916.659	302.750	580.753	815.103	233.836	598.035	814.136	247.100	602.046	703.921	305.505	585.483	710.221	328.433	525.441	507.036	298.674	582.061	522.553	238.330	506.333	510.325	167.883	659.434	410.265	131.551	573.102	398.784	330.035	234.849	1206.996	257.726	208.545	1209.277	254.848	215.176	1086.340	312.705	236.487	1080.920	309.568	255.232	934.101	257.131	373.746	897.890	376.863	275.571	789.162	298.335	271.333	785.936	314.850	282.433	678.221	374.292	288.418	681.269	421.416	367.367	518.656	377.300	312.771	513.653	317.765	394.741	522.631	268.864	287.579	369.230	227.371	354.346	387.741	339.856	421.728	1667.297	288.425	433.575	1995.100	335.883	519.599	1833.552	333.210	344.422	1835.238	131.165	423.915	2231.912	18.533	404.971	2127.417	132.725	323.970	2124.198	108.031	519.308	2135.180	178.462	611.710	1981.592	167.616	699.836	1793.154	255.216	755.013	1873.722	237.218	776.022	1772.734	251.383	803.802	1710.045	338.339	735.166	1705.262	214.080	689.485	1638.193	255.748	804.388	1589.737	234.524	714.003	1542.850	280.695	614.942	1512.757	222.155	675.651	1471.314	205.498	616.868	1480.745	178.141	265.343	2008.543	141.072	184.052	1816.560	204.048	87.975	1880.406	185.957	97.001	1779.797	205.048	42.231	1707.765	305.115	91.388	1719.255	256.559	155.931	1660.584	176.768	71.084	1622.932	236.558	128.657	1563.214	282.124	183.337	1490.277	255.404	112.921	1437.412	230.235	163.204	1453.350
229.922	563.265	1526.763	275.575	570.843	1353.574	155.517	519.585	1475.753	255.665	232.949	1540.917	293.954	216.854	1378.214	189.150	258.022	1475.982	353.061	459.725	1510.031	360.817	402.697	1541.464	369.452	346.755	1511.309	289.938	574.906	1231.263	216.443	594.290	1244.260	206.562	602.374	1120.050	271.383	583.178	1109.010	220.770	584.896	942.772	204.083	451.363	919.199	302.414	581.549	817.741	233.349	598.520	816.726	246.579	602.797	706.604	305.120	586.291	712.763	327.993	526.414	508.928	298.094	582.859	524.919	237.891	506.748	512.970	166.201	659.937	414.005	130.225	573.595	402.253	330.318	235.335	1209.307	258.201	208.770	1211.792	255.115	215.341	1088.698	312.917	236.801	1083.308	309.206	255.236	936.409	256.772	373.733	900.171	376.397	275.492	791.475	297.788	271.379	788.105	314.450	282.456	680.461	373.847	288.256	683.553	421.038	367.485	520.862	377.081	312.749	516.120	317.464	394.692	524.727	268.636	286.333	372.023	227.105	353.181	389.847	340.400	421.861	1669.921	288.351	433.522	1997.455	335.957	519.485	1835.682	333.282	344.240	1837.708	130.874	424.157	2234.179	18.149	405.172	2129.836	132.335	324.130	2126.577	107.688	519.454	2137.309	178.584	611.750	1983.635	165.555	700.234	1796.292	255.688	754.857	1876.025	237.488	776.229	1775.075	251.395	804.042	1712.344	338.046	735.219	1707.040	213.786	689.724	1640.367	255.670	804.470	1591.906	234.360	714.133	1544.970	280.435	615.067	1515.068	221.756	675.700	1473.492	205.218	616.776	1482.965	177.752	265.483	2010.760	141.079	183.964	1818.932	203.952	87.990	1882.874	185.936	96.890	1782.210	205.113	42.135	1710.111	305.231	91.303	1721.814	256.687	155.913	1663.184	176.948	71.081	1625.358	236.784	128.764	1565.711	282.529	183.531	1492.942	255.772	113.239	1440.013	230.608	163.521	1456.020
230.767	563.517	1529.647	275.948	571.179	1356.265	155.926	519.710	1478.414	256.588	233.166	1543.040	294.323	217.297	1380.236	189.895	258.145	1478.285	353.582	459.909	1512.426	361.269	402.736	1543.574	370.219	347.134	1513.326	290.065	575.622	1233.834	216.181	594.366	1246.672	206.544	602.745	1122.849	271.211	583.711	1111.453	220.445	585.337	945.289	204.106	451.753	921.619	301.971	582.333	820.160	232.856	598.942	819.269	246.101	603.328	709.068	304.669	587.190	715.273	327.608	527.337	510.892	297.607	583.698	527.363	237.764	507.541	515.312	164.577	660.450	417.559	129.002	573.977	405.698	330.587	235.849	1211.482	258.567	209.114	1214.001	255.267	215.462	1091.011	312.989	237.069	1085.509	308.815	255.280	938.531	256.271	373.701	902.323	375.784	275.337	793.587	297.229	271.360	790.276	313.981	282.409	682.527	373.349	288.107	685.726	420.581	367.632	522.886	376.806	312.609	518.611	317.037	394.570	526.608	268.460	285.137	374.780	226.726	352.065	392.088	340.828	421.965	1672.324	288.227	433.404	1999.714	336.063	519.379	1837.846	333.345	344.073	1840.151	130.544	424.447	2236.256	17.794	405.354	2132.095	131.955	324.306	2128.887	107.379	519.640	2139.492	178.622	611.767	1985.720	165.403	700.650	1798.631	256.315	754.577	1878.077	237.756	776.357	1777.230	251.372	804.169	1714.486	337.930	735.196	1709.081	213.528	689.926	1642.638	255.578	804.579	1594.094	234.043	714.306	1547.334	280.060	615.097	1517.121	221.446	675.757	1475.741	204.963	616.687	1485.322	177.512	265.387	2012.991	141.040	183.964	1821.011	203.829	87.912	1885.128	185.961	96.790	1784.454	205.117	42.062	1712.373	305.501	91.314	1724.448	256.850	155.858	1665.645	177.100	71.106	1627.554	237.061	128.856	1568.189	282.830	183.722	1495.443	256.103	113.587	1442.426	230.940	163.822	1458.534
231.601	563.785	1532.380	276.120	571.617	1358.706	156.298	519.904	1481.002	257.702	233.462	1545.215	294.738	217.775	1382.182	190.646	258.334	1480.581	354.094	460.102	1514.759	361.861	402.821	1545.501	370.966	347.420	1515.195	290.080	576.163	1236.160	216.321	594.718	1249.322	206.353	602.980	1125.286	271.046	584.171	1113.859	220.111	585.803	947.719	204.178	452.164	923.937	301.585	583.148	822.642	232.340	599.412	821.713	245.629	603.976	711.538	304.218	588.006	717.693	327.279	528.209	512.733	296.981	584.243	529.527	237.705	508.263	517.632	163.144	660.895	421.015	127.902	574.355	408.988	330.753	236.257	1213.535	258.852	209.361	1216.322	255.332	215.599	1093.252	313.046	237.322	1087.618	308.335	255.270	940.647	255.786	373.641	904.477	375.223	275.150	795.761	296.616	271.330	792.346	313.441	282.362	684.687	372.815	287.950	687.718	420.192	367.731	525.081	376.526	312.516	520.977	316.609	394.447	528.529	268.334	283.954	377.319	226.390	350.881	394.226	341.186	422.024	1674.729	288.176	433.307	2001.937	336.190	519.281	1840.017	333.418	343.924	1842.573	130.186	424.732	2238.567	17.441	405.516	2134.189	131.600	324.446	2131.233	107.004	519.796	2141.517	178.651	611.764	1987.776	165.306	701.026	1800.932	256.675	754.445	1880.396	237.961	776.492	1779.557	251.413	804.277	1716.673	337.839	735.184	1711.108	213.200	690.101	1644.685	255.428	804.625	1596.184	233.851	714.376	1549.331	279.829	615.231	1519.358	220.980	675.768	1477.910	204.680	616.563	1487.345	177.218	265.336	2015.092	141.069	183.925	1823.201	203.607	87.874	1887.271	185.925	96.727	1786.624	205.201	42.006	1714.687	305.467	90.890	1726.510	256.968	155.760	1668.080	177.328	71.147	1629.830	237.327	129.000	1570.547	283.134	183.966	1498.007	256.451	113.916	1444.870	231.279	164.130	1461.053
232.450	564.016	1535.048	276.249	572.007	1361.186	156.749	520.178	1483.565	258.722	233.748	1547.275	295.236	218.106	1384.242	191.174	258.475	1483.102	354.708	460.313	1516.867	362.408	402.913	1547.256	371.781	347.847	1517.047	290.127	576.736	1238.437	216.242	594.997	1251.636	205.762	603.744	1127.700	270.844	584.730	1116.195	219.733	586.277	950.104	204.093	452.584	926.199	301.058	583.968	824.970	231.831	599.885	824.022	245.047	604.558	713.856	303.790	588.885	720.052	327.045	529.138	514.640	296.493	584.927	531.639	237.507	508.798	519.960	161.830	661.343	424.221	126.838	574.723	412.126	330.882	236.589	1215.662	259.066	209.684	1218.385	255.385	215.730	1095.427	313.000	237.518	1089.736	307.840	255.215	942.687	255.259	373.593	906.479	374.604	274.938	797.744	296.012	271.279	794.364	312.804	282.265	686.610	372.339	287.768	689.841	419.649	367.862	527.094	376.285	312.461	523.366	316.216	394.325	530.395	268.120	282.705	379.927	226.081	349.693	396.135	341.628	422.120	1677.139	288.090	433.148	2004.097	336.309	519.223	1842.261	333.474	343.792	1844.978	129.782	425.041	2240.513	17.083	405.706	2136.222	131.175	324.608	2133.459	106.677	519.937	2143.421	178.694	611.721	1989.775	165.238	701.350	1803.220	257.113	754.178	1882.453	238.014	776.515	1781.686	251.334	804.371	1718.701	337.554	735.190	1712.918	212.968	690.242	1646.886	255.292	804.724	1598.300	233.563	714.508	1551.529	279.578	615.312	1521.311	220.691	675.810	1479.971	204.414	616.438	1489.672	177.018	265.206	2017.224	141.053	183.959	1825.082	203.352	87.826	1889.459	185.855	96.672	1788.775	205.236	41.929	1716.678	305.442	90.689	1728.930	257.183	155.741	1670.631	177.545	71.242	1631.859	237.562	129.167	1572.838	283.466	184.213	1500.401	256.778	114.253	1447.198	231.626	164.492	1463.431
233.375	564.244	1537.590	276.373	572.481	1363.350	157.190	520.506	1486.068	259.788	234.010	1549.254	295.728	218.481	1386.269	192.000	258.676	1485.237	355.206	460.510	1518.900	363.206	403.134	1548.975	370.341	347.801	1517.895	290.073	577.282	1240.555	216.106	595.288	1253.923	205.215	603.908	1129.859	270.620	585.295	1118.397	219.265	586.717	952.370	204.027	453.005	928.373	300.566	584.779	827.260	231.242	600.403	826.358	244.539	605.140	716.239	303.322	589.731	722.313	326.825	530.000	516.520	296.169	585.614	533.987	237.395	509.323	522.229	160.649	661.779	427.178	125.900	575.008	415.269	330.280	236.794	1217.697	259.251	209.881	1220.601	255.319	215.819	1097.570	312.951	237.700	1091.586	307.325	255.137	944.595	254.740	373.516	908.514	373.999	274.727	799.682	295.343	271.220	796.234	312.193	282.124	688.676	371.718	287.543	691.734	419.129	367.951	529.027	375.889	312.320	525.596	315.651	394.095	532.175	267.920	281.463	382.374	225.745	348.475	398.178	342.145	422.264	1679.526	287.969	432.969	2006.232	336.461	519.142	1844.482	333.583	343.700	1847.378	129.520	425.357	2242.179	16.700	405.841	2138.164	130.777	324.701	2135.596	106.258	520.076	2145.210	178.722	611.657	1991.753	165.158	701.554	1805.283	257.443	753.903	1884.414	238.108	776.542	1783.734	251.272	804.419	1720.871	337.513	735.130	1714.927	212.667	690.405	1648.872	255.134	804.761	1600.323	233.303	714.549	1553.477	279.386	615.466	1523.427	220.228	675.814	1482.130	204.177	616.322	1491.671	176.637	265.148	2019.177	141.077	183.979	1827.009	203.031	87.746	1891.459	185.790	96.652	1790.756	205.324	41.873	1718.762	305.438	90.446	1731.158	257.366	155.732	1672.971	177.736	71.303	1633.998	237.816	129.319	1575.046	283.887	184.496	1502.844	257.138	114.625	1449.426	231.993	164.854	1465.841
234.339	564.500	1540.109	276.453	572.950	1365.609	157.707	520.875	1488.502	260.858	234.288	1551.103	296.188	218.818	1388.231	192.655	258.866	1487.352	355.785	460.758	1520.719	363.818	403.333	1550.530	370.996	348.262	1519.428	290.007	577.885	1242.705	216.076	595.600	1256.056	205.107	604.356	1132.287	270.360	585.839	1120.587	218.927	587.269	954.645	203.978	453.452	930.491	300.099	585.644	829.458	230.198	600.874	828.370	243.950	605.629	718.419	302.782	590.460	724.542	326.675	530.810	518.262	295.761	586.295	536.111	237.301	509.825	524.518	159.560	662.161	430.115	125.079	575.333	418.202	330.426	237.118	1219.584	259.348	210.126	1222.583	255.238	215.942	1099.593	312.830	237.787	1093.624	306.825	255.027	946.593	254.213	373.373	910.511	373.398	274.455	801.645	294.732	271.140	798.154	311.687	282.033	690.574	371.171	287.310	693.600	418.563	368.076	531.030	375.563	312.171	527.875	315.046	393.875	533.916	267.764	280.346	384.702	225.305	347.246	400.036	342.501	422.378	1681.776	287.850	432.769	2008.326	336.620	519.081	1846.683	333.683	343.549	1849.655	129.017	425.673	2244.491	16.234	406.025	2139.991	130.326	324.805	2137.734	105.852	520.211	2147.024	178.636	611.571	1993.580	165.075	701.714	1807.426	257.651	753.651	1886.413	238.129	776.548	1785.812	251.120	804.446	1722.908	337.192	735.103	1716.685	212.421	690.467	1650.953	255.085	804.582	1601.822	233.057	714.661	1555.520	279.060	615.527	1525.298	219.812	675.856	1484.114	203.947	616.172	1493.847	176.328	265.016	2021.144	141.068	184.050	1828.724	202.662	87.701	1893.494	185.727	96.624	1792.635	205.263	41.844	1720.671	305.601	90.322	1733.271	257.581	155.681	1675.171	177.897	71.423	1635.999	238.051	129.486	1577.219	284.206	184.775	1505.047	257.493	114.999	1451.635	232.302	165.216	1468.039
235.241	564.694	1542.399	276.825	573.406	1367.720	158.226	521.270	1490.821	261.995	234.640	1553.020	296.647	219.287	1390.071	193.369	259.077	1489.353	356.333	461.058	1522.552	364.326	403.534	1551.907	371.767	348.646	1521.079	289.940	578.345	1244.623	216.430	596.219	1258.422	204.866	604.721	1134.340	270.112	586.407	1122.676	218.479	587.772	956.709	203.756	453.908	932.509	299.570	586.408	831.611	230.012	601.250	830.546	243.530	606.112	720.511	302.314	591.298	726.723	326.475	531.554	520.008	295.466	586.894	538.246	237.176	510.273	526.659	158.557	662.552	432.824	124.337	575.529	421.010	330.574	237.095	1221.395	259.410	210.621	1224.482	255.006	216.006	1101.572	312.548	237.850	1095.362	306.331	254.960	948.405	253.636	373.246	912.381	372.713	274.158	803.470	294.101	271.010	799.980	310.998	281.853	692.331	370.619	287.036	695.545	417.881	368.134	532.822	375.183	312.057	529.903	314.440	393.615	535.651	267.509	279.163	387.046	224.778	346.041	401.900	342.947	422.532	1684.063	287.686	432.560	2010.430	336.808	519.040	1848.872	333.788	343.449	1851.984	128.578	426.034	2246.214	15.811	406.139	2141.875	129.942	324.872	2139.743	105.348	520.290	2148.622	178.629	611.485	1995.526	164.939	701.742	1809.437	257.764	753.394	1888.347	238.072	776.486	1787.761	251.002	804.455	1724.903	337.121	735.108	1718.646	212.077	690.535	1652.802	254.680	804.827	1604.109	232.773	714.698	1557.500	278.900	615.632	1527.243	219.432	675.858	1486.289	203.706	616.050	1495.744	176.019	264.916	2022.987	141.165	184.138	1830.588	202.285	87.609	1895.371	185.647	96.598	1794.512	205.301	41.822	1722.564	305.601	90.008	1735.340	257.762	155.674	1677.145	178.106	71.575	1637.855	238.330	129.709	1579.310	284.624	185.103	1507.345	257.837	115.421	1453.732	232.710	165.615	1470.223
236.240	564.965	1544.729	276.875	573.867	1369.710	158.783	521.720	1493.117	263.072	234.918	1554.727	297.058	219.613	1391.971	194.081	259.275	1491.474	356.864	461.305	1524.311	364.984	403.790	1553.265	372.440	349.047	1522.516	289.902	578.869	1246.570	216.101	596.471	1260.278	204.749	605.244	1136.643	269.833	587.012	1124.602	218.033	588.300	958.842	203.576	454.430	934.519	299.030	587.199	833.765	229.055	601.765	832.485	242.985	606.575	722.591	301.926	592.076	728.878	326.352	532.268	521.709	295.161	587.517	540.186	237.144	510.706	528.779	157.781	662.944	435.586	123.754	575.820	423.596	330.604	237.215	1223.135	259.412	210.867	1226.379	254.801	216.115	1103.513	312.357	237.878	1097.119	305.729	254.840	950.120	253.160	373.160	914.282	372.136	273.890	805.183	293.522	270.874	801.744	310.308	281.630	694.185	369.975	286.792	697.253	417.251	368.261	534.629	374.733	311.867	531.776	313.781	393.351	537.246	267.247	277.965	389.286	224.338	344.871	403.711	343.364	422.662	1686.300	287.549	432.337	2012.461	336.964	518.968	1851.111	333.953	343.413	1854.272	128.066	426.290	2248.206	15.374	406.272	2143.502	129.476	324.937	2141.678	105.108	520.362	2150.155	178.569	611.369	1997.307	164.880	701.717	1811.368	257.787	753.192	1890.285	238.050	776.439	1789.721	250.869	804.488	1726.885	336.803	735.138	1720.329	211.891	690.558	1654.774	254.412	804.885	1606.105	232.577	714.734	1559.320	278.654	615.733	1529.055	219.037	675.867	1488.164	203.478	615.897	1497.753	175.716	264.810	2024.842	141.152	184.221	1832.207	201.860	87.549	1897.157	185.607	96.622	1796.340	205.412	41.741	1724.139	305.698	89.970	1737.362	258.063	155.736	1679.177	178.324	71.709	1639.679	238.566	129.921	1581.335	285.010	185.446	1509.476	258.225	115.855	1455.807	233.086	166.040	1472.404
237.288	565.099	1546.846	277.062	574.354	1371.666	159.293	522.129	1495.305	264.138	235.282	1556.503	297.505	220.006	1393.732	194.687	259.534	1493.356	357.321	461.570	1525.846	365.655	404.065	1554.460	373.112	349.540	1524.016	289.984	579.648	1248.478	216.052	596.739	1262.362	204.088	605.441	1138.329	269.567	587.590	1126.427	217.512	588.872	960.830	203.309	454.920	936.485	298.492	587.924	835.832	228.404	602.207	834.511	242.541	607.104	724.591	301.500	592.804	730.935	326.189	532.883	523.423	294.882	588.086	542.075	237.116	511.119	530.744	156.983	663.282	438.095	123.229	576.070	426.243	330.593	237.778	1224.596	259.618	210.830	1228.465	254.501	216.168	1105.334	312.078	237.885	1098.797	305.297	254.749	951.950	252.656	373.002	916.053	371.589	273.648	806.950	292.885	270.718	803.413	309.737	281.503	695.946	369.332	286.467	698.851	416.583	368.322	536.398	374.344	311.753	533.669	313.055	393.022	538.770	266.973	276.858	391.372	223.798	343.647	405.580	343.831	422.777	1688.454	287.458	432.153	2014.453	337.149	518.909	1853.346	334.081	343.395	1856.517	127.546	426.582	2249.673	14.903	406.373	2145.001	129.039	324.973	2143.629	104.726	520.423	2151.844	178.488	611.254	1999.092	164.714	701.600	1813.216	257.712	753.006	1892.064	237.916	776.329	1791.570	250.608	804.424	1728.721	336.688	735.087	1722.241	211.678	690.541	1656.584	254.111	804.906	1608.015	232.247	714.804	1561.325	278.490	615.795	1530.829	218.625	675.846	1490.149	203.294	615.776	1499.732	175.367	264.707	2026.504	141.186	184.361	1833.891	201.517	87.466	1898.981	185.530	96.631	1798.020	205.432	41.726	1725.895	305.806	89.939	1739.421	258.201	155.706	1681.134	178.494	71.833	1641.472	238.891	130.133	1583.249	285.437	185.798	1511.658	258.582	116.310	1457.704	233.444	166.463	1474.455
238.241	565.459	1548.898	277.145	574.995	1373.844	159.838	522.566	1497.323	265.206	235.618	1558.124	298.028	220.312	1395.495	195.384	259.851	1495.297	357.903	461.930	1527.435	366.316	404.380	1555.751	373.851	350.135	1525.454	289.888	580.107	1250.281	216.220	597.300	1264.343	203.831	605.809	1140.267	269.307	588.143	1128.290	217.036	589.379	962.789	203.026	455.418	938.269	298.023	588.640	837.831	227.911	602.642	836.472	242.009	607.309	726.712	301.084	593.725	732.699	326.169	533.506	525.162	294.765	588.577	544.136	237.081	511.530	532.732	156.329	663.610	440.645	122.743	576.330	428.637	330.675	237.713	1226.262	259.528	211.173	1230.160	254.442	215.872	1106.863	311.701	238.030	1100.376	304.729	254.643	953.541	252.121	372.855	917.726	370.952	273.286	808.542	292.272	270.552	805.052	308.953	281.225	697.638	368.858	286.309	700.597	415.824	368.342	538.002	373.882	311.527	535.555	312.321	392.662	540.447	266.591	275.747	393.533	223.243	342.419	407.199	344.300	422.931	1690.614	287.288	431.925	2016.411	337.366	518.835	1855.523	334.246	343.369	1858.717	126.905	426.797	2251.510	14.523	406.442	2146.442	128.548	325.000	2145.314	104.265	520.460	2153.179	178.324	611.122	2000.815	164.539	701.449	1814.959	257.556	752.845	1893.815	237.741	776.214	1793.414	250.375	804.458	1730.616	336.426	735.128	1723.869	211.614	690.806	1658.284	253.792	804.909	1609.868	232.005	714.799	1563.054	280.030	615.764	1532.836	218.267	675.855	1492.031	203.078	615.647	1501.543	175.075	264.569	2028.267	141.242	184.474	1835.344	201.005	87.335	1900.502	185.437	96.669	1799.566	205.471	41.760	1727.603	305.858	89.836	1741.330	258.434	155.778	1683.140	178.732	72.004	1643.112	239.194	130.375	1585.075	285.799	186.116	1513.599	258.965	116.744	1459.586	233.809	166.870	1476.389
239.397	565.538	1550.853	277.304	575.618	1375.534	160.233	522.987	1499.218	266.155	235.939	1559.794	298.474	220.627	1397.213	196.082	260.125	1497.087	358.533	462.373	1528.895	366.860	404.700	1556.838	374.511	350.633	1526.748	289.920	580.846	1252.033	215.897	597.583	1266.065	203.378	606.140	1142.110	269.039	588.791	1130.105	216.488	589.883	964.663	202.659	455.929	940.178	297.467	589.354	839.802	227.284	603.117	838.186	241.538	607.741	728.531	300.678	594.441	734.607	326.030	534.075	526.822	294.588	589.069	545.958	237.067	511.926	534.684	155.803	663.934	443.012	122.385	576.639	431.002	330.710	237.778	1227.751	259.529	211.426	1231.954	253.952	216.325	1108.814	311.516	237.822	1102.046	304.203	254.488	955.147	251.592	372.713	919.396	370.315	272.997	810.076	291.702	270.365	806.797	308.295	281.005	699.192	368.085	285.866	702.167	415.104	368.427	539.575	373.320	311.289	537.282	311.572	392.295	541.920	266.238	274.722	395.461	222.641	341.272	408.903	344.785	423.089	1692.738	287.105	431.687	2018.318	337.554	518.785	1857.682	334.327	343.322	1860.865	126.319	427.080	2253.028	13.976	406.515	2147.891	128.176	325.008	2147.199	103.997	520.473	2154.516	178.240	610.980	2002.477	164.427	701.230	1816.680	257.299	752.744	1895.571	237.523	776.065	1795.165	250.188	804.376	1732.369	336.304	735.125	1725.713	211.457	690.762	1660.100	253.457	804.899	1611.669	231.777	714.791	1564.856	279.942	615.875	1534.427	217.868	675.823	1493.687	202.904	615.523	1503.412	174.754	264.469	2029.774	141.277	184.633	1836.675	200.588	87.295	1902.095	185.372	96.724	1801.026	205.481	41.743	1729.253	306.066	89.686	1743.113	258.599	155.760	1684.894	178.886	72.164	1644.751	239.486	130.610	1586.894	286.133	186.430	1515.565	259.341	117.190	1461.405	234.212	167.321	1478.327
240.246	565.748	1552.689	277.342	576.232	1377.339	160.882	523.467	1501.221	267.113	236.281	1561.290	298.914	220.999	1398.797	196.874	260.487	1498.767	359.049	462.764	1530.321	367.567	405.123	1558.015	375.250	351.141	1528.188	289.893	581.272	1253.538	216.164	598.191	1267.945	203.342	606.730	1144.088	268.820	589.381	1131.809	216.041	590.435	966.420	202.150	456.419	941.960	296.993	589.972	841.589	226.832	603.492	840.115	241.186	608.165	730.333	300.187	595.110	736.456	326.001	534.607	528.523	294.433	589.520	547.853	237.046	512.289	536.460	155.354	664.223	445.344	122.041	576.869	433.215	330.712	237.682	1229.225	259.397	211.805	1233.378	253.774	216.004	1110.283	311.101	237.925	1103.424	303.751	254.357	956.781	251.269	372.589	921.076	369.851	272.728	811.682	291.084	270.134	808.268	307.694	280.803	700.781	367.457	285.562	703.678	414.344	368.371	541.052	372.824	311.124	538.928	310.757	391.821	543.462	265.679	273.643	397.396	221.967	340.022	410.560	345.153	423.246	1694.711	286.877	431.466	2020.245	337.754	518.729	1859.819	334.498	343.357	1862.989	125.554	427.265	2254.602	13.637	406.545	2149.179	127.629	324.995	2148.798	103.738	520.347	2155.684	178.137	610.862	2004.178	164.254	700.962	1818.242	256.962	752.691	1897.309	237.276	775.925	1796.828	249.895	804.327	1734.078	335.996	735.231	1727.269	211.309	690.650	1661.730	253.106	804.880	1613.423	231.463	714.798	1566.694	279.853	615.996	1536.168	217.588	675.849	1495.561	202.732	615.399	1505.166	174.524	264.306	2031.320	141.401	184.800	1838.212	200.146	87.251	1903.641	185.307	96.731	1802.601	205.531	41.747	1730.487	306.083	89.392	1744.633	258.920	155.751	1686.739	179.132	72.369	1646.263	239.770	130.890	1588.503	286.424	186.749	1517.320	259.691	117.638	1463.066	234.568	167.714	1480.103
241.100	565.951	1554.301	277.455	576.803	1378.894	161.357	523.877	1502.907	268.102	236.594	1562.838	299.327	221.327	1400.394	197.503	260.871	1500.506	359.479	463.143	1531.580	368.173	405.511	1559.097	375.938	351.745	1529.594	289.896	581.791	1255.148	216.157	598.529	1269.659	203.340	607.286	1146.008	268.589	589.919	1133.343	215.508	590.959	968.134	201.695	456.977	943.724	296.454	590.509	843.425	226.391	603.932	841.890	240.786	608.646	732.064	299.524	595.614	738.439	325.927	535.060	530.115	294.401	589.929	549.649	237.021	512.661	538.324	155.033	664.658	447.600	121.831	577.222	435.255	330.733	238.012	1230.556	258.935	211.103	1235.342	253.479	216.061	1111.964	310.790	237.832	1104.874	303.202	254.238	958.298	250.759	372.430	922.561	369.203	272.379	813.180	290.494	269.940	809.784	306.909	280.493	702.359	366.767	285.269	705.075	413.577	368.354	542.507	372.312	310.897	540.660	309.914	391.412	544.920	265.155	272.666	399.366	221.221	338.944	412.313	345.459	423.420	1696.590	286.690	431.283	2022.083	337.924	518.672	1861.943	334.667	343.399	1864.985	124.900	427.407	2256.013	13.095	406.568	2150.311	127.192	324.950	2150.450	103.390	520.291	2156.840	177.900	610.701	2005.814	164.140	700.605	1819.800	256.561	752.615	1899.039	236.974	775.751	1798.382	249.572	804.252	1735.860	335.900	735.305	1728.986	211.228	690.536	1663.486	252.740	804.855	1615.134	231.273	714.763	1568.181	279.739	616.132	1537.704	217.199	675.826	1497.208	202.562	615.323	1506.910	174.224	264.191	2032.791	141.487	184.929	1839.411	199.731	87.121	1905.018	185.237	96.806	1803.899	205.557	41.787	1732.102	306.188	89.303	1746.268	259.156	155.775	1688.261	179.267	72.476	1647.701	240.116	131.149	1590.156	286.825	187.099	1519.195	260.058	118.100	1464.723	234.928	168.173	1481.852
241.825	566.130	1555.777	277.690	577.390	1380.528	161.889	524.295	1504.628	268.941	237.003	1564.284	299.827	221.681	1401.981	198.067	261.142	1502.095	359.993	463.577	1532.818	368.765	405.961	1560.197	376.510	352.383	1530.647	289.910	582.436	1256.788	216.205	598.976	1271.438	203.081	607.699	1147.602	268.385	590.527	1135.030	214.976	591.522	969.866	201.167	457.587	945.464	295.940	591.080	845.201	225.857	604.384	843.421	240.434	609.062	733.650	299.474	596.199	739.988	325.854	535.449	531.737	294.273	590.353	551.257	236.993	512.986	540.005	154.778	664.968	449.664	121.616	577.526	437.235	330.682	238.015	1231.838	258.927	211.294	1236.971	252.947	216.534	1113.680	310.619	237.594	1106.376	302.740	254.094	959.728	250.240	372.271	924.024	368.533	272.062	814.540	289.949	269.694	811.301	306.289	280.214	703.776	366.161	284.934	706.544	412.776	368.296	543.846	371.566	310.666	541.885	309.195	391.045	546.313	264.523	271.729	401.101	220.373	337.939	413.895	345.787	423.628	1698.363	286.466	431.075	2023.870	338.137	518.628	1864.024	334.906	343.483	1867.017	124.200	427.519	2257.363	12.712	406.556	2151.519	126.721	324.907	2151.975	102.943	520.303	2157.979	177.725	610.511	2007.193	164.025	700.246	1821.226	256.041	752.605	1900.544	236.725	775.618	1800.028	249.258	804.190	1737.490	335.613	735.386	1730.517	211.163	690.410	1665.103	252.361	804.831	1616.808	230.936	714.755	1569.962	279.660	616.244	1539.232	216.884	675.814	1498.829	202.402	615.226	1508.571	174.012	264.027	2034.179	141.549	185.114	1840.636	199.270	87.086	1906.251	185.212	96.876	1805.167	205.561	41.820	1733.421	306.356	89.385	1747.920	259.301	155.903	1690.116	179.532	72.695	1649.005	240.401	131.404	1591.690	287.228	187.441	1520.853	260.396	118.543	1466.283	235.240	168.587	1483.479
242.569	566.359	1557.302	277.649	578.013	1382.117	162.317	524.628	1506.181	269.819	237.367	1565.688	300.257	222.055	1403.461	198.745	261.503	1503.791	360.520	464.089	1533.991	369.376	406.448	1561.379	377.114	352.981	1531.893	289.953	582.963	1258.169	216.298	599.469	1273.040	203.119	608.330	1149.371	268.215	591.093	1136.456	214.489	592.062	971.378	200.538	458.138	947.032	295.493	591.571	846.839	225.384	604.862	845.014	240.093	609.534	735.368	299.242	596.660	741.655	325.900	535.849	533.201	294.283	590.669	553.063	236.984	513.314	541.556	154.606	665.285	451.630	121.468	577.877	439.222	330.677	238.003	1233.170	258.871	211.504	1238.441	252.827	216.203	1115.045	310.216	237.619	1107.666	302.081	253.716	961.164	249.968	372.170	925.568	367.954	271.780	815.765	289.326	269.454	812.710	305.576	279.913	705.159	365.462	284.649	707.874	411.964	368.184	545.070	370.899	310.349	543.298	308.327	390.643	547.581	263.760	270.828	402.933	219.518	336.958	415.440	346.161	423.817	1700.175	286.252	430.880	2025.611	338.322	518.581	1866.065	335.137	343.603	1868.971	123.395	427.638	2258.431	12.249	406.546	2152.494	126.205	324.825	2153.313	102.402	520.232	2159.182	177.511	610.356	2008.767	163.823	699.825	1822.612	255.489	752.606	1902.079	236.362	775.429	1801.462	248.918	804.088	1739.046	335.446	735.510	1732.120	211.101	690.277	1666.838	251.969	804.810	1618.450	230.653	714.754	1571.613	279.525	616.406	1540.710	216.561	675.846	1500.490	202.278	615.147	1510.134	173.759	263.883	2035.499	141.543	185.286	1841.853	198.952	86.992	1907.549	185.170	96.956	1806.344	205.662	41.818	1734.658	306.329	89.171	1749.221	259.545	155.945	1691.455	179.772	72.860	1650.433	240.689	131.642	1593.086	287.649	187.792	1522.430	260.796	119.008	1467.808	235.615	169.069	1485.169
243.207	566.568	1558.509	277.734	578.651	1383.461	162.699	524.946	1507.602	270.720	237.714	1567.043	300.724	222.334	1404.970	199.293	261.826	1505.245	361.023	464.567	1535.214	369.922	406.940	1562.449	377.703	353.618	1533.149	290.024	583.506	1259.714	216.354	599.938	1274.564	202.712	608.754	1150.786	268.094	591.611	1137.944	214.044	592.647	972.974	199.976	458.763	948.695	295.056	592.056	848.470	224.989	605.367	846.648	239.821	609.969	736.842	298.895	597.102	743.290	325.829	536.109	534.701	294.274	590.954	554.585	236.942	513.607	543.223	154.556	665.641	453.464	121.382	578.208	440.936	330.794	237.736	1234.565	258.516	212.245	1239.646	252.555	216.283	1116.431	309.981	237.533	1108.962	301.602	253.517	962.532	249.550	372.018	926.926	367.396	271.485	817.119	288.712	269.201	813.971	305.091	279.683	706.402	364.849	284.328	709.102	411.139	367.989	546.195	370.232	310.098	544.691	307.467	390.222	548.944	262.926	269.908	404.600	218.567	335.998	417.011	346.614	424.035	1701.939	286.031	430.751	2027.380	338.521	518.547	1868.120	335.302	343.649	1870.767	122.666	427.640	2259.555	11.769	406.496	2153.405	125.441	324.627	2154.803	102.107	520.118	2160.332	177.338	610.207	2010.273	163.602	699.398	1823.863	254.910	752.657	1903.717	235.928	775.224	1802.883	248.608	804.026	1740.652	335.279	735.617	1733.615	210.821	689.689	1668.709	251.566	804.798	1620.065	230.426	714.724	1573.036	279.421	616.646	1542.147	216.376	675.876	1502.009	202.203	615.098	1511.699	173.583	263.713	2036.704	141.707	185.452	1842.962	198.582	86.909	1908.655	185.148	97.032	1807.534	205.741	41.865	1735.880	306.475	89.023	1750.756	259.867	155.999	1693.057	179.954	73.039	1651.571	241.008	131.884	1594.535	288.049	188.126	1524.018	261.189	119.505	1469.166	235.981	169.530	1486.740
243.829	566.819	1559.841	277.884	579.340	1384.724	163.144	525.232	1509.132	271.560	238.195	1568.300	301.166	222.714	1406.318	199.858	262.159	1506.790	361.432	465.002	1536.254	370.415	407.415	1563.540	378.429	354.197	1534.427	290.096	584.012	1260.919	216.388	600.406	1275.983	202.422	609.234	1152.153	267.958	592.117	1139.297	213.533	593.257	974.431	199.313	459.374	950.292	294.655	592.455	850.002	224.609	605.810	848.014	239.533	610.354	738.300	298.682	597.427	744.793	325.802	536.340	536.147	294.328	591.237	556.182	236.898	513.925	544.786	154.511	666.013	455.191	121.297	578.654	442.641	330.713	237.982	1235.638	258.811	211.945	1241.279	252.142	216.723	1118.116	309.817	237.295	1110.323	300.981	253.473	963.733	249.173	371.886	928.116	366.862	271.149	818.339	288.131	268.944	815.333	304.249	279.341	707.765	364.168	283.931	710.399	410.336	367.772	547.309	369.554	309.765	546.023	306.662	389.815	550.161	262.021	269.097	406.246	217.556	335.121	418.484	346.916	424.278	1703.567	285.830	430.607	2029.059	338.710	518.507	1870.102	335.446	343.699	1872.437	121.838	427.616	2261.111	11.344	406.421	2154.242	124.950	324.535	2156.114	101.635	519.961	2161.221	177.020	610.017	2011.477	165.676	699.058	1824.366	254.417	752.639	1905.030	235.621	775.069	1804.302	248.209	803.935	1742.127	335.038	735.748	1735.091	210.794	689.504	1670.202	251.153	804.798	1621.657	230.158	714.736	1574.637	279.337	616.835	1543.535	216.044	675.912	1503.423	202.119	615.057	1513.164	173.404	263.516	2037.943	141.817	185.642	1843.971	198.156	86.895	1909.896	185.161	97.089	1808.613	205.882	41.853	1736.705	306.633	88.930	1752.063	260.065	156.054	1694.140	180.272	73.224	1652.714	241.355	132.124	1595.772	288.480	188.492	1525.411	261.597	119.963	1470.436	236.168	169.929	1488.097
244.309	567.098	1560.927	277.980	580.017	1386.037	163.565	525.525	1510.383	272.279	238.536	1569.543	301.588	223.011	1407.738	200.367	262.500	1508.078	361.941	465.522	1537.369	370.952	407.948	1564.605	378.904	354.761	1535.436	290.188	584.473	1262.248	216.532	600.928	1277.389	202.593	609.882	1153.744	267.856	592.627	1140.587	213.036	593.851	975.748	198.707	459.946	951.696	294.258	592.856	851.448	224.185	606.247	849.358	239.372	610.738	739.679	298.492	597.774	746.414	325.861	536.592	537.501	294.379	591.480	557.600	236.838	514.179	546.247	154.606	666.432	456.835	121.279	579.075	444.340	330.754	238.026	1236.792	258.576	212.426	1242.552	252.110	216.408	1119.206	309.526	237.358	1111.486	300.553	253.319	964.969	248.785	371.757	929.411	366.244	270.833	819.565	287.595	268.703	816.605	303.676	279.054	708.981	363.496	283.664	711.420	409.491	367.488	548.305	368.853	309.382	547.255	305.805	389.383	551.389	260.961	268.296	407.911	216.453	334.342	420.152	347.373	424.581	1705.087	285.565	430.435	2030.619	338.916	518.462	1872.024	335.702	343.825	1874.134	120.925	427.564	2262.168	10.909	406.328	2155.146	124.699	324.401	2157.688	101.213	519.866	2162.099	176.829	609.857	2012.959	165.468	698.591	1825.540	253.711	752.715	1906.438	235.192	774.895	1805.586	247.871	803.822	1743.486	334.825	735.907	1736.568	210.772	689.351	1671.773	250.941	805.055	1622.476	229.930	714.734	1576.107	279.220	616.992	1544.846	215.746	675.963	1504.950	202.035	615.040	1514.621	173.243	263.360	2039.047	141.939	185.788	1844.902	197.892	86.835	1910.789	185.175	97.206	1809.514	205.936	41.919	1737.952	306.689	88.746	1753.059	260.408	156.113	1695.516	180.463	73.368	1653.832	241.582	132.324	1596.964	288.885	188.828	1526.773	261.975	120.388	1471.650	236.574	170.306	1489.467
244.751	567.401	1562.049	277.991	580.632	1387.323	163.877	525.722	1511.593	272.985	238.845	1570.859	301.991	223.374	1408.957	201.146	262.936	1509.472	362.438	466.054	1538.443	371.431	408.500	1565.737	379.470	355.422	1536.617	290.312	584.916	1263.402	216.689	601.435	1278.729	202.269	610.244	1154.940	267.736	593.105	1141.868	212.695	594.441	977.163	197.997	460.565	953.262	294.070	593.117	852.937	223.935	606.715	850.641	239.175	611.109	741.007	298.324	598.049	747.760	325.818	536.733	538.877	294.423	591.673	559.051	236.830	514.467	547.629	154.770	666.867	458.405	121.255	579.536	445.970	330.858	238.078	1237.975	258.529	212.645	1243.834	251.923	216.416	1120.549	309.307	237.294	1112.626	300.197	253.210	966.153	248.558	371.686	930.667	365.721	270.527	820.532	287.006	268.476	817.821	302.920	278.716	710.234	362.806	283.276	712.609	408.659	367.144	549.165	367.992	308.859	548.331	305.009	388.975	552.486	259.875	267.514	409.436	215.359	333.580	421.686	347.744	424.807	1706.662	285.213	430.833	2032.563	339.052	518.455	1873.992	335.858	343.872	1875.740	120.222	427.447	2263.033	10.516	406.261	2155.811	124.164	324.214	2158.720	100.782	519.680	2163.112	176.609	609.696	2014.270	165.410	698.161	1826.660	252.978	752.826	1907.887	234.710	774.692	1806.858	247.551	803.776	1744.984	334.618	736.045	1737.978	210.714	689.196	1673.086	250.730	805.312	1623.295	229.726	714.768	1577.493	279.128	617.210	1546.106	215.588	676.067	1506.358	201.928	615.046	1515.958	173.102	263.170	2040.065	142.046	185.888	1845.848	197.543	86.749	1911.768	185.217	97.260	1810.455	206.073	41.974	1738.872	306.763	88.534	1754.239	260.626	156.192	1696.651	180.758	73.574	1654.744	241.936	132.578	1598.145	289.363	189.129	1528.083	262.323	120.792	1472.852	236.974	170.728	1490.788
245.140	567.716	1563.029	277.971	581.217	1388.393	164.303	525.983	1512.877	273.680	239.258	1572.076	302.425	223.711	1410.216	201.776	263.315	1510.662	362.800	466.541	1539.442	371.940	409.064	1566.870	379.971	355.964	1537.720	290.404	585.369	1264.633	216.811	601.920	1279.901	202.078	610.656	1156.037	267.687	593.525	1143.038	212.229	594.996	978.367	197.334	461.206	954.639	293.739	593.415	854.252	223.974	607.114	851.977	239.080	611.501	742.281	298.111	598.265	749.128	325.817	536.795	540.093	294.480	591.813	560.250	236.778	514.710	549.020	154.927	667.326	459.917	121.247	580.111	447.534	330.877	238.156	1239.049	258.632	212.869	1245.128	251.546	216.903	1122.047	309.271	237.120	1113.890	299.797	253.072	967.303	248.265	371.604	931.933	365.199	270.238	821.627	286.472	268.210	818.910	302.307	278.421	711.250	362.193	282.893	713.706	407.841	366.743	549.988	367.253	308.475	549.309	304.267	388.574	553.586	258.684	266.756	410.990	214.190	332.838	423.061	348.121	425.065	1708.102	285.061	430.751	2034.022	339.235	518.460	1875.850	336.021	343.901	1877.161	119.390	427.247	2263.892	10.098	406.161	2156.393	123.688	324.028	2159.594	100.379	519.524	2164.090	176.321	609.531	2015.412	165.241	697.657	1827.736	252.166	752.923	1909.101	234.259	774.521	1808.000	247.228	803.333	1746.054	334.443	736.546	1739.604	210.665	689.098	1674.516	250.518	805.569	1624.114	229.469	714.795	1578.788	279.057	617.410	1547.447	215.214	676.138	1507.680	201.892	615.053	1517.209	172.992	262.991	2040.997	142.187	186.011	1846.768	197.352	86.723	1912.622	185.262	97.357	1811.378	206.219	42.012	1739.788	307.117	88.723	1755.436	260.808	156.276	1697.717	181.047	73.741	1655.598	242.244	132.798	1599.169	289.727	189.439	1529.266	262.734	121.213	1473.898	237.319	171.093	1491.815
245.433	568.028	1563.953	278.037	581.799	1389.430	164.614	526.200	1514.005	274.247	239.607	1573.210	302.839	224.074	1411.372	202.255	263.704	1511.890	363.167	466.998	1540.394	372.355	409.580	1567.878	380.510	356.585	1538.976	290.539	585.775	1265.687	217.028	602.485	1281.273	202.284	611.281	1157.387	267.683	593.934	1144.156	211.852	595.566	979.673	196.562	461.868	955.985	293.501	593.668	855.571	223.721	607.586	853.071	238.961	611.852	743.413	298.046	598.414	750.414	325.885	536.855	541.222	294.711	591.923	561.667	236.765	514.965	550.297	155.183	667.815	461.421	121.280	580.650	449.019	331.071	238.317	1240.040	258.105	212.904	1246.339	251.883	216.857	1123.195	309.044	237.222	1114.890	299.473	252.944	968.368	247.952	371.495	932.847	364.667	269.948	822.627	285.918	267.994	820.003	301.417	278.063	712.453	361.616	282.622	714.672	407.039	366.320	550.765	366.459	308.015	550.301	303.463	388.148	554.641	257.329	266.058	412.476	212.927	332.188	424.545	348.475	425.369	1709.407	284.816	430.623	2035.369	339.424	518.493	1877.620	336.295	344.027	1878.643	118.648	427.104	2264.953	9.651	406.049	2157.002	123.119	323.779	2160.650	99.563	518.993	2165.486	176.086	609.341	2016.618	165.099	697.189	1828.656	251.411	753.062	1910.249	233.860	774.380	1809.238	246.832	803.272	1747.357	334.151	736.829	1740.872	210.621	688.983	1675.867	250.306	805.826	1624.933	229.254	714.899	1580.170	279.029	617.679	1548.540	215.077	676.297	1508.943	201.829	615.118	1518.594	172.924	262.758	2041.952	142.347	186.162	1847.457	197.154	86.681	1913.438	185.334	97.429	1812.161	206.348	42.057	1740.554	307.308	88.523	1756.321	261.129	156.379	1698.752	181.361	73.891	1656.346	242.629	133.172	1600.106	290.184	189.721	1530.292	263.123	121.632	1474.862	237.725	171.507	1492.983
245.667	568.349	1564.933	278.247	582.413	1390.448	164.921	526.411	1514.938	274.743	240.009	1574.379	303.212	224.393	1412.504	202.703	264.053	1513.099	363.610	467.544	1541.340	372.871	410.173	1569.028	380.999	357.173	1540.056	290.699	586.190	1266.802	217.206	602.963	1282.388	202.546	611.892	1158.748	267.640	594.358	1145.238	211.519	596.145	980.701	195.844	462.521	957.246	293.281	593.903	856.735	223.593	608.073	854.235	238.993	612.444	744.332	298.063	598.383	751.867	325.887	536.869	542.378	294.857	591.958	562.781	236.741	515.191	551.534	155.479	668.306	462.761	121.288	581.257	450.522	331.093	238.360	1241.187	258.147	213.082	1247.500	251.738	216.886	1124.442	308.898	237.178	1115.956	299.102	252.817	969.411	247.655	371.413	933.975	364.096	269.591	823.552	285.336	267.763	820.984	300.824	277.816	713.417	360.818	282.165	715.546	406.298	365.867	551.356	365.658	307.536	551.317	302.729	387.740	555.572	255.948	265.412	413.862	211.638	331.620	426.006	348.880	425.687	1710.757	284.653	430.504	2036.733	339.529	518.532	1879.337	336.513	344.105	1879.995	117.995	426.920	2265.844	9.266	405.894	2157.546	122.583	323.537	2161.677	99.744	519.178	2165.642	175.879	609.175	2017.854	164.140	696.520	1829.798	250.654	753.182	1911.577	233.332	774.171	1810.317	246.527	803.248	1748.582	333.989	736.936	1742.185	210.576	688.910	1677.030	250.095	806.083	1625.752	229.021	715.018	1581.466	278.938	617.944	1549.646	214.878	676.424	1510.228	201.804	615.154	1519.712	172.830	262.564	2042.822	142.476	186.256	1848.168	196.981	86.633	1914.266	185.433	97.467	1812.800	206.540	42.067	1741.072	307.554	88.616	1757.300	261.502	156.391	1699.665	181.614	74.049	1657.232	242.936	133.370	1600.986	290.585	190.022	1531.409	263.553	122.027	1475.840	238.138	171.863	1493.973
245.801	568.693	1565.851	278.434	583.003	1391.534	165.212	526.583	1516.001	275.357	240.371	1575.449	303.650	224.694	1413.574	203.147	264.370	1514.197	364.039	468.085	1542.286	373.257	410.716	1570.099	381.469	357.753	1541.093	290.899	586.539	1267.698	217.451	603.465	1283.433	202.659	612.402	1159.939	267.689	594.800	1146.263	211.209	596.739	981.917	195.055	463.173	958.402	293.025	594.080	857.948	223.402	608.558	855.328	239.114	612.840	745.578	297.964	598.507	752.987	325.899	536.819	543.366	294.959	591.989	563.919	236.596	515.218	552.810	155.808	668.804	464.112	121.336	581.790	451.868	331.091	238.414	1242.142	258.423	212.774	1248.705	251.699	216.966	1125.504	308.810	237.203	1116.963	298.877	252.762	970.514	247.476	371.363	934.978	363.549	269.273	824.413	284.804	267.567	822.094	299.984	277.470	714.433	360.244	281.883	716.444	405.543	365.345	551.938	364.766	307.025	552.071	301.943	387.282	556.525	254.526	264.722	415.341	210.312	331.074	427.531	349.259	426.041	1711.909	284.498	430.378	2037.980	339.671	518.593	1880.936	336.653	344.146	1881.168	117.239	426.660	2266.718	8.863	405.731	2158.052	122.046	323.253	2162.412	99.395	518.949	2166.306	175.544	608.966	2018.832	163.867	696.090	1830.902	249.793	753.274	1912.633	232.898	774.060	1811.359	246.194	803.236	1749.902	333.732	737.168	1743.469	210.496	688.891	1678.269	249.883	806.340	1626.572	228.843	715.097	1582.531	278.925	618.209	1550.852	214.633	676.621	1511.401	201.735	615.275	1520.831	172.804	262.349	2043.577	142.636	186.331	1848.822	196.875	86.576	1914.805	185.548	97.550	1813.403	206.684	42.156	1741.964	307.765	88.584	1758.004	261.695	156.523	1700.545	181.953	74.154	1657.939	243.295	133.605	1601.816	292.004	190.197	1532.086	263.968	122.460	1476.611	238.573	172.213	1494.910
245.966	569.061	1566.634	278.385	583.611	1392.438	165.597	526.818	1517.015	275.748	240.749	1576.518	304.006	225.101	1414.483	203.689	264.781	1515.192	364.365	468.573	1543.202	373.597	411.212	1571.161	380.762	359.159	1540.954	291.101	586.958	1268.633	217.779	604.009	1284.583	202.766	612.414	1160.671	267.749	595.170	1147.203	210.900	597.302	982.869	194.397	463.826	959.587	292.891	594.217	858.947	223.310	609.059	856.316	239.177	613.221	746.629	297.934	598.614	754.160	325.988	536.744	544.350	295.140	591.984	564.901	236.541	515.410	554.003	156.185	669.270	465.508	121.346	582.420	453.280	331.235	238.288	1243.282	258.072	213.643	1249.504	251.621	217.037	1126.547	308.751	237.242	1117.921	298.547	252.624	971.405	247.285	371.349	936.012	363.040	268.957	825.269	284.310	267.367	823.008	299.390	277.197	715.349	359.450	281.421	717.204	404.764	364.729	552.386	363.905	306.509	552.886	301.293	386.891	557.486	252.920	264.106	416.769	208.946	330.542	428.978	349.709	426.336	1713.154	284.336	430.264	2039.128	339.804	518.673	1882.588	336.982	344.253	1882.321	116.567	426.406	2267.408	8.519	405.592	2158.361	121.583	323.009	2163.000	99.018	518.714	2167.069	175.226	608.739	2019.890	163.714	695.650	1831.711	249.041	753.398	1913.656	232.411	773.063	1811.671	245.827	803.214	1750.956	333.530	737.367	1744.572	210.463	688.867	1679.461	249.671	806.597	1627.391	228.620	715.250	1583.783	278.883	618.511	1551.938	214.473	676.824	1512.483	201.723	615.374	1521.875	172.753	262.115	2044.235	142.832	186.416	1849.317	196.815	86.520	1915.294	185.697	97.607	1813.999	206.909	42.175	1742.574	307.863	88.422	1758.717	262.052	156.613	1701.263	182.262	74.300	1658.536	243.746	133.861	1602.613	291.487	190.604	1533.135	264.394	122.878	1477.403	238.976	172.577	1495.688
246.046	569.475	1567.476	278.492	584.185	1393.156	165.889	526.983	1517.909	276.222	241.079	1577.509	304.419	225.476	1415.459	204.241	265.157	1516.097	364.678	469.064	1544.130	373.973	411.749	1572.151	382.261	358.689	1542.941	291.284	587.269	1269.413	217.941	604.474	1285.442	202.749	612.825	1161.510	267.796	595.567	1148.110	210.737	597.918	983.863	193.992	464.666	960.600	292.838	594.351	859.995	223.283	609.565	857.288	239.238	613.582	747.421	298.101	598.769	755.159	326.038	536.651	545.115	295.412	591.956	565.889	236.582	515.616	554.967	156.530	669.793	466.788	121.342	583.013	454.706	331.293	238.713	1243.933	258.539	213.228	1250.620	251.581	217.112	1127.573	308.718	237.311	1118.814	298.261	252.524	972.265	246.995	371.227	936.873	362.557	268.660	826.047	283.805	267.179	823.902	298.815	276.924	716.199	358.770	281.048	717.916	404.033	364.116	552.723	363.067	306.025	553.601	300.579	386.463	558.414	251.291	263.486	418.114	207.538	330.079	430.407	349.981	426.681	1714.233	284.196	430.121	2040.263	339.941	518.745	1884.060	337.090	344.257	1883.346	116.025	426.123	2267.945	8.138	405.437	2158.633	121.010	322.685	2163.513	98.397	518.143	2168.412	174.945	608.553	2020.822	163.489	695.229	1832.594	248.229	753.505	1914.829	231.928	772.890	1812.617	245.488	803.206	1752.112	333.321	737.577	1745.825	210.362	688.911	1680.536	249.460	806.854	1628.210	228.444	715.458	1584.885	278.883	618.863	1552.845	214.362	677.029	1513.620	201.701	615.534	1523.009	172.728	261.881	2044.902	142.998	186.418	1849.895	196.844	86.418	1915.884	185.888	97.658	1814.512	207.164	42.220	1743.015	308.055	88.380	1759.085	262.331	156.784	1701.905	182.598	74.456	1659.023	244.125	134.103	1603.219	291.901	190.905	1533.916	264.837	123.244	1478.027	239.403	172.918	1496.480
246.089	569.870	1568.262	278.642	584.668	1393.952	166.241	527.139	1518.654	276.685	241.443	1578.452	304.843	225.764	1416.345	204.823	265.549	1516.874	365.081	469.620	1545.072	374.419	412.323	1573.315	382.735	359.121	1543.945	291.515	587.632	1270.273	218.272	605.016	1286.433	203.367	613.329	1162.983	267.790	595.941	1148.964	210.516	598.500	984.848	193.284	465.421	961.568	292.731	594.467	860.965	223.266	609.959	857.985	239.294	613.729	748.118	298.131	598.855	756.079	326.083	536.507	545.810	295.681	591.899	566.894	236.584	515.797	555.880	156.938	670.333	468.097	121.450	583.753	455.973	331.520	238.647	1245.082	258.255	214.022	1251.437	251.590	217.206	1128.472	308.643	237.379	1119.673	298.047	252.409	973.142	246.787	371.194	937.642	362.067	268.343	826.824	283.253	266.956	824.789	298.120	276.580	717.043	358.190	280.663	718.697	403.344	363.446	552.887	362.130	305.531	554.027	299.857	386.045	559.194	249.650	262.915	419.403	206.121	329.630	431.726	350.436	427.024	1715.305	284.082	429.983	2041.208	340.028	518.808	1885.411	337.337	344.323	1884.290	115.273	425.611	2268.495	7.788	405.257	2158.977	120.543	322.371	2163.969	98.493	518.204	2168.487	174.641	608.340	2021.769	163.315	694.807	1833.345	247.454	753.639	1915.915	231.470	772.780	1813.555	245.167	803.235	1753.159	333.063	737.836	1746.868	210.268	688.924	1681.476	249.248	807.111	1629.029	228.231	715.679	1585.983	278.876	619.232	1553.863	214.168	677.303	1514.696	201.646	615.701	1523.967	172.761	261.661	2045.539	143.196	186.386	1850.460	196.904	86.374	1916.421	186.113	97.702	1814.934	207.445	42.256	1743.217	308.342	88.519	1759.772	262.625	156.839	1702.483	182.930	74.592	1659.446	244.542	134.307	1603.754	292.397	191.235	1534.664	265.243	123.631	1478.636	239.844	173.221	1497.121
245.968	570.482	1569.063	278.853	585.114	1394.805	166.472	527.298	1519.430	276.954	241.800	1579.341	305.156	226.211	1417.054	205.300	265.969	1517.776	365.400	470.122	1545.900	374.818	412.825	1574.393	383.176	359.641	1544.869	291.708	587.960	1270.949	218.526	605.485	1287.180	203.550	613.814	1163.896	267.854	596.329	1149.673	210.358	598.998	985.600	192.596	466.093	962.438	292.684	594.539	861.853	223.350	610.431	858.882	239.480	614.276	749.125	298.200	598.899	756.995	326.210	536.382	546.654	295.859	591.808	567.663	236.454	515.838	556.891	157.362	670.859	469.375	121.473	584.443	457.260	331.500	239.052	1245.556	258.748	213.632	1252.467	251.598	217.268	1129.351	308.689	237.463	1120.487	297.807	252.317	973.990	246.534	371.107	938.422	361.561	268.041	827.486	282.704	266.764	825.569	297.507	276.319	717.781	357.531	280.278	719.395	402.639	362.793	553.128	361.272	305.012	554.488	299.260	385.671	559.863	247.936	262.351	420.671	204.682	329.248	433.041	350.801	427.378	1716.267	283.989	429.859	2042.232	340.103	518.916	1886.725	337.581	344.409	1885.138	114.415	425.101	2269.210	7.462	405.054	2159.204	120.241	322.090	2164.462	98.196	517.908	2169.046	174.384	608.142	2022.624	163.156	694.415	1833.961	246.627	753.734	1916.846	231.011	772.687	1814.482	244.831	803.296	1754.239	332.915	738.055	1748.000	210.167	689.045	1682.489	249.036	807.368	1629.848	228.118	715.861	1586.819	278.881	619.583	1554.751	214.093	677.615	1515.552	201.689	615.941	1524.756	172.758	261.446	2045.980	143.448	186.427	1850.853	197.051	86.315	1916.729	186.345	97.726	1815.305	207.717	42.346	1743.785	308.603	88.464	1760.240	262.922	156.910	1702.946	183.306	74.715	1659.841	244.873	134.506	1604.211	292.905	191.549	1535.332	265.701	123.990	1479.139	240.246	173.547	1497.753
245.804	571.065	1569.703	279.028	585.610	1395.616	166.720	527.474	1520.136	277.269	242.195	1580.218	305.596	226.496	1417.787	205.730	266.338	1518.453	365.677	470.577	1546.700	375.165	413.315	1575.352	383.574	360.012	1545.745	291.932	588.350	1271.728	218.718	605.943	1287.873	203.677	614.340	1164.710	267.931	596.726	1150.428	210.245	599.529	986.356	191.814	466.772	963.307	292.687	594.595	862.667	223.426	610.845	859.594	239.608	614.317	749.999	297.853	599.239	756.790	326.265	536.196	547.246	296.127	591.693	568.413	236.478	516.011	557.759	157.773	671.383	470.578	121.481	585.194	458.567	331.613	239.275	1246.205	258.569	214.216	1253.126	251.595	217.399	1130.158	308.684	237.605	1121.162	297.562	252.252	974.731	246.349	371.035	939.041	361.079	267.758	828.074	282.214	266.591	826.240	296.785	275.979	718.485	356.913	279.888	720.018	401.943	362.082	553.273	360.368	304.357	555.061	298.678	385.279	560.551	246.159	261.812	421.961	203.239	328.905	434.375	350.970	427.743	1717.050	283.867	429.705	2042.945	340.190	519.046	1887.908	337.713	344.387	1885.857	113.766	424.603	2269.646	7.121	404.873	2159.365	119.953	321.845	2164.721	97.928	517.605	2169.550	174.118	607.933	2023.458	162.973	694.089	1834.681	245.928	753.830	1917.698	230.592	772.596	1815.310	244.539	803.319	1755.181	332.689	738.301	1749.008	210.081	689.168	1683.359	248.825	807.626	1630.667	227.916	716.178	1587.808	278.921	619.957	1555.577	213.956	677.933	1516.525	201.685	616.201	1525.564	172.781	261.214	2046.433	143.658	186.439	1851.188	197.245	86.262	1917.036	186.585	97.747	1815.635	208.069	42.385	1743.863	309.023	88.525	1760.702	263.337	156.984	1703.493	183.685	74.854	1660.150	245.219	134.692	1604.628	294.419	191.696	1535.611	266.143	124.346	1479.520	240.677	173.875	1498.367
245.823	571.482	1570.336	279.236	586.099	1396.191	166.980	527.638	1520.916	277.538	242.556	1580.943	305.997	226.866	1418.449	206.153	266.674	1519.029	365.946	471.071	1547.495	375.457	413.802	1576.240	383.956	360.406	1546.748	292.151	588.702	1272.321	218.984	606.396	1288.610	203.769	614.809	1165.350	268.135	597.069	1151.079	210.214	600.092	987.169	191.172	467.422	963.966	292.718	594.646	863.396	223.583	611.300	860.374	239.782	614.767	750.778	297.956	599.309	757.473	326.287	535.980	547.710	296.372	591.565	569.125	236.503	516.167	558.496	158.188	671.885	471.788	121.464	585.866	459.676	331.809	239.253	1247.092	258.534	214.637	1253.782	251.456	217.835	1130.866	309.217	237.146	1122.560	297.350	252.184	975.389	246.136	370.928	939.791	360.551	267.429	828.649	281.691	266.377	826.943	296.089	275.661	719.152	356.319	279.500	720.599	401.285	361.372	553.342	359.533	303.835	555.517	298.116	384.888	561.150	244.356	261.265	423.189	201.794	328.553	435.688	351.341	428.073	1717.949	283.768	429.503	2043.749	340.279	519.160	1889.009	337.956	344.436	1886.527	113.351	424.175	2270.271	6.789	404.592	2159.474	119.687	321.608	2164.964	97.258	516.918	2170.605	173.729	607.714	2024.142	162.660	693.786	1835.504	245.241	753.906	1918.620	230.118	772.570	1816.151	244.279	803.436	1756.173	332.517	738.495	1750.046	209.931	689.303	1684.161	248.613	807.883	1631.486	227.786	716.479	1588.715	278.921	620.381	1556.436	213.908	678.272	1517.268	201.704	616.486	1526.300	172.851	260.988	2046.782	143.896	186.371	1851.447	197.463	86.192	1917.249	186.859	97.736	1815.925	208.306	42.402	1744.100	309.303	88.579	1761.025	263.646	157.082	1703.815	184.047	74.995	1660.399	245.615	134.903	1604.931	294.894	191.951	1536.038	266.585	124.686	1479.973	241.142	174.178	1498.832
245.846	571.940	1571.013	279.359	586.559	1396.840	167.272	527.842	1521.546	277.841	242.937	1581.653	306.388	227.260	1419.063	206.488	267.055	1519.712	366.232	471.557	1548.367	375.876	414.310	1577.329	384.327	360.825	1547.415	292.380	589.052	1272.840	219.370	606.925	1289.430	203.900	615.368	1166.123	268.238	597.444	1151.604	209.978	600.587	987.802	190.530	468.089	964.760	292.794	594.653	864.086	223.727	611.698	861.014	240.079	615.244	751.308	298.616	598.922	759.246	326.403	535.797	548.174	296.592	591.419	569.706	236.535	516.334	559.236	158.568	672.454	472.914	121.504	586.600	460.924	331.926	239.760	1247.471	259.208	214.296	1254.645	251.678	217.611	1131.608	308.772	237.827	1122.451	297.070	252.092	976.034	245.869	370.842	940.478	360.061	267.151	829.182	281.220	266.211	827.573	295.469	275.364	719.759	355.682	279.099	721.115	400.621	360.615	553.271	358.654	303.231	555.943	297.553	384.477	561.717	242.592	260.781	424.361	200.312	328.229	437.044	351.660	428.438	1718.753	283.708	429.389	2044.472	340.326	519.320	1889.983	338.187	344.484	1887.170	112.907	423.731	2270.631	6.424	404.336	2159.579	119.334	321.271	2165.157	97.414	516.886	2170.444	173.496	607.519	2024.829	162.461	693.520	1836.176	244.570	754.000	1919.454	229.674	772.524	1816.866	243.969	803.554	1757.011	332.326	738.689	1751.001	209.801	689.498	1684.895	248.401	808.140	1632.305	227.694	716.808	1589.441	278.967	620.759	1557.132	213.855	678.665	1518.073	201.761	616.834	1527.019	172.910	260.785	2047.060	144.114	186.322	1851.694	197.723	86.147	1917.456	187.175	97.735	1816.091	208.707	42.524	1744.223	309.632	88.698	1761.237	263.899	157.331	1704.427	184.440	75.119	1660.616	245.994	135.080	1605.173	295.351	192.245	1536.386	267.036	125.076	1480.283	241.592	174.495	1499.138
245.850	572.351	1571.567	279.557	587.055	1397.393	167.534	528.049	1522.051	278.018	243.274	1582.329	306.775	227.649	1419.566	207.025	267.398	1520.289	366.522	472.034	1549.106	376.041	414.707	1578.100	384.667	361.292	1548.184	292.562	589.381	1273.364	219.672	607.420	1290.114	204.035	615.905	1166.779	268.298	597.854	1152.125	209.996	601.107	988.413	189.839	468.768	965.468	292.850	594.697	864.752	223.865	612.106	861.563	240.316	615.337	751.750	298.798	598.887	759.854	326.509	535.616	548.544	296.947	591.290	570.338	236.546	516.482	559.873	158.960	672.953	474.016	121.503	587.267	461.982	332.064	240.055	1248.002	259.112	214.910	1255.215	251.504	217.445	1131.936	308.743	237.973	1123.017	296.825	252.051	976.571	245.651	370.782	940.911	359.641	266.874	829.647	280.759	266.022	828.137	294.825	275.041	720.280	355.079	278.725	721.519	399.921	359.748	553.335	357.796	302.496	556.492	297.026	384.071	562.247	240.814	260.270	425.548	198.866	327.893	438.261	352.003	428.801	1719.441	283.632	429.215	2045.060	340.379	519.460	1890.906	338.362	344.515	1887.647	112.507	423.269	2271.007	6.106	404.038	2159.657	118.967	320.916	2165.312	97.106	516.559	2170.889	173.257	607.305	2025.477	162.289	693.261	1836.704	243.860	754.084	1920.309	229.220	772.496	1817.607	243.674	803.639	1757.837	332.138	738.932	1751.891	209.662	689.725	1685.574	248.190	808.397	1633.125	227.552	717.148	1590.239	278.969	621.197	1557.822	213.848	679.079	1518.799	201.814	617.233	1527.719	173.042	260.519	2047.295	144.305	186.209	1851.874	198.042	86.072	1917.587	187.492	97.723	1816.200	209.064	42.575	1744.317	309.961	88.758	1761.479	264.316	157.449	1704.459	184.857	75.280	1660.729	246.447	135.302	1605.455	295.774	192.549	1536.725	267.513	125.450	1480.525	242.230	174.812	1499.336
245.817	572.745	1572.153	279.779	587.502	1397.905	167.776	528.289	1522.558	278.283	243.637	1582.897	307.114	228.059	1419.898	207.433	267.763	1520.681	366.805	472.487	1549.758	376.309	415.127	1578.921	385.020	361.710	1548.852	292.751	589.750	1273.775	219.878	607.821	1290.534	204.186	616.376	1167.378	268.338	598.216	1152.540	210.000	601.595	988.932	189.236	469.411	966.038	292.916	594.684	865.314	224.079	612.512	861.991	240.558	615.613	752.268	298.944	598.846	760.396	326.591	535.443	548.847	297.221	591.138	570.826	236.576	516.625	560.438	159.283	673.483	475.039	121.528	587.986	463.061	332.221	240.346	1248.434	259.292	215.195	1255.765	251.515	217.549	1132.545	308.766	238.117	1123.496	296.578	251.986	977.082	245.401	370.712	941.278	359.180	266.597	830.007	280.287	265.818	828.607	294.246	274.761	720.719	354.527	278.362	721.890	399.315	359.000	553.283	356.989	301.938	556.756	296.529	383.656	562.670	238.975	259.732	426.625	197.354	327.688	439.444	352.371	429.183	1720.035	283.585	429.028	2045.591	340.455	519.613	1891.620	338.578	344.575	1888.045	111.892	422.669	2271.185	5.848	403.733	2159.582	118.531	320.508	2165.418	96.853	516.175	2171.323	173.002	607.103	2026.097	162.079	693.057	1837.225	243.248	754.145	1921.045	228.854	772.539	1818.350	243.412	803.782	1758.650	331.911	739.221	1752.656	209.524	689.971	1686.184	247.978	808.654	1633.944	227.497	717.507	1590.892	278.966	621.607	1558.500	213.864	679.516	1519.470	201.864	617.633	1528.226	173.151	260.271	2047.531	144.556	186.116	1851.974	198.426	85.964	1917.687	187.835	97.693	1816.309	209.383	42.597	1744.344	310.189	88.785	1761.541	264.692	157.566	1704.581	185.291	75.400	1660.761	246.865	135.527	1605.599	296.183	192.829	1536.946	267.981	125.841	1480.675	242.697	175.152	1499.548
245.873	573.102	1572.666	279.960	587.954	1398.387	168.048	528.555	1523.005	278.439	244.047	1583.337	307.543	228.452	1420.315	207.886	268.150	1521.042	367.068	472.941	1550.402	376.676	415.591	1579.718	384.164	363.073	1548.084	292.966	590.128	1274.178	220.071	608.268	1290.945	204.275	616.825	1167.812	268.395	598.597	1152.963	209.960	602.104	989.331	188.674	470.053	966.499	293.013	594.697	865.827	224.278	612.894	862.376	240.868	615.907	752.797	299.163	598.800	760.871	326.693	535.277	549.003	297.500	591.014	571.222	236.579	516.774	560.908	159.662	673.942	476.009	121.491	588.690	464.106	332.303	240.590	1248.774	259.429	215.447	1256.180	251.570	217.697	1133.022	308.773	238.304	1123.871	296.368	251.884	977.517	245.149	370.626	941.630	358.717	266.317	830.338	279.828	265.622	829.099	293.702	274.460	721.135	353.934	277.984	722.228	398.713	358.201	553.130	356.115	301.315	556.939	296.010	383.240	563.065	237.210	259.189	427.759	195.949	327.402	440.588	352.747	429.576	1720.540	283.551	428.904	2046.065	340.509	519.792	1892.255	338.739	344.579	1888.362	111.135	422.007	2271.418	5.604	403.402	2159.529	118.067	320.117	2165.407	96.621	515.842	2171.655	172.736	606.872	2026.624	161.826	692.917	1837.767	242.697	754.182	1921.727	228.496	772.601	1819.045	243.136	803.936	1759.391	331.761	739.542	1753.524	209.371	690.232	1686.714	247.766	808.911	1634.763	227.468	717.888	1591.465	278.993	622.069	1559.134	213.998	679.980	1520.060	201.959	618.043	1528.633	173.280	260.015	2047.636	144.847	185.999	1852.029	198.879	85.856	1917.650	188.233	97.654	1816.309	209.832	42.689	1744.295	310.601	88.981	1761.648	265.045	157.677	1704.655	185.696	75.556	1660.758	247.276	135.720	1605.659	296.628	193.132	1537.095	268.465	126.236	1480.769	243.152	175.469	1499.727
245.966	573.489	1573.198	280.256	588.358	1398.790	168.331	528.836	1523.411	278.644	244.376	1583.699	307.923	228.858	1420.648	208.309	268.527	1521.338	367.391	473.450	1551.018	376.921	416.001	1580.297	384.536	363.484	1548.572	293.169	590.542	1274.498	220.244	608.707	1291.234	204.365	617.276	1168.137	268.530	599.042	1153.384	209.952	602.572	989.709	188.203	470.657	966.876	293.115	594.702	866.239	224.505	613.279	862.752	241.156	616.173	753.244	299.358	598.774	761.345	326.768	535.116	549.084	297.755	590.901	571.525	236.627	516.910	561.368	159.991	674.447	476.993	121.415	589.350	465.100	332.431	240.873	1249.087	259.603	215.735	1256.574	251.597	217.830	1133.410	308.761	238.456	1124.236	296.119	251.799	977.922	244.910	370.551	941.919	358.229	266.031	830.661	279.393	265.430	829.449	293.077	274.129	721.542	353.281	277.575	722.552	398.091	357.408	552.871	355.307	300.741	557.130	295.076	382.731	563.438	235.467	258.709	428.798	194.553	327.130	441.630	352.905	429.873	1721.000	283.557	428.756	2046.477	340.528	519.958	1892.855	338.929	344.624	1888.606	110.557	421.442	2271.554	5.290	403.098	2159.479	117.695	319.741	2165.429	95.884	515.150	2172.536	172.531	606.681	2027.104	161.654	692.739	1838.129	242.111	754.220	1922.362	228.066	772.632	1819.703	242.853	804.111	1760.133	331.529	739.820	1754.118	209.175	690.560	1687.275	247.555	809.168	1635.582	227.423	718.271	1592.006	279.064	622.556	1559.684	214.110	680.456	1520.488	202.021	618.482	1529.048	173.414	259.745	2047.698	145.137	185.844	1852.053	199.358	85.764	1917.564	188.634	97.581	1816.248	210.243	42.732	1744.184	311.051	89.148	1761.690	265.448	157.831	1704.643	186.126	75.704	1660.664	247.716	135.962	1605.659	297.135	193.459	1537.180	268.874	126.588	1480.756	243.603	175.781	1499.833
246.113	573.916	1573.729	280.547	588.706	1399.123	168.589	529.137	1523.781	278.903	244.737	1584.043	308.267	229.260	1420.861	208.650	268.882	1521.590	367.663	473.904	1551.572	377.171	416.441	1580.818	384.850	363.859	1549.013	293.391	590.919	1274.742	220.434	609.154	1291.456	204.486	617.710	1168.369	268.602	599.434	1153.655	209.994	602.998	990.016	187.788	471.217	967.239	293.262	594.719	866.624	224.714	613.661	863.076	241.447	616.429	753.521	299.570	598.785	761.728	326.870	534.978	549.141	297.964	590.816	571.780	236.675	517.050	561.741	160.220	674.866	477.879	121.377	589.956	465.938	332.525	241.155	1249.310	259.712	215.976	1256.906	251.602	217.961	1133.726	308.753	238.619	1124.474	295.851	251.737	978.261	244.632	370.465	942.180	357.760	265.744	830.892	278.905	265.244	829.795	292.520	273.828	721.888	352.720	277.193	722.756	397.485	356.625	552.574	354.520	300.152	557.236	294.546	382.336	563.701	233.729	258.211	429.818	193.157	326.776	442.669	353.384	430.212	1721.553	283.509	428.578	2046.818	340.548	520.116	1893.304	339.104	344.669	1888.780	110.295	420.885	2271.290	5.109	402.766	2159.271	117.401	319.372	2165.387	95.713	514.843	2172.747	172.280	606.452	2027.464	161.449	692.642	1838.614	241.668	754.241	1922.915	227.701	772.713	1820.309	242.585	804.295	1760.763	331.349	740.115	1754.778	209.041	690.862	1687.719	247.343	809.425	1636.401	227.408	718.669	1592.484	279.131	623.038	1560.182	214.099	680.909	1520.872	202.080	618.926	1529.410	173.630	259.479	2047.737	145.430	185.692	1852.039	199.840	85.660	1917.396	189.059	97.520	1816.129	210.636	42.746	1743.985	311.430	89.187	1761.605	265.837	157.977	1704.711	186.637	75.864	1660.471	248.184	136.215	1605.602	297.685	193.810	1537.197	269.377	126.981	1480.691	244.043	176.088	1499.876
246.214	574.336	1574.189	280.885	589.108	1399.513	168.864	529.469	1524.135	279.196	245.105	1584.248	308.573	229.649	1421.021	209.113	269.285	1521.785	367.911	474.321	1552.053	377.431	416.829	1581.344	385.161	364.268	1549.321	293.574	591.268	1274.874	220.670	609.610	1291.709	204.679	618.215	1168.787	268.706	599.809	1153.861	210.083	603.405	990.288	187.397	471.753	967.601	293.502	595.166	867.052	224.954	614.069	863.343	241.729	616.693	753.744	299.752	598.787	762.008	326.954	534.868	549.118	298.188	590.774	571.973	236.749	517.218	562.020	160.456	675.268	478.648	121.298	590.588	466.824	332.599	241.405	1249.492	259.822	216.131	1257.217	251.622	218.096	1134.018	308.735	238.811	1124.662	295.581	251.660	978.522	244.402	370.396	942.398	357.294	265.470	831.029	278.425	265.050	830.054	291.988	273.541	722.028	352.180	276.855	722.881	396.896	355.879	552.227	353.734	299.554	557.392	294.060	381.919	563.945	231.984	257.660	430.723	191.809	326.465	443.632	353.650	430.560	1721.884	283.518	428.426	2047.146	340.573	520.289	1893.639	339.335	344.737	1888.919	109.986	420.430	2271.623	4.909	402.446	2159.076	117.292	319.075	2165.244	95.596	514.539	2172.867	172.097	606.052	2028.070	161.271	692.573	1838.990	241.245	754.257	1923.456	227.349	772.798	1820.845	242.326	804.442	1761.310	331.279	740.297	1755.549	208.904	691.167	1688.064	247.131	809.682	1637.220	227.423	719.086	1592.869	279.201	623.505	1560.660	214.154	681.362	1521.260	202.174	619.355	1529.706	173.794	259.221	2047.678	145.724	185.531	1851.953	200.365	85.551	1917.204	189.509	97.440	1815.910	211.121	42.796	1743.740	311.844	89.310	1761.310	266.150	158.113	1704.657	187.107	76.010	1660.254	248.665	136.480	1605.467	298.249	194.178	1537.156	269.851	127.388	1480.582	244.524	176.442	1499.866
246.346	574.769	1574.599	281.139	589.484	1399.729	169.164	529.843	1524.383	279.501	245.510	1584.421	308.962	230.024	1421.154	209.502	269.681	1521.951	368.077	474.721	1552.415	377.694	417.265	1581.729	385.441	364.680	1549.550	293.773	591.678	1275.007	220.972	610.086	1292.023	204.829	618.679	1169.101	268.833	600.208	1154.001	210.107	603.793	990.480	186.967	472.302	967.856	293.558	594.809	867.126	225.166	614.406	863.496	242.002	616.963	753.897	299.946	598.810	762.211	327.054	534.791	549.041	298.369	590.714	572.089	236.778	517.381	562.275	160.652	675.690	479.383	121.249	591.178	467.595	332.696	241.701	1249.595	260.199	215.948	1257.513	251.552	218.245	1134.283	308.678	238.992	1124.825	295.295	251.604	978.725	244.097	370.313	942.544	356.853	265.193	831.115	277.936	264.832	830.288	291.373	273.235	722.236	351.622	276.471	723.003	396.302	355.145	551.617	353.011	299.027	557.382	293.573	381.480	564.016	230.308	257.112	431.628	190.447	326.164	444.512	353.904	430.916	1722.157	283.565	428.276	2047.402	340.614	520.476	1893.899	339.561	344.818	1888.998	109.685	419.911	2271.316	4.761	402.076	2158.841	117.087	318.749	2165.133	95.267	514.141	2173.028	171.879	606.017	2028.124	161.082	692.512	1839.336	240.815	754.267	1924.061	227.008	772.862	1821.318	242.070	804.602	1761.822	331.036	740.595	1755.998	208.770	691.491	1688.346	246.920	809.939	1638.039	227.445	719.530	1593.299	279.282	623.952	1561.036	214.261	681.859	1521.575	202.311	619.793	1529.919	173.968	258.941	2047.546	146.028	185.350	1851.790	200.952	85.427	1916.987	189.941	97.365	1815.657	211.572	42.852	1743.377	312.415	89.523	1761.099	266.573	158.264	1704.290	187.533	76.154	1660.005	249.125	136.738	1605.256	298.729	194.516	1537.057	270.288	127.793	1480.386	245.009	176.811	1499.789
246.475	575.147	1574.989	281.448	589.880	1399.892	169.446	530.221	1524.590	279.788	245.904	1584.498	309.364	230.401	1421.212	209.806	270.042	1522.066	368.340	475.144	1552.811	377.897	417.676	1582.029	385.737	365.028	1549.747	293.962	592.076	1275.077	221.182	610.528	1292.180	204.870	619.010	1169.014	268.950	600.592	1154.082	210.247	604.194	990.659	186.639	472.789	968.014	293.691	594.853	867.242	225.395	614.779	863.655	242.218	617.197	754.005	300.154	598.835	762.343	327.138	534.738	548.917	298.567	590.655	572.130	236.836	517.544	562.482	160.806	676.056	480.028	121.176	591.743	468.245	332.801	241.989	1249.674	260.246	216.170	1257.723	251.510	218.410	1134.440	308.623	239.138	1124.920	295.017	251.545	978.870	243.842	370.243	942.513	356.366	264.901	831.173	277.427	264.639	830.430	290.737	272.885	722.339	351.080	276.085	723.139	395.696	354.443	551.122	352.229	298.533	557.133	293.109	381.068	564.084	228.693	256.586	432.489	189.130	325.773	445.344	354.109	431.248	1722.291	283.601	428.118	2047.516	340.657	520.660	1894.064	339.791	344.917	1888.986	109.145	419.249	2271.203	4.576	401.719	2158.532	116.977	318.459	2164.809	94.905	513.708	2172.996	171.664	605.788	2028.383	160.858	692.554	1839.759	240.504	754.223	1924.546	226.706	773.006	1821.816	241.824	804.819	1762.327	330.851	740.927	1756.457	208.645	691.769	1688.619	246.708	810.197	1638.858	227.458	719.949	1593.675	279.333	624.364	1561.302	214.453	682.339	1521.868	202.458	620.262	1530.195	174.147	258.652	2047.390	146.365	185.190	1851.578	201.527	85.272	1916.706	190.389	97.270	1815.372	212.032	42.879	1742.997	312.796	89.565	1760.807	266.985	158.427	1704.093	188.016	76.289	1659.654	249.596	137.007	1604.978	299.133	194.844	1536.903	270.789	128.200	1480.164	245.423	177.149	1499.659
246.628	575.545	1575.267	281.779	590.323	1399.983	169.654	530.589	1524.760	280.051	246.326	1584.502	309.685	230.769	1421.179	210.144	270.419	1522.127	368.577	475.576	1553.059	378.198	418.126	1582.304	387.165	364.424	1550.963	294.154	592.456	1275.062	221.445	610.994	1292.273	205.041	619.429	1169.051	269.091	600.994	1154.102	210.261	604.591	990.662	186.455	473.285	968.105	293.825	594.932	867.281	225.639	615.130	863.771	242.460	617.457	754.087	300.345	598.894	762.387	327.240	534.726	548.707	298.755	590.647	572.140	236.909	517.705	562.565	160.941	676.428	480.540	121.056	592.249	468.827	332.928	242.315	1249.723	260.340	216.432	1257.889	251.440	218.539	1134.581	308.540	239.303	1124.951	294.696	251.470	978.932	243.562	370.132	942.470	355.920	264.615	831.187	277.023	264.467	830.465	290.080	272.525	722.409	350.627	275.871	723.048	395.175	353.695	550.659	351.440	297.944	557.041	292.656	380.682	564.070	227.133	256.040	433.277	187.916	325.405	446.102	354.372	431.595	1722.482	283.587	427.946	2047.541	340.691	520.845	1894.123	340.023	345.003	1888.967	108.624	418.627	2270.984	4.320	401.288	2158.216	116.795	318.090	2164.556	94.559	513.308	2172.988	171.496	605.552	2028.513	160.645	692.583	1840.037	240.240	754.196	1924.936	226.428	773.164	1822.258	241.630	805.023	1762.777	330.716	741.236	1756.991	208.515	692.079	1688.799	246.496	810.454	1639.678	227.448	720.379	1593.964	279.434	624.786	1561.538	214.606	682.830	1522.117	202.647	620.732	1530.326	174.360	258.383	2047.136	146.673	184.975	1851.300	202.127	85.177	1916.393	190.886	97.198	1814.982	212.519	42.953	1742.566	313.225	89.710	1760.465	267.463	158.607	1703.790	188.534	76.457	1659.221	250.024	137.237	1604.632	299.501	195.167	1536.687	271.271	128.650	1479.869	245.845	177.522	1499.454
246.813	575.890	1575.441	281.986	590.727	1400.048	169.889	530.984	1524.826	280.393	246.708	1584.427	310.059	231.174	1421.112	210.471	270.811	1522.069	368.840	476.007	1553.275	378.406	418.517	1582.417	387.456	364.774	1551.002	294.353	592.858	1275.065	221.654	611.426	1292.203	205.268	619.873	1169.000	269.272	601.377	1154.043	210.280	604.927	990.561	186.295	473.747	968.105	293.983	595.027	867.289	225.820	615.430	863.733	242.702	617.706	754.058	300.533	598.978	762.364	328.051	534.928	548.232	298.929	590.645	572.068	236.992	517.866	562.580	161.037	676.805	480.992	120.979	592.685	469.333	333.037	242.612	1249.722	260.409	216.723	1257.845	251.294	218.681	1134.649	308.443	239.433	1124.927	294.364	251.396	978.971	243.285	370.049	942.405	355.620	264.463	831.173	276.545	264.271	830.439	289.530	272.212	722.423	349.957	275.398	722.897	394.593	352.986	550.077	350.716	297.436	556.908	292.210	380.295	563.961	225.590	255.426	434.026	186.693	325.023	446.824	354.544	431.902	1722.471	283.599	427.801	2047.546	340.730	521.003	1894.142	340.271	345.112	1888.930	108.266	418.092	2270.783	4.106	400.838	2157.862	116.478	317.701	2164.285	94.085	512.803	2172.817	171.368	605.313	2028.668	160.497	692.621	1840.257	239.985	754.172	1925.257	226.161	773.308	1822.664	241.373	805.256	1763.156	330.552	741.534	1757.274	208.419	692.401	1689.051	246.285	810.711	1640.497	227.440	720.785	1594.219	279.618	625.260	1561.727	214.781	683.312	1522.274	202.801	621.238	1530.463	174.592	258.061	2046.871	147.027	184.765	1851.016	202.792	84.999	1915.877	191.380	97.083	1814.602	213.037	42.989	1742.064	313.627	89.792	1759.860	267.945	158.722	1703.571	189.012	76.591	1658.774	250.474	137.499	1604.267	299.904	195.540	1536.439	271.756	129.103	1479.528	246.307	177.923	1499.205
247.028	576.262	1575.624	282.279	591.127	1400.033	170.128	531.406	1524.867	280.787	247.118	1584.241	310.368	231.588	1420.993	210.857	271.252	1521.955	369.103	476.431	1553.393	378.736	418.952	1582.454	387.742	365.120	1550.987	294.533	593.254	1274.958	221.912	611.889	1292.111	205.401	620.235	1168.698	269.449	601.766	1153.936	210.438	605.270	990.513	186.245	474.147	968.084	294.144	595.159	867.213	226.008	615.732	863.638	242.962	617.960	753.950	300.719	599.074	762.273	328.240	534.973	547.810	299.075	590.694	571.897	237.105	518.025	562.509	161.110	677.146	481.376	120.899	593.104	469.791	333.181	242.617	1249.913	260.071	217.634	1257.685	251.173	218.830	1134.651	308.335	239.588	1124.822	293.994	251.339	978.906	242.984	369.967	942.303	355.118	264.190	830.973	276.024	264.059	830.304	289.003	271.968	722.158	349.426	275.177	722.683	394.099	352.304	549.546	350.080	296.838	556.810	291.810	379.931	563.840	224.176	254.784	434.663	185.518	324.584	447.436	354.816	432.213	1722.487	283.620	427.634	2047.477	340.735	521.165	1894.089	340.496	345.210	1888.788	107.987	417.656	2270.469	3.902	400.381	2157.272	116.304	317.296	2163.931	93.801	512.389	2172.728	171.218	605.061	2028.698	160.301	692.711	1840.518	239.765	754.136	1925.528	225.932	773.461	1823.019	241.140	805.486	1763.524	330.297	741.895	1757.461	208.303	692.695	1689.118	246.073	810.968	1641.316	227.422	721.191	1594.384	279.733	625.722	1561.830	214.949	683.778	1522.384	202.994	621.741	1530.457	174.799	257.773	2046.528	147.419	184.527	1850.624	203.388	84.872	1915.421	191.863	97.002	1814.130	213.563	43.025	1741.492	314.039	89.859	1759.259	268.336	158.878	1703.097	189.502	76.715	1658.302	250.859	137.746	1603.852	300.312	195.903	1536.105	272.211	129.551	1479.051	246.726	178.307	1498.872
247.215	576.634	1575.789	282.559	591.490	1399.936	170.325	531.841	1524.822	281.135	247.517	1583.986	310.621	231.996	1420.788	211.190	271.714	1521.764	369.332	476.832	1553.394	378.986	419.409	1582.397	388.005	365.537	1550.879	294.747	593.658	1274.788	222.127	612.325	1291.887	205.617	620.719	1168.675	269.645	602.132	1153.705	210.585	605.616	990.354	186.220	474.522	968.014	294.283	595.329	867.045	226.200	616.046	863.480	243.142	618.066	753.826	300.542	599.042	762.503	328.356	535.101	547.398	299.206	590.751	571.713	237.202	518.200	562.405	161.156	677.463	481.669	120.797	593.503	470.149	332.947	243.039	1249.361	260.408	217.332	1257.693	251.025	218.968	1134.573	308.184	239.716	1124.705	293.594	251.292	978.790	242.647	369.878	942.086	354.631	263.926	830.816	275.523	263.885	830.174	288.496	271.734	721.998	348.850	274.832	722.519	393.520	351.640	548.872	349.479	296.318	556.664	291.389	379.574	563.651	222.798	254.196	435.236	184.389	324.064	447.973	355.028	432.516	1722.478	283.617	427.477	2047.345	340.792	521.318	1893.964	340.756	345.329	1888.579	107.776	417.223	2270.216	3.747	399.922	2156.828	116.079	316.880	2163.560	93.597	512.032	2172.550	171.094	604.842	2028.678	160.159	692.793	1840.654	239.545	754.101	1925.777	225.691	773.573	1823.241	240.910	805.700	1763.850	330.175	742.174	1757.760	208.250	692.978	1689.129	245.861	811.225	1642.135	227.484	721.614	1594.468	279.877	626.207	1561.905	215.147	684.245	1522.434	203.172	622.232	1530.477	175.077	257.434	2046.101	147.767	184.324	1850.154	204.018	84.746	1914.806	192.385	96.944	1813.558	214.080	43.058	1740.856	314.547	90.064	1758.775	268.731	159.063	1702.621	190.053	76.858	1657.625	251.307	137.998	1603.311	300.797	196.339	1535.663	272.671	130.017	1478.604	247.171	178.694	1498.522
247.475	577.042	1575.999	282.847	591.856	1399.845	170.588	532.328	1524.731	281.402	247.925	1583.634	310.873	232.397	1420.492	211.578	272.155	1521.520	369.570	477.246	1553.325	379.193	419.833	1582.274	388.251	366.015	1550.607	294.941	594.039	1274.518	222.186	612.745	1291.488	205.781	621.147	1168.496	269.795	602.483	1153.458	210.777	605.954	990.181	186.277	474.845	967.897	294.418	595.522	866.834	226.398	616.333	863.260	243.332	618.356	753.610	301.059	599.240	762.020	328.463	535.329	546.809	299.359	590.852	571.371	237.305	518.322	562.069	161.226	677.761	481.862	120.682	593.813	470.413	332.864	243.240	1249.089	260.403	217.595	1257.565	250.888	219.112	1134.439	307.990	239.841	1124.476	293.198	251.219	978.577	242.356	369.836	941.861	354.104	263.649	830.557	274.992	263.679	829.962	287.983	271.497	721.793	348.269	274.473	722.356	392.950	351.068	548.152	348.789	295.775	556.488	291.021	379.243	563.436	221.483	253.546	435.817	183.298	323.542	448.410	355.210	432.821	1722.379	283.647	427.318	2047.119	340.833	521.441	1893.768	341.035	345.463	1888.365	107.577	416.802	2269.975	3.625	399.479	2156.288	115.883	316.481	2163.142	93.616	511.720	2172.188	170.950	604.598	2028.597	160.001	692.845	1840.726	239.429	754.057	1925.974	225.473	773.728	1823.464	240.704	805.902	1764.025	330.087	742.445	1758.057	208.170	693.289	1689.155	245.650	811.482	1642.954	227.516	722.018	1594.527	280.022	626.696	1561.920	215.309	684.688	1522.397	203.364	622.722	1530.369	175.360	257.099	2045.617	148.120	184.113	1849.658	204.676	84.595	1914.142	192.927	96.826	1812.969	214.651	43.099	1740.197	315.043	90.243	1758.150	269.109	159.213	1702.227	190.521	76.984	1657.044	251.742	138.252	1602.702	301.251	196.759	1535.248	273.082	130.453	1478.093	247.564	179.087	1498.124
247.734	577.457	1576.066	283.068	592.212	1399.659	170.809	532.815	1524.583	281.891	248.324	1583.206	311.173	232.791	1420.095	211.950	272.669	1521.245	369.810	477.679	1553.180	379.418	420.272	1582.069	387.498	367.414	1549.308	295.087	594.414	1274.179	222.422	613.183	1291.288	205.968	621.591	1168.264	269.977	602.833	1153.144	210.926	606.286	989.921	186.388	475.153	967.664	294.597	595.750	866.509	226.632	616.621	862.950	243.506	618.591	753.296	300.862	600.117	760.810	328.575	535.515	546.369	299.489	590.995	571.013	237.461	518.478	561.815	161.520	678.141	482.030	120.530	594.029	470.626	332.782	243.450	1248.755	260.063	218.269	1257.307	250.625	219.271	1134.229	307.779	239.969	1124.207	292.765	251.172	978.353	242.029	369.801	941.540	353.584	263.388	830.309	274.453	263.487	829.771	287.413	271.247	721.597	347.697	274.107	722.057	392.379	350.484	547.384	348.161	295.305	556.161	290.643	378.908	563.127	220.270	252.843	436.331	182.266	322.987	448.779	355.535	433.146	1722.278	283.652	427.168	2046.858	340.865	521.559	1893.479	341.348	345.595	1888.028	107.093	416.253	2269.372	3.519	399.048	2155.668	115.826	316.100	2162.606	93.483	511.326	2171.713	170.882	604.355	2028.496	159.839	692.959	1840.759	239.282	754.002	1926.081	225.257	773.884	1823.637	240.479	806.130	1764.138	329.915	742.787	1758.198	208.107	693.562	1689.091	245.438	811.739	1643.773	227.602	722.436	1594.526	280.169	627.153	1561.926	215.506	685.160	1522.314	203.566	623.184	1530.209	175.607	256.776	2045.059	148.497	183.890	1849.154	205.299	84.460	1913.485	193.457	96.715	1812.311	215.181	43.134	1739.462	315.595	90.452	1757.655	269.556	159.328	1701.338	191.021	77.121	1656.371	252.179	138.538	1602.150	301.737	197.215	1534.759	273.481	130.924	1477.489	247.957	179.501	1497.634
248.021	577.900	1576.145	283.377	592.561	1399.353	171.041	533.333	1524.372	282.280	248.705	1582.767	311.461	233.171	1419.659	212.183	273.083	1520.962	370.080	478.149	1553.039	379.680	420.757	1581.761	387.796	367.931	1548.854	295.276	594.825	1273.918	222.634	613.614	1290.927	206.204	622.031	1167.890	270.170	603.179	1152.806	211.098	606.597	989.561	186.569	475.434	967.380	294.797	595.967	866.112	226.815	616.910	862.554	243.651	618.819	752.961	300.992	600.363	760.439	328.682	535.712	545.877	299.626	591.164	570.497	237.645	518.668	561.487	161.408	678.343	482.038	120.374	594.204	470.781	332.667	243.666	1248.389	259.978	218.594	1257.015	250.400	219.448	1134.003	307.483	240.110	1123.874	292.345	251.103	978.108	241.695	369.778	941.083	353.033	263.120	830.000	273.921	263.334	829.558	286.725	270.944	721.413	347.088	273.688	721.736	391.898	349.898	546.726	347.467	294.848	555.634	290.239	378.517	562.658	219.139	252.137	436.685	181.310	322.433	449.053	355.736	433.442	1722.141	283.664	426.995	2046.523	340.931	521.676	1893.136	342.591	345.953	1887.978	106.728	415.700	2268.811	3.411	398.592	2154.846	115.885	315.736	2162.032	93.289	510.920	2171.226	170.655	603.894	2028.372	159.710	693.076	1840.749	239.206	753.937	1926.177	225.063	774.068	1823.785	240.235	806.344	1764.239	329.811	743.095	1758.258	208.074	693.828	1688.968	245.226	811.996	1644.592	227.656	722.850	1594.497	280.296	627.593	1561.837	215.727	685.634	1522.165	203.777	623.711	1530.032	175.847	256.455	2044.467	148.882	183.667	1848.591	205.954	84.333	1912.806	193.993	96.597	1811.601	215.714	43.176	1738.639	316.246	90.725	1757.014	269.889	159.511	1700.747	191.608	77.248	1655.603	252.648	138.827	1601.518	302.157	197.679	1534.231	273.974	131.447	1476.814	248.353	179.935	1497.115
248.301	578.313	1576.077	283.687	592.945	1398.993	171.272	533.851	1524.106	282.715	249.156	1582.293	311.664	233.546	1419.190	212.421	273.511	1520.598	370.269	478.554	1552.710	379.922	421.210	1581.328	388.063	368.400	1548.421	295.448	595.221	1273.475	222.761	614.019	1290.518	206.394	622.438	1167.516	270.359	603.518	1152.346	211.341	606.913	989.102	186.824	475.684	967.029	294.953	596.237	865.664	226.964	617.188	862.158	243.747	619.080	752.489	301.445	599.989	760.834	328.762	535.967	545.200	299.658	591.297	569.959	237.799	518.870	561.085	161.256	678.511	481.930	120.224	594.332	470.821	332.530	243.868	1247.971	259.785	218.879	1256.703	250.076	219.597	1133.685	307.183	240.201	1123.437	291.871	251.024	977.820	241.325	369.731	940.632	352.394	262.817	829.535	273.359	263.195	829.167	285.495	270.950	721.446	346.498	273.377	721.353	391.369	349.404	545.937	346.905	294.433	555.304	289.861	378.144	562.176	218.025	251.415	437.027	180.325	321.803	449.180	355.763	433.748	1721.718	283.738	426.893	2046.149	340.970	521.781	1892.728	341.867	345.848	1887.365	106.338	415.200	2268.605	3.358	398.091	2154.238	115.931	315.406	2161.446	93.077	510.534	2170.824	170.621	603.848	2027.901	159.576	693.199	1840.699	239.133	753.884	1926.181	224.877	774.254	1823.855	240.017	806.566	1764.250	329.684	743.408	1758.242	208.096	694.093	1688.764	245.103	812.341	1644.593	227.730	723.236	1594.390	280.473	628.063	1561.661	215.953	686.085	1521.931	204.017	624.197	1529.750	176.109	256.168	2043.796	149.288	183.424	1847.811	206.631	84.110	1912.018	194.563	96.486	1810.828	216.348	43.200	1737.785	316.687	90.711	1755.935	270.327	159.724	1700.084	192.127	77.343	1654.866	253.157	139.126	1600.829	302.570	198.106	1533.616	274.412	131.938	1476.150	248.707	180.372	1496.542
248.568	578.724	1575.797	283.902	593.383	1398.466	171.443	534.352	1523.763	283.168	249.598	1581.694	311.834	233.930	1418.657	212.768	273.969	1520.074	370.464	479.008	1552.310	380.126	421.672	1580.845	388.330	368.850	1547.913	295.619	595.619	1272.990	222.945	614.464	1290.042	206.593	622.806	1167.095	270.515	603.899	1151.838	211.532	607.194	988.582	187.115	475.882	966.580	295.115	596.562	865.186	227.099	617.455	861.653	243.897	619.335	751.950	301.597	600.259	760.327	328.906	536.303	544.490	299.767	591.558	569.399	237.974	519.035	560.608	161.067	678.627	481.740	120.081	594.414	470.749	332.431	244.085	1247.496	259.628	219.193	1256.350	249.772	219.846	1133.340	306.893	240.315	1123.040	291.292	250.978	977.329	240.978	369.722	940.201	351.814	262.541	829.078	272.732	263.009	828.740	284.827	270.716	721.017	345.746	272.820	720.767	390.815	348.958	545.071	346.405	294.013	554.924	289.460	377.799	561.704	217.011	250.692	437.252	179.413	321.135	449.297	356.261	434.100	1721.548	283.735	426.739	2045.683	340.995	521.839	1892.346	343.096	346.198	1887.193	105.903	414.770	2268.177	3.228	397.601	2153.479	116.067	315.087	2160.744	92.720	510.056	2170.290	170.563	603.576	2027.546	159.424	693.312	1840.577	239.112	753.795	1926.089	224.718	774.448	1823.875	239.856	806.740	1764.196	329.517	743.742	1758.147	208.067	694.343	1688.541	245.016	812.647	1644.390	227.832	723.627	1594.188	280.643	628.513	1561.413	216.182	686.555	1521.604	204.259	624.745	1529.445	176.421	255.842	2043.103	149.706	183.247	1847.172	207.270	83.958	1911.097	195.095	96.399	1810.112	216.929	43.229	1736.912	317.247	90.980	1755.217	270.779	159.938	1699.374	192.687	77.478	1654.012	253.590	139.451	1599.987	302.807	198.520	1532.923	274.849	132.458	1475.383	249.118	180.817	1495.933
248.874	579.136	1575.572	283.997	593.846	1398.058	171.639	534.869	1523.323	283.588	250.026	1581.077	312.098	234.334	1418.121	213.138	274.481	1519.501	370.707	479.422	1551.799	380.416	422.197	1580.294	388.613	369.417	1547.272	295.770	596.016	1272.386	223.084	614.881	1289.365	206.678	623.075	1166.267	270.721	604.245	1151.356	211.708	607.463	988.063	187.477	476.099	966.075	295.247	596.878	864.636	227.205	617.731	861.049	244.024	619.588	751.387	301.735	600.550	759.752	329.034	536.638	543.769	299.838	591.732	568.794	238.230	519.242	560.108	160.804	678.683	481.451	119.943	594.402	470.612	332.279	244.250	1246.969	259.320	219.521	1255.873	249.397	220.051	1132.917	306.576	240.377	1122.547	290.721	250.895	976.900	240.642	369.722	939.751	351.192	262.257	828.555	272.112	262.863	828.253	284.441	270.172	720.097	345.103	272.540	720.168	390.321	348.492	544.315	345.889	293.593	554.497	289.072	377.473	561.117	216.068	249.939	437.351	178.573	320.445	449.284	356.289	434.364	1721.057	283.816	426.613	2045.258	341.049	521.906	1891.935	343.401	346.355	1886.669	105.847	414.423	2267.351	3.171	397.059	2152.688	116.143	314.765	2160.181	92.397	509.588	2169.704	170.577	603.349	2027.189	159.295	693.443	1840.413	239.090	753.725	1925.989	224.567	774.622	1823.849	239.591	807.010	1764.120	329.358	744.097	1757.943	208.021	694.606	1688.279	244.903	813.009	1644.254	227.905	723.990	1593.965	280.749	629.004	1561.244	216.404	687.034	1521.333	204.517	625.273	1529.094	176.646	255.544	2042.371	150.081	183.005	1846.369	207.854	83.841	1910.253	195.679	96.326	1809.116	217.592	43.274	1735.940	317.675	90.860	1754.090	271.246	160.082	1698.639	193.189	77.592	1653.010	254.029	139.720	1599.178	303.123	198.946	1532.201	275.293	132.993	1474.574	249.476	181.306	1495.246
249.083	579.523	1575.276	284.259	594.261	1397.475	171.861	535.390	1522.823	283.981	250.469	1580.349	312.314	234.763	1417.420	213.386	274.904	1518.990	370.983	479.891	1551.282	380.696	422.732	1579.814	388.895	369.927	1546.546	295.914	596.420	1271.793	223.171	615.272	1288.750	206.853	623.361	1165.547	270.890	604.570	1150.806	211.889	607.737	987.453	187.859	476.286	965.505	295.391	597.258	863.966	227.325	618.013	860.418	244.146	619.839	750.759	301.877	600.870	759.139	329.107	536.964	542.947	299.993	592.105	568.130	238.514	519.426	559.577	160.521	678.704	481.155	119.817	594.364	470.438	332.113	244.432	1246.409	259.116	219.848	1255.385	249.042	220.271	1132.449	306.196	240.478	1121.966	290.144	250.836	976.336	240.281	369.756	939.192	350.523	261.977	828.041	271.413	262.674	827.680	283.794	269.943	719.579	344.606	272.353	719.513	389.813	348.111	543.441	345.309	293.207	553.839	288.640	377.121	560.482	215.157	249.134	437.501	177.803	319.754	449.208	356.431	434.637	1720.619	283.847	426.465	2044.776	341.122	522.008	1891.425	343.669	346.447	1886.134	105.755	414.125	2266.638	3.091	396.559	2151.895	116.296	314.472	2159.562	92.089	509.155	2168.905	170.597	603.125	2026.774	159.141	693.588	1840.173	239.081	753.637	1925.808	224.447	774.789	1823.728	239.391	807.186	1763.948	328.685	744.684	1757.658	208.020	694.852	1687.927	244.801	813.311	1644.031	227.989	724.368	1593.689	280.927	629.464	1560.796	216.625	687.522	1520.931	204.755	625.775	1528.680	176.980	255.225	2041.493	150.542	182.872	1845.395	208.515	83.700	1909.264	196.255	96.244	1808.120	218.178	43.289	1734.910	318.220	91.066	1753.195	271.664	160.244	1697.749	193.790	77.707	1652.078	254.506	139.841	1598.313	303.543	199.391	1531.498	275.651	133.504	1473.742	249.837	181.772	1494.570
